0	0	0	77.958100	7.217970	-40.984000	-47.331900	-40.005841	0.000000
0	0	1	88.496000	-29.250500	-45.010700	-19.668900	-61.509045	0.000000
0	0	2	73.431700	4.636450	4.016480	-3.015020	20.450921	0.000000
0	0	3	78.412600	11.240000	-11.525700	-49.018700	-22.859500	0.000000
0	0	4	98.905300	2.938930	3.042700	-20.162200	22.996937	0.000000
0	0	5	89.249100	2.500260	-71.499100	-32.765000	-43.998617	0.000000
0	0	6	74.819800	37.189500	-65.244300	-24.062100	-30.158347	0.000000
0	0	7	69.075700	-8.374180	-25.593000	-21.409400	-54.059200	0.000000
0	0	8	88.284900	-12.187500	-23.471400	-10.162300	-58.720274	0.000000
0	0	9	106.243000	-5.884830	14.172900	-24.846700	56.274530	0.000000
0	0	10	108.559000	2.003070	-37.220700	-30.886300	-43.459770	0.000000
0	0	11	71.430900	2.205980	-7.362660	16.619500	-36.660438	0.000000
0	0	12	69.555000	17.022900	-31.304900	7.674440	-30.731824	0.000000
0	0	13	44.048000	46.849600	10.355800	-26.747000	6.232217	0.000000
0	0	14	108.246000	9.328040	6.428310	-12.492200	17.286108	0.000000
0	0	15	108.072000	-26.920300	-4.754930	-11.698300	-84.991584	0.000000
0	0	16	89.761300	-41.651400	-19.709300	-44.224100	-77.338324	0.000000
0	0	17	106.655000	-24.316900	-17.750500	-42.130900	-71.935921	0.000000
0	0	18	78.482000	29.229200	-46.764600	-55.265200	-28.996725	0.000000
0	0	19	92.613400	10.342900	-45.166900	-48.063200	-38.551025	0.000000
0	0	20	122.051000	-36.019100	-6.350580	-7.626790	-85.000431	0.000000
0	0	21	98.272300	-14.834600	-13.790800	-28.445100	-68.544157	0.000000
0	0	22	96.460000	1.039910	-45.579600	-26.555100	-44.346505	0.000000
0	0	23	105.061000	-24.502800	-34.809800	-30.965500	-62.570957	0.000000
0	0	24	117.560000	-24.287000	-61.825000	-19.082200	-55.723309	0.000000
0	0	25	141.106000	34.098300	-2.833250	-27.930000	-2.374916	0.000000
0	0	26	96.038700	-61.615300	-5.420610	-6.186720	-87.486172	0.000000
0	0	27	136.118000	-9.884250	-37.306100	-55.387100	-52.419774	0.000000
0	0	28	94.966800	4.182200	16.520800	-23.164700	37.897075	0.000000
0	0	29	131.457000	-13.972200	10.773900	-36.731500	71.182173	0.000000
0	0	30	82.796900	15.061000	-8.472470	-60.362900	-14.679827	0.000000
0	0	31	120.919000	-10.242100	-6.406660	-34.794800	-73.986555	0.000000
0	0	32	89.492400	1.564860	-4.329030	-23.597700	-35.063032	0.000000
0	0	33	132.887000	-12.542300	-18.807300	-55.568900	-61.849357	0.000000
0	0	34	92.496400	-1.304520	-56.529100	-12.136800	-45.660989	0.000000
0	0	35	121.154000	-48.797200	-45.085200	-67.678600	-68.632114	0.000000
0	0	36	110.618000	35.631600	-50.308300	-52.314300	-27.345700	0.000000
0	0	37	112.247000	-15.103600	-29.020400	-8.341880	-58.747309	0.000000
0	0	38	115.618000	-28.068600	15.551000	-22.871800	75.505996	0.000000
0	0	39	117.875000	7.281970	-35.694300	-40.476700	-39.234678	0.000000
0	0	40	147.354000	-18.822800	-24.626000	7.331790	-63.696183	0.000000
0	0	41	64.446400	-10.605600	-2.643820	22.210500	-83.001152	0.000000
0	0	42	82.417600	17.397700	-39.342100	-26.033200	-33.072113	0.000000
0	0	43	114.796000	25.087500	-40.385000	-18.036000	-29.075552	0.000000
0	0	44	117.077000	-37.303600	5.913670	-15.992200	85.495984	0.000000
0	0	45	104.108000	21.342600	-14.384600	-15.767500	-16.989697	0.000000
0	0	46	74.286800	-13.019100	-9.591860	21.385300	-71.809480	0.000000
0	0	47	98.161400	19.328900	-30.389000	-16.650900	-28.770816	0.000000
0	0	48	124.870000	2.757970	-28.336700	15.239000	-42.220497	0.000000
0	0	49	123.101000	-25.069100	-7.863970	27.706400	-81.291894	0.000000
0	0	50	100.935000	-22.673800	5.408720	19.318400	83.291561	0.000000
0	0	51	107.971000	25.073400	-41.088000	-8.604990	-29.303466	0.000000
0	0	52	68.719100	3.390250	-36.609800	-2.562990	-42.354607	0.000000
0	0	53	85.035700	-7.317410	10.229600	10.749300	62.788398	0.000000
0	0	54	74.910700	18.760500	2.251700	-14.622400	3.422049	0.000000
0	0	55	115.185000	-11.174600	21.965800	-4.543390	58.481839	0.000000
0	0	56	108.940000	-34.739000	12.946000	-17.628400	79.780675	0.000000
0	0	57	110.805000	-23.292200	7.451170	-25.731000	81.130268	0.000000
0	0	58	124.875000	8.091930	16.113300	-8.303000	31.667339	0.000000
0	0	59	128.160000	-20.923900	-45.006400	-14.291800	-57.467081	0.000000
0	0	60	82.519300	-27.946300	-0.479352	-10.345300	-89.508662	0.000000
0	0	61	97.280200	12.494600	-67.512400	-45.875200	-39.757419	0.000000
0	0	62	138.306000	10.980900	-14.954900	-22.313700	-26.855682	0.000000
0	0	63	92.560200	-45.555500	-9.877260	-25.867900	-83.883293	0.000000
0	0	64	172.568000	-0.362474	-40.103700	-30.625800	-45.258925	0.000000
0	0	65	146.965000	3.241910	-12.397500	10.338900	-37.672734	0.000000
0	0	66	147.182000	-24.779200	-49.154600	-10.193000	-58.376507	0.000000
0	0	67	99.057300	26.026300	-22.527000	-17.321000	-20.438873	0.000000
0	0	68	121.310000	1.875140	-22.612500	-20.996600	-42.629799	0.000000
0	0	69	164.416000	-10.300800	-26.974900	-19.820700	-55.450081	0.000000
0	0	70	203.275000	11.347300	-16.776100	-33.010900	-27.962853	0.000000
0	0	71	170.190000	-48.009100	8.649090	-45.557500	84.893706	0.000000
0	0	72	117.224000	-12.187600	-34.204500	4.807180	-54.805891	0.000000
0	0	73	117.005000	-41.551200	-50.782600	6.059320	-64.645312	0.000000
0	0	74	129.449000	-51.664400	-9.109250	-32.697300	-85.000311	0.000000
0	0	75	113.502000	-46.901700	-48.507900	-60.509900	-67.017765	0.000000
0	0	76	132.325000	-2.150420	-32.260600	-32.089400	-46.906784	0.000000
0	0	77	152.332000	-5.700740	-29.220700	-23.562700	-50.519658	0.000000
0	0	78	152.212000	-25.327500	17.319000	-23.326300	72.817797	0.000000
0	0	79	101.374000	-21.838800	19.579700	-44.769300	69.061003	0.000000
0	0	80	158.540000	-20.836900	-77.209200	31.310000	-52.551473	0.000000
0	0	81	128.264000	-24.478600	-52.619200	6.186250	-57.473991	0.000000
0	0	82	168.609000	-41.408200	-24.180900	-35.481000	-74.858304	0.000000
0	0	83	125.545000	-6.112070	-40.945000	-39.255800	-49.245071	0.000000
0	0	84	122.505000	-47.896300	-39.817500	-39.830000	-70.131164	0.000000
0	0	85	123.799000	-26.638000	-66.468300	-12.508500	-55.919530	0.000000
0	0	86	138.571000	-12.575400	-36.516700	-26.224900	-54.501187	0.000000
0	0	87	171.070000	5.075360	-47.168800	-3.200790	-41.929303	0.000000
0	0	88	107.745000	-19.119400	-18.159400	-26.639300	-68.237575	0.000000
0	0	89	164.517000	-49.318200	-51.799800	19.985000	-66.797075	0.000000
0	0	90	116.206000	-16.698000	-13.978700	-5.631270	-70.032838	0.000000
0	0	91	118.624000	5.057720	-5.783530	-4.335620	-24.415088	0.000000
0	0	92	135.919000	-29.528300	-39.696700	-0.965465	-63.321816	0.000000
0	0	93	152.105000	-14.169800	-87.665100	0.870457	-49.590813	0.000000
0	0	94	133.755000	-27.849000	-21.670300	19.208700	-71.056121	0.000000
0	0	95	84.672200	4.542350	7.167330	-20.812500	28.817605	0.000000
0	0	96	102.777000	-21.465300	-54.753300	-41.197100	-55.703500	0.000000
0	0	97	130.784000	-12.433700	-3.240750	-28.889400	-82.695655	0.000000
0	0	98	147.790000	-4.102560	-61.884400	-4.724930	-46.896406	0.000000
0	0	99	143.171000	-6.754600	-5.223550	-14.346900	-71.142031	0.000000
0	0	100	169.137000	-48.418100	-17.187200	4.745840	-80.228213	0.000000
0	0	101	140.516000	6.807820	-60.149300	-28.529800	-41.771314	0.000000
0	0	102	128.474000	19.424100	-41.762900	-32.855400	-32.528332	0.000000
0	0	103	144.818000	-34.226500	-45.009900	8.533790	-63.625071	0.000000
0	0	104	160.637000	-17.274400	-35.579200	-7.568820	-57.948742	0.000000
0	0	105	137.947000	10.279100	-81.349500	2.198310	-41.399214	0.000000
0	0	106	128.563000	-33.436200	-59.231500	-26.242300	-59.722371	0.000000
0	0	107	179.648000	-2.649100	-56.058600	9.399040	-46.352776	0.000000
0	0	108	149.305000	-35.020200	-40.191200	23.858500	-65.533470	0.000000
0	0	109	126.901000	-2.661940	-31.882700	8.779370	-47.386326	0.000000
0	0	110	132.399000	-23.552600	-24.685100	35.343700	-66.827543	0.000000
0	0	111	149.101000	48.641500	-21.874500	-13.299300	-12.106929	0.000000
0	0	112	139.902000	3.677310	-44.104600	17.047300	-42.616936	0.000000
0	0	113	143.790000	-7.153160	-64.021000	22.630000	-48.187650	0.000000
0	0	114	168.650000	30.904600	-5.819310	-4.450800	-5.331941	0.000000
0	0	115	168.214000	-22.962600	-41.302300	23.529800	-59.536246	0.000000
0	0	116	150.173000	-13.220400	-14.851900	-18.627300	-65.836919	0.000000
0	0	117	157.308000	-9.089490	-97.518100	41.588800	-47.662527	0.000000
0	0	118	161.867000	-3.886140	-81.014000	-27.887700	-46.373151	0.000000
0	0	119	147.359000	18.036700	-46.139700	34.886400	-34.324363	0.000000
0	0	120	171.083000	14.858300	-45.439400	17.280900	-35.946346	0.000000
0	0	121	171.452000	-0.978364	-40.438000	-4.439650	-45.692977	0.000000
0	0	122	133.599000	5.687100	-34.276200	-15.329700	-40.289659	0.000000
0	0	123	189.466000	2.125790	-64.734800	2.069230	-44.059586	0.000000
0	0	124	151.166000	-6.042270	-30.129200	1.699840	-50.669986	0.000000
0	0	125	148.528000	12.270900	-9.811960	14.045000	-19.323127	0.000000
0	0	126	149.403000	-32.297100	-60.106300	10.216900	-59.125303	0.000000
0	0	127	172.763000	-5.949130	-48.931100	-3.207630	-48.466050	0.000000
0	0	128	165.395000	0.327446	-42.009600	25.132000	-44.776707	0.000000
0	0	129	170.093000	46.184800	-7.630400	39.319500	-4.690675	0.000000
0	0	130	192.532000	-7.735430	-47.600300	-19.639200	-49.615167	0.000000
0	0	131	165.513000	-4.526710	-23.786600	-20.391200	-50.387418	0.000000
0	0	132	179.399000	-7.456050	-46.461500	30.097400	-49.558490	0.000000
0	0	133	216.308000	20.824600	17.571600	-11.947800	20.078678	0.000000
0	0	134	237.660000	-17.222700	-35.037300	47.737100	-58.088288	0.000000
0	0	135	184.581000	-3.977690	-45.136500	22.702000	-47.518113	0.000000
0	0	136	174.961000	1.505990	-39.141100	30.996000	-43.898289	0.000000
0	0	137	165.974000	19.796700	-42.972900	31.695700	-32.632741	0.000000
0	0	138	189.030000	6.328410	-41.280900	-10.480700	-40.642172	0.000000
0	0	139	204.175000	5.362640	-35.977800	5.492080	-40.761122	0.000000
0	0	140	209.052000	-0.914406	-73.911200	31.258400	-45.354405	0.000000
0	0	141	195.282000	-17.281700	5.389720	18.915100	81.339318	0.000000
0	0	142	165.226000	-18.680900	-40.446100	17.247500	-57.395434	0.000000
0	0	143	188.361000	-2.449700	-39.226200	50.526000	-46.786758	0.000000
0	0	144	206.550000	-13.879000	-21.378500	49.166500	-61.495890	0.000000
0	0	145	180.138000	4.207160	-36.224100	40.284300	-41.687601	0.000000
0	0	146	186.701000	-13.801100	-24.712000	45.755400	-59.591191	0.000000
0	0	147	178.064000	14.668300	-28.920600	4.675660	-31.553118	0.000000
0	0	148	230.795000	-15.322000	-33.233100	58.672100	-57.375946	0.000000
0	0	149	211.697000	-0.624434	-28.384000	6.244960	-45.630138	0.000000
0	0	150	166.534000	17.712500	-42.311400	-22.895700	-33.642361	0.000000
0	0	151	152.532000	4.562500	-34.246500	10.445600	-41.205719	0.000000
0	0	152	176.550000	0.757032	-7.153820	29.942500	-41.979662	0.000000
0	0	153	186.847000	-19.964500	8.359270	22.198200	78.640306	0.000000
0	0	154	189.597000	5.821990	-42.183400	22.490600	-41.070951	0.000000
0	0	155	198.285000	-5.536580	-22.958000	13.117300	-51.779314	0.000000
0	0	156	181.057000	24.975300	-68.312400	15.072900	-34.958688	0.000000
0	0	157	215.805000	40.901300	-12.521200	22.644500	-8.510515	0.000000
0	0	158	216.419000	-1.377150	-28.981400	28.709600	-46.360279	0.000000
0	0	159	202.942000	-17.040700	4.506240	21.341100	82.593883	0.000000
0	0	160	159.482000	11.273800	-48.998000	18.402600	-38.521252	0.000000
0	0	161	191.633000	-27.190500	-23.600200	20.921200	-69.521703	0.000000
0	0	162	180.665000	-40.700200	-26.814900	48.484000	-73.310765	0.000000
0	0	163	199.590000	-3.718110	-26.746900	24.629200	-48.957010	0.000000
0	0	164	169.700000	-18.864800	-19.922000	36.489100	-66.719346	0.000000
0	0	165	186.682000	-4.860310	-42.021200	11.181000	-48.298850	0.000000
0	0	166	184.216000	7.070810	-32.914600	63.224200	-38.937909	0.000000
0	0	167	162.426000	-12.664100	-23.907700	25.709500	-58.955263	0.000000
0	0	168	205.858000	-11.978900	-3.215990	44.242500	-82.486048	0.000000
0	0	169	229.001000	-49.190500	-25.173800	6.660050	-76.449193	0.000000
0	0	170	203.176000	-30.360300	-25.955400	34.502500	-69.736227	0.000000
0	0	171	205.794000	-23.805200	-32.880100	-4.446530	-62.952274	0.000000
0	0	172	197.932000	-11.823500	-25.528700	36.845800	-57.425498	0.000000
0	0	173	231.445000	-39.249200	-38.224500	44.515100	-67.878887	0.000000
0	0	174	212.464000	-15.886500	-57.999600	48.330000	-52.659008	0.000000
0	0	175	227.526000	-40.307400	-46.647700	23.986800	-65.414839	0.000000
0	0	176	191.670000	47.655900	-29.747800	20.502000	-15.986632	0.000000
0	0	177	235.502000	-0.761238	-54.990300	24.675600	-45.396551	0.000000
0	0	178	181.369000	-9.571480	-37.284700	13.225000	-52.198844	0.000000
0	0	179	242.018000	16.625300	-52.764000	11.341900	-36.255495	0.000000
0	0	180	190.416000	-6.968640	-47.377400	51.488300	-49.183757	0.000000
0	0	181	215.669000	6.328070	-33.882500	5.235910	-39.710512	0.000000
0	0	182	226.723000	12.778900	-8.766790	29.487800	-17.225769	0.000000
0	0	183	203.639000	-1.567390	-24.034600	22.819800	-46.865599	0.000000
0	0	184	224.176000	-15.638300	-28.896400	35.908700	-59.210795	0.000000
0	0	185	213.372000	-2.909270	-45.081500	49.779600	-46.846190	0.000000
0	0	186	212.635000	-19.557000	-47.193100	-2.485380	-56.254651	0.000000
0	0	187	194.306000	-3.390890	-28.128600	-29.395000	-48.436906	0.000000
0	0	188	193.465000	-48.397000	-42.905300	9.886650	-69.221055	0.000000
0	0	189	181.961000	-26.112200	-62.146100	20.883300	-56.395450	0.000000
0	0	190	215.211000	2.415230	-41.095800	-7.171010	-43.318277	0.000000
0	0	191	176.186000	3.622830	-9.473480	10.349200	-34.536121	0.000000
0	0	192	192.695000	-5.105680	-62.154500	3.080710	-47.348008	0.000000
0	0	193	199.284000	10.312600	-80.933900	5.474280	-41.369250	0.000000
0	0	194	183.051000	-4.323200	-69.735000	-12.106700	-46.773747	0.000000
0	0	195	173.655000	-21.479100	-49.406700	15.737300	-56.748271	0.000000
0	0	196	240.438000	3.321140	-47.912900	-10.865200	-43.017408	0.000000
0	0	197	192.632000	-8.553590	-63.583800	43.042700	-48.830850	0.000000
0	0	198	226.723000	32.079300	-54.753900	3.313800	-29.817375	0.000000
0	0	199	186.584000	35.026700	-69.990500	-11.039600	-31.707178	0.000000
0	0	200	220.909000	-36.368200	-42.934600	23.619700	-65.133307	0.000000
0	0	201	183.980000	-2.914850	-54.564100	0.096370	-46.528936	0.000000
0	0	202	257.734000	5.530040	-39.656800	21.904000	-41.030721	0.000000
0	0	203	186.060000	40.624000	-23.582500	-14.163700	-15.067724	0.000000
0	0	204	220.769000	53.566800	-69.314900	0.705008	-26.151512	0.000000
0	0	205	209.525000	-30.579200	-18.421800	14.231600	-74.467008	0.000000
0	0	206	242.064000	14.062300	-40.282700	-32.711800	-35.378200	0.000000
0	0	207	249.247000	51.104700	-40.371200	36.813600	-19.153846	0.000000
0	0	208	242.026000	-5.667800	-56.218300	16.750700	-47.878488	0.000000
0	0	209	263.041000	1.554200	-22.269500	14.178200	-43.003885	0.000000
0	0	210	236.251000	3.342510	-24.444700	34.403300	-41.106899	0.000000
0	0	211	227.974000	-12.798000	-67.927700	-18.505100	-50.334903	0.000000
0	0	212	240.029000	12.866200	-37.105600	28.756200	-35.438121	0.000000
0	0	213	256.580000	5.763030	-12.574400	8.170290	-32.688663	0.000000
0	0	214	229.979000	-7.045150	-55.670200	28.110300	-48.606265	0.000000
0	0	215	241.453000	18.309500	-47.567100	23.519500	-34.473658	0.000000
0	0	216	223.931000	-14.042700	-50.535800	7.022610	-52.764675	0.000000
0	0	217	238.149000	19.889100	-15.861100	26.004900	-19.285778	0.000000
0	0	218	254.829000	19.074200	-48.114500	39.073500	-34.187483	0.000000
0	0	219	253.619000	26.654400	-53.474400	-4.186310	-31.752983	0.000000
0	0	220	238.492000	13.306300	-29.156800	4.392190	-32.734724	0.000000
0	0	221	217.626000	-2.914620	-66.456600	42.094400	-46.255620	0.000000
0	0	222	254.689000	37.207900	-42.757700	40.510400	-24.485048	0.000000
0	0	223	290.562000	-24.220300	-19.662100	6.073230	-70.465111	0.000000
0	0	224	252.318000	18.171700	0.278586	-1.803950	0.439160	0.000000
0	0	225	220.351000	0.458587	-10.620400	42.248400	-43.763757	0.000000
0	0	226	264.646000	-3.347710	-24.398100	30.745900	-48.906438	0.000000
0	0	227	252.539000	-1.751200	-14.966400	24.329900	-48.336881	0.000000
0	0	228	274.540000	-11.989000	-56.386200	30.526000	-51.001820	0.000000
0	0	229	296.188000	-11.101300	-22.077800	26.086600	-58.347228	0.000000
0	0	230	273.238000	-59.098300	-17.251100	52.829600	-81.863601	0.000000
0	0	231	270.969000	-15.624700	-20.304600	52.425600	-63.789416	0.000000
0	0	232	279.690000	-19.087800	-50.101000	48.975600	-55.428080	0.000000
0	0	233	274.000000	-26.739200	-20.425800	38.932300	-71.312081	0.000000
0	0	234	264.079000	9.165160	-21.705300	8.852340	-33.553940	0.000000
0	0	235	275.284000	-7.991320	-5.093780	60.514400	-73.742995	0.000000
0	0	236	277.865000	13.399800	-3.815290	28.486300	-7.946552	0.000000
0	0	237	292.959000	23.568800	-20.787500	0.260647	-20.706023	0.000000
0	0	238	305.880000	-0.266088	-43.585700	42.693000	-45.174891	0.000000
0	0	239	289.919000	-38.527800	-39.858500	68.488100	-67.013715	0.000000
0	0	240	280.657000	-5.993980	-49.696100	35.091500	-48.438688	0.000000
0	0	241	267.310000	-15.732400	-18.886500	52.518700	-64.897100	0.000000
0	0	242	310.857000	-0.388287	-24.887500	24.971900	-45.446919	0.000000
0	0	243	263.893000	7.190910	-4.093600	41.253100	-14.825873	0.000000
0	0	244	320.434000	-24.549700	-30.669700	34.464400	-64.337842	0.000000
0	0	245	307.262000	-51.027900	-60.223900	55.943000	-65.137356	0.000000
0	0	246	337.026000	-22.114900	-42.619600	38.981900	-58.712182	0.000000
0	0	247	334.585000	-29.632400	-29.904800	28.383900	-67.368928	0.000000
0	0	248	328.266000	14.909000	-32.505200	65.127700	-32.680365	0.000000
0	0	249	316.629000	8.988520	-31.754500	62.473100	-37.097576	0.000000
0	0	250	301.938000	-38.682500	-31.349100	25.152000	-70.488987	0.000000
0	0	251	287.022000	-24.953300	-35.083900	41.742400	-62.711103	0.000000
0	0	252	326.048000	-7.041410	-65.123400	50.951800	-48.085541	0.000000
0	0	253	335.101000	-39.441300	-16.097300	84.162300	-78.899002	0.000000
0	0	254	268.517000	-41.131300	-55.071400	68.292300	-63.377516	0.000000
0	0	255	322.644000	-63.216800	-87.705100	19.050600	-62.891809	5.290980
0	0	256	302.249000	-72.760700	-0.425930	36.714900	-89.832302	0.000000
0	0	257	301.367000	-55.429700	-17.114600	90.568500	-81.420643	0.000000
0	0	258	305.997000	-11.827400	-86.097000	33.979200	-48.910966	0.000000
0	0	259	339.278000	-37.347400	-58.911400	45.440900	-61.186507	0.000000
0	0	260	286.836000	15.493100	-24.965500	24.505100	-29.088536	0.000000
0	0	261	307.222000	-3.986770	-64.005300	80.563500	-46.782121	0.000000
0	0	262	337.232000	26.644100	-20.454300	44.799000	-18.756471	0.000000
0	0	263	329.502000	-53.483400	-105.101000	24.795300	-58.485231	4.866870
0	0	264	346.545000	-6.550040	-45.300900	32.995400	-49.113679	0.000000
0	0	265	375.915000	-29.178000	-91.640100	58.409800	-53.830679	0.000000
0	0	266	356.660000	-19.687900	-60.083400	42.819800	-54.071369	0.000000
0	0	267	378.330000	-71.216400	-130.998000	79.566300	-59.265245	3.847090
0	0	268	375.719000	-68.217400	-90.451000	34.284200	-63.511649	5.046600
0	0	269	405.322000	-98.516400	-76.809700	25.968100	-71.028868	4.547600
0	0	270	437.422000	-88.953700	-88.314800	47.203500	-67.603250	4.545380
0	0	271	418.673000	-102.137000	-33.678200	40.626600	-80.875387	5.245450
0	0	272	401.520000	-123.630000	-58.052700	41.017400	-77.423375	4.138930
0	0	273	401.885000	-96.173300	-42.676200	56.829600	-78.035547	5.370540
0	0	274	385.491000	-88.822000	-33.558400	78.538600	-79.651309	0.000000
0	0	275	396.024000	-83.714600	-55.789300	38.432400	-73.159808	0.000000
0	0	276	398.024000	-95.475000	-27.661300	79.143600	-81.921242	0.000000
0	0	277	427.543000	-73.276000	-76.141200	19.042800	-66.950720	5.394710
0	0	278	424.210000	-116.996000	-104.516000	55.582200	-69.112319	3.627070
0	0	279	433.062000	-97.326100	-69.392000	43.835600	-72.255860	4.747820
0	0	280	394.736000	-39.979400	-105.374000	67.923200	-55.388493	5.102300
0	0	281	416.518000	-84.351200	-46.183800	3.309740	-75.649251	0.000000
0	0	282	408.306000	-89.850200	-69.429700	63.234100	-71.152880	5.002490
0	0	283	386.642000	-65.819800	-80.053800	27.530600	-64.713429	0.000000
0	0	284	359.714000	-63.508800	-83.925800	49.250800	-63.557862	5.432140
0	0	285	375.679000	-77.885800	-62.347300	94.910200	-70.661427	0.000000
0	0	286	387.957000	-11.506800	-41.965800	72.650200	-52.666673	0.000000
0	0	287	366.891000	-13.727100	-66.526900	71.791200	-50.829368	0.000000
0	0	288	367.328000	-22.173600	-60.235400	88.762800	-55.104728	0.000000
0	0	289	400.365000	13.366300	-63.519100	49.700000	-39.058324	0.000000
0	0	290	361.581000	-20.316700	-112.327000	57.989800	-50.126153	5.049150
0	0	291	369.156000	36.680900	-41.105400	70.642200	-24.127744	0.000000
0	0	292	330.189000	27.571900	-37.527500	92.467600	-26.847417	0.000000
0	0	293	346.269000	-0.946904	-68.033100	63.097900	-45.398704	0.000000
0	0	294	331.635000	51.822600	-34.071500	111.775000	-16.661742	0.000000
0	0	295	351.268000	-3.614560	-91.645900	55.308200	-46.129302	0.000000
0	0	296	325.230000	-40.725600	-29.950600	94.232400	-71.834165	0.000000
0	0	297	343.930000	-26.133800	-64.446100	95.040600	-56.036623	0.000000
0	0	298	340.499000	20.883100	-71.229700	88.922000	-36.829968	0.000000
0	0	299	329.443000	-27.655600	-60.940800	85.081500	-57.204533	0.000000
0	0	300	355.735000	-24.992100	-48.964800	92.903000	-58.520100	0.000000
0	0	301	339.020000	-37.988600	-42.314200	154.623000	-65.958339	0.000000
0	0	302	337.427000	-57.831400	-19.343800	117.440000	-80.752814	0.000000
0	0	303	345.295000	-44.788900	-20.077800	160.126000	-77.927220	0.000000
0	0	304	375.634000	-37.102200	-40.675600	137.556000	-66.184735	0.000000
0	0	305	395.838000	-68.347000	-25.628600	179.938000	-79.722538	0.000000
0	0	306	402.287000	-32.469700	-24.118900	174.949000	-71.697286	0.000000
0	0	307	405.378000	-38.438500	48.709200	171.100000	64.139236	0.000000
0	0	308	395.854000	-61.042500	8.775130	160.606000	85.909761	0.000000
0	0	309	435.148000	-68.790500	25.446400	167.991000	79.849992	0.000000
0	0	310	357.099000	-37.031600	19.563600	134.683000	76.076371	0.000000
0	0	311	362.918000	-68.546400	43.714500	173.908000	73.736440	0.000000
0	0	312	331.319000	-57.046200	64.586700	134.346000	65.726275	0.000000
0	0	313	378.858000	-11.443300	87.438500	148.938000	48.728035	0.000000
0	0	314	362.752000	3.326900	69.155800	172.442000	43.622889	0.000000
0	0	315	365.453000	-41.605300	85.035700	142.340000	58.035526	0.000000
0	0	316	352.356000	-66.059400	120.802000	140.603000	59.335808	4.165980
0	0	317	370.091000	9.898840	143.698000	129.103000	43.029662	4.004010
0	0	318	335.035000	-24.075900	127.113000	117.581000	50.362544	4.454690
0	0	319	346.004000	-2.173160	82.781300	131.184000	45.751887	0.000000
0	0	320	354.716000	18.654900	96.802000	113.360000	39.546070	0.000000
0	0	321	365.854000	6.925490	106.094000	120.747000	43.132603	5.424560
0	0	322	268.359000	22.730600	112.065000	107.601000	39.267009	5.039440
0	0	323	289.014000	-29.222800	125.454000	64.944600	51.556225	4.472250
0	0	324	308.026000	-11.739500	95.140400	122.169000	48.517123	0.000000
0	0	325	317.636000	14.020900	105.572000	60.336400	41.217441	5.413710
0	0	326	298.011000	-1.263250	148.254000	71.887100	45.244098	3.890450
0	0	327	313.063000	-22.439600	134.157000	74.757200	49.747802	4.237730
0	0	328	303.908000	-30.761900	150.192000	42.169400	50.787536	3.758630
0	0	329	287.909000	-43.869300	136.020000	41.951400	53.937799	4.026640
0	0	330	293.608000	-9.056060	125.622000	32.346900	47.061653	4.579070
0	0	331	304.587000	-40.974500	143.160000	47.210300	52.985951	3.866440
0	0	332	267.987000	-36.419800	111.980000	49.667700	54.008166	4.887030
0	0	333	267.523000	-49.027900	111.824000	49.258400	56.837238	4.705610
0	0	334	290.587000	-34.955100	116.777000	90.283600	53.332064	4.722460
0	0	335	267.708000	-42.458100	90.334000	-1.750520	57.587053	0.000000
0	0	336	233.377000	-57.393200	116.628000	31.384300	58.101010	4.416520
0	0	337	270.003000	-68.851600	100.981000	14.719700	62.143616	4.683120
0	0	338	304.700000	-102.471000	138.315000	25.050200	63.266493	3.322070
0	0	339	331.252000	-27.538600	85.140800	-8.640650	53.961842	0.000000
0	0	340	248.220000	-91.287900	104.281000	-41.878100	65.599500	4.118090
0	0	341	279.449000	-64.153100	39.305800	-8.006800	74.252360	0.000000
0	0	342	249.982000	-55.363100	54.131900	14.655400	67.822113	0.000000
0	0	343	253.682000	-33.925700	73.912200	-19.592500	57.327562	0.000000
0	0	344	244.481000	-69.104900	56.561800	-20.996700	70.349976	0.000000
0	0	345	279.961000	-69.951800	79.795500	-2.323560	65.619525	5.378340
0	0	346	243.971000	-70.338300	17.626200	-55.413100	82.965924	0.000000
0	0	347	290.189000	-80.797400	30.292400	-48.365900	79.724037	0.000000
0	0	348	254.939000	-98.272500	47.280100	-28.722900	77.153612	5.184590
0	0	349	224.069000	-67.892200	43.125200	-14.481300	73.788121	0.000000
0	0	350	251.203000	-79.293200	-8.221540	-59.474300	-87.040211	0.000000
0	0	351	243.124000	-52.150700	14.288800	-21.240000	82.338766	0.000000
0	0	352	231.364000	-57.481500	36.824700	-50.500800	73.677463	0.000000
0	0	353	267.530000	-84.431800	6.958690	-42.663300	87.644226	0.000000
0	0	354	250.975000	-33.715800	28.620500	-72.982900	69.836452	0.000000
0	0	355	234.188000	-32.878000	-23.058200	-50.931400	-72.478509	0.000000
0	0	356	244.999000	-66.356700	-20.737600	-77.235500	-81.322543	0.000000
0	0	357	279.618000	-75.722200	-34.122900	-71.875200	-77.871058	0.000000
0	0	358	245.772000	-51.843100	-39.473600	-79.436800	-71.357085	0.000000
0	0	359	251.527000	-34.963700	-17.263300	-103.188000	-76.861089	0.000000
0	0	360	292.466000	-22.386800	-4.280920	-81.787800	-84.587148	0.000000
0	0	361	249.549000	-15.113300	-0.538255	-93.358200	-88.980146	0.000000
0	0	362	283.062000	-20.801600	-50.032500	-106.620000	-56.287836	0.000000
0	0	363	279.038000	-27.066500	-32.489700	-139.531000	-64.898492	0.000000
0	0	364	222.823000	-24.920000	-27.645700	-102.155000	-66.015844	0.000000
0	0	365	296.861000	7.619910	-28.729300	-121.881000	-37.572695	0.000000
0	0	366	235.175000	-15.262700	-37.240100	-87.075600	-56.143034	0.000000
0	0	367	284.333000	8.566940	-18.527200	-118.981000	-32.592137	0.000000
0	0	368	271.747000	8.380810	1.697630	-133.438000	5.725492	0.000000
0	0	369	264.842000	24.837000	-47.179200	-100.773000	-31.117952	0.000000
0	0	370	268.903000	50.730500	1.515910	-97.332400	0.855791	0.000000
0	0	371	261.802000	4.963320	-34.113700	-94.374700	-40.860962	0.000000
0	0	372	247.156000	13.736200	-67.442600	-105.077000	-39.243944	0.000000
0	0	373	251.820000	57.852400	-35.219300	-74.274000	-15.666079	0.000000
0	0	374	231.708000	16.389000	-9.566810	-72.798000	-15.136773	0.000000
0	0	375	293.983000	23.395000	-21.379600	-90.442000	-21.211367	0.000000
0	0	376	274.257000	34.445400	0.565570	-79.638600	0.470337	0.000000
0	0	377	267.008000	26.898000	-14.492700	-45.634500	-14.157941	0.000000
0	0	378	273.404000	54.696700	-30.175800	-49.401500	-14.442612	0.000000
0	0	379	208.300000	33.905800	-11.304600	-71.205100	-9.219502	0.000000
0	0	380	227.034000	23.305300	11.033600	-78.161000	12.667312	0.000000
0	0	381	217.193000	17.909800	-15.122100	-65.202000	-20.088000	0.000000
0	0	382	232.508000	7.906350	-40.756900	-29.869400	-39.510830	0.000000
0	0	383	216.762000	17.563200	-42.706100	-76.529500	-33.822361	0.000000
0	0	384	220.608000	21.894900	5.937980	-65.004900	7.586921	0.000000
0	0	385	227.539000	7.482960	49.010500	-54.987700	40.659539	0.000000
0	0	386	209.188000	-16.284100	13.467800	-78.017000	70.203739	0.000000
0	0	387	199.010000	22.049400	-2.639350	-45.275200	-3.412961	0.000000
0	0	388	201.917000	4.441850	-2.028410	-42.360600	-12.272114	0.000000
0	0	389	165.579000	-17.114300	-28.614500	-42.303100	-60.441798	0.000000
0	0	390	212.471000	16.652300	5.937460	-64.754100	9.811972	0.000000
0	0	391	205.825000	-2.969060	9.434340	-81.042900	53.734597	0.000000
0	0	392	166.386000	12.186300	1.536210	-96.769700	3.592415	0.000000
0	0	393	199.362000	-0.226064	-21.060200	-47.171400	-45.307500	0.000000
0	0	394	175.301000	-12.542900	-2.280570	-74.344500	-84.847482	0.000000
0	0	395	174.942000	33.305300	19.257600	-45.995600	15.018557	0.000000
0	0	396	203.619000	33.475000	14.307400	-36.584500	11.571066	0.000000
0	0	397	180.712000	21.889700	56.027800	-31.732600	34.329867	0.000000
0	0	398	195.240000	-8.965220	-24.168900	-98.170400	-55.175925	0.000000
0	0	399	141.013000	34.209700	14.564700	-72.981100	11.530883	0.000000
0	0	400	156.068000	-21.904200	1.223500	-49.223400	88.401480	0.000000
0	0	401	184.421000	-17.684900	-1.766240	-47.722700	-87.148312	0.000000
0	0	402	165.120000	-12.274900	29.045900	-73.914100	56.454546	0.000000
0	0	403	181.835000	-6.799470	-6.493090	-42.828800	-68.160188	0.000000
0	0	404	200.155000	-3.390720	-17.827000	-70.131100	-50.384551	0.000000
0	0	405	170.181000	-9.580070	0.598808	-41.264200	88.211673	0.000000
0	0	406	139.535000	-22.091300	-9.128570	-24.240400	-78.774300	0.000000
0	0	407	177.748000	-30.523100	15.188300	-34.404700	76.772527	0.000000
0	0	408	150.178000	-9.062490	-18.886900	-56.428300	-57.816531	0.000000
0	0	409	140.139000	-0.143014	-19.905800	-20.371100	-45.205818	0.000000
0	0	410	163.585000	-11.659600	12.273700	-77.329800	66.765090	0.000000
0	0	411	135.160000	-26.472700	-17.540700	-9.696580	-73.235856	0.000000
0	0	412	138.535000	13.611800	-33.724900	-18.638000	-34.010184	0.000000
0	0	413	128.286000	-35.021500	27.047400	-73.060500	71.160394	0.000000
0	0	414	132.502000	-28.564800	-24.370000	-1.464910	-69.765458	0.000000
0	0	415	110.816000	-14.986100	-27.361600	-37.001100	-59.354882	0.000000
0	0	416	110.710000	-46.892800	-20.583500	-62.835700	-78.150512	0.000000
0	0	417	107.291000	-48.162700	-28.146200	-28.035700	-74.849029	0.000000
0	0	418	102.560000	-21.184200	-13.488100	-36.544000	-73.757431	0.000000
0	0	419	101.926000	-12.777900	7.855650	-20.387600	74.208730	0.000000
0	0	420	95.812100	-2.803220	5.525180	-41.628800	58.450562	0.000000
0	0	421	86.948500	-10.072300	-1.263640	-47.267200	-86.424603	0.000000
0	0	422	97.489000	-18.121300	-40.605700	-21.394900	-57.025001	0.000000
0	0	423	127.361000	-22.338200	-25.652300	-0.475714	-65.524787	0.000000
0	0	424	119.919000	15.555400	-18.961100	4.961830	-25.317532	0.000000
0	0	425	104.949000	-11.456000	19.767700	0.887201	60.046816	0.000000
0	0	426	97.280400	-10.126100	21.917700	6.825330	57.398601	0.000000
0	0	427	63.911800	2.873190	-23.212600	-17.724200	-41.471989	0.000000
0	0	428	74.665000	-2.208800	-2.649710	-23.981600	-64.907305	0.000000
0	0	429	76.844900	-2.270740	-29.641700	-29.126800	-47.190330	0.000000
0	0	430	66.060500	13.564900	-67.922600	-27.550300	-39.352991	0.000000
0	0	431	87.132800	-57.515300	-40.582500	-15.166200	-72.396701	0.000000
0	0	432	56.009400	-37.302300	-15.545500	38.650000	-78.688186	0.000000
0	0	433	90.448600	17.779400	-56.686000	-15.283500	-36.293059	0.000000
0	0	434	108.000000	-11.686400	-20.383900	-3.443670	-59.913152	0.000000
0	0	435	45.458000	-17.328000	-33.048800	10.501100	-58.834361	0.000000
0	0	436	22.886000	-28.764500	-32.584000	-34.519600	-65.718708	0.000000
0	0	437	59.564700	-0.747740	-10.116100	-33.403600	-47.113689	0.000000
0	0	438	19.561400	-18.773700	-22.013500	1.585010	-65.229215	0.000000
0	0	439	69.532600	8.435700	-3.112610	7.842210	-10.126542	0.000000
0	0	440	72.275300	21.859100	-25.160500	-12.184800	-24.508166	0.000000
0	0	441	83.665400	23.724200	-42.638800	10.332300	-30.454233	0.000000
0	0	442	89.247800	-2.329540	-10.582100	-7.544960	-51.207526	0.000000
0	0	443	43.214100	13.215400	-33.225100	3.415080	-34.154819	0.000000
0	0	444	107.358000	-16.245800	-46.264500	3.216870	-54.674374	0.000000
0	0	445	69.267900	-19.048200	10.193200	-31.435100	75.923788	0.000000
0	0	446	61.842900	9.185010	-30.725900	-30.607700	-36.678409	0.000000
0	0	447	62.045700	2.192080	-5.126300	-18.151500	-33.423874	0.000000
0	0	448	62.424300	-26.616700	-14.059800	-7.000570	-76.077770	0.000000
0	0	449	39.044300	5.848400	-28.770200	-46.598900	-39.254746	0.000000
0	0	450	80.874200	31.879500	-10.510000	-36.746600	-9.123150	0.000000
0	0	451	77.171700	-23.721500	-28.955100	12.028600	-64.663045	0.000000
0	0	452	50.024800	-6.456860	-45.892000	2.348650	-49.004383	0.000000
0	0	453	67.529100	1.615630	-17.691000	32.820300	-42.390970	0.000000
0	0	454	72.413900	-2.579220	-2.791800	20.186500	-66.366735	0.000000
0	0	455	60.755500	19.186200	-4.699130	-0.404564	-6.881053	0.000000
0	0	456	51.126300	-2.722020	-10.301700	-6.811690	-52.400503	0.000000
0	0	457	60.922700	14.035100	-18.682400	-42.727500	-26.542199	0.000000
0	0	458	39.911000	-22.879600	-37.380800	8.442020	-60.734738	0.000000
0	0	459	46.318700	21.875100	21.388000	2.149520	22.177467	0.000000
0	0	460	41.571000	22.574500	-14.067200	14.386600	-15.964457	0.000000
0	0	461	70.203800	-1.108350	-34.047800	-3.727130	-45.932239	0.000000
0	0	462	64.229700	-39.424000	-4.054350	-27.444500	-87.064182	0.000000
0	0	463	52.889600	-17.843900	18.235800	-2.663530	67.188837	0.000000
0	0	464	46.784200	37.136500	-0.063684	-4.584210	-0.049127	0.000000
0	0	465	44.709400	0.495044	-8.047800	16.593000	-43.240001	0.000000
0	0	466	81.308900	-16.872500	31.994600	10.054000	58.902565	0.000000
0	0	467	59.631700	-10.375200	20.021900	-11.660700	58.696428	0.000000
0	0	468	16.744700	15.539200	-9.241070	-6.663320	-15.369849	0.000000
0	0	469	16.574600	2.401520	20.735900	-6.507240	41.696872	0.000000
0	0	470	7.181670	2.132680	6.293780	-27.906600	35.640392	0.000000
0	0	471	32.903600	9.626270	0.022039	-5.439540	0.065588	0.000000
0	0	472	13.223600	-19.245200	-9.014330	-8.146160	-77.450953	0.000000
0	0	473	49.746200	-17.137000	-14.999600	5.398210	-69.402564	0.000000
0	0	474	57.859700	-10.876800	14.819200	-10.013100	63.138715	0.000000
0	0	475	34.620100	29.617100	-32.510900	39.838700	-23.833399	0.000000
0	0	476	60.701500	3.702190	-9.672650	1.187440	-34.527870	0.000000
0	0	477	68.395900	16.898900	-1.357300	10.739000	-2.296036	0.000000
0	0	478	30.823800	10.897700	-40.292200	9.831310	-37.432751	0.000000
0	0	479	58.936200	19.621600	-4.977780	6.456970	-7.117495	0.000000
0	0	480	99.291700	21.141800	4.651340	-6.749770	6.203895	0.000000
0	0	481	46.015900	44.545300	24.950000	-14.865000	14.626681	0.000000
0	0	482	-18.639700	-2.297710	-5.214120	-42.389000	-56.890841	0.000000
0	0	483	1.908230	-14.277100	21.467200	20.261700	61.813260	0.000000
0	0	484	45.850500	12.932600	-28.422500	7.110880	-32.766930	0.000000
0	0	485	11.496200	-1.275520	-2.769640	-4.300170	-57.363895	0.000000
0	0	486	46.050400	-19.486600	-9.182370	41.805700	-77.384752	0.000000
0	0	487	15.428200	10.996500	-31.450900	7.706300	-35.364160	0.000000
0	0	488	6.547120	18.380800	21.581700	12.396400	24.789739	0.000000
0	0	489	50.046700	-31.227300	-52.574900	8.376640	-60.354274	0.000000
0	0	490	57.780000	-18.351600	7.659660	11.464800	78.672567	0.000000
0	0	491	48.700600	-1.475690	4.316160	6.432840	54.437749	0.000000
0	0	492	3.717410	-30.279600	-10.052200	-34.763400	-80.817451	0.000000
0	0	493	31.989300	1.802460	-30.897800	-8.631100	-43.330683	0.000000
0	0	494	32.287600	30.602000	-11.833400	-1.147110	-10.570423	0.000000
0	0	495	16.002500	19.157400	-19.841600	20.270000	-23.002548	0.000000
0	0	496	11.260700	4.483200	-42.098300	22.020200	-41.960638	0.000000
0	0	497	27.096000	5.994470	-28.246400	26.823700	-39.009207	0.000000
0	0	498	53.760000	30.674100	-4.923220	15.433100	-4.559128	0.000000
0	0	499	27.011200	29.777700	-42.134700	-3.588720	-27.375073	0.000000
0	0	500	23.135800	-27.815300	-24.539700	10.871900	-69.290027	0.000000
0	0	501	39.552600	-10.997500	38.151400	-21.557300	53.040062	0.000000
0	0	502	39.514600	-2.457220	-32.796700	17.285600	-47.142377	0.000000
0	0	503	13.034600	0.830765	-13.606600	14.350700	-43.253042	0.000000
0	0	504	35.628300	-12.359900	-2.169870	-6.068420	-85.021389	0.000000
0	0	505	20.632600	-9.453760	-14.212900	-29.189200	-61.815002	0.000000
0	0	506	18.527600	12.284000	-22.041900	47.246100	-30.434489	0.000000
0	0	507	13.796400	4.696770	34.512800	-4.727760	41.125176	0.000000
0	0	508	24.612400	9.474240	33.053600	-3.404800	37.002985	0.000000
0	0	509	27.790000	-13.084700	13.316600	-3.300690	67.248373	0.000000
0	0	510	4.331980	-15.321200	12.812200	30.506900	70.048142	0.000000
0	0	511	27.759300	2.607690	9.778430	-3.732780	37.533994	0.000000
0	0	512	36.632600	-25.106400	16.251000	3.831110	73.542809	0.000000
0	0	513	36.166700	21.860200	-7.843450	11.744600	-9.869005	0.000000
0	0	514	50.685400	-24.090100	-30.888700	-9.107590	-63.975336	0.000000
0	0	515	18.204000	36.614700	-7.128610	-2.027210	-5.508619	0.000000
0	0	516	29.992200	-13.589300	-16.106800	19.027000	-65.077156	0.000000
0	0	517	20.275500	-5.561300	-32.455600	-13.429300	-49.861631	0.000000
0	0	518	48.315100	14.044400	-19.448700	-4.792180	-27.082997	0.000000
0	0	519	43.658700	3.627480	0.124851	-7.541030	0.985617	0.000000
0	0	520	10.765100	-21.138500	-13.581700	-4.825730	-73.639423	0.000000
0	0	521	51.990800	2.101990	32.656800	-9.866290	43.158588	0.000000
0	0	522	22.326700	18.246600	0.818412	-11.095700	1.284079	0.000000
0	0	523	15.189000	-9.520000	-0.791400	5.541730	-87.623957	0.000000
0	0	524	9.067130	12.264900	-6.316770	7.548830	-13.624873	0.000000
0	0	525	64.486100	-6.549610	-2.632200	23.666700	-79.052735	0.000000
0	0	526	41.232700	-19.012000	-1.138570	4.549730	-88.286413	0.000000
0	0	527	20.178100	-63.937600	-15.872200	-10.479600	-83.029213	0.000000
0	0	528	29.560200	17.623800	-32.533000	29.454200	-30.777339	0.000000
0	0	529	48.907700	19.060000	-11.108400	-2.475590	-15.117076	0.000000
0	0	530	76.452000	-18.245900	22.741800	-9.980970	64.370154	0.000000
0	0	531	1.342130	-8.557920	-17.408400	13.389200	-58.089300	0.000000
0	0	532	17.829800	39.281700	-3.197050	-9.506600	-2.326460	0.000000
0	0	533	20.531500	6.737160	-33.325400	15.162700	-39.285479	0.000000
0	0	534	14.812700	32.308900	-3.781690	5.399580	-3.337988	0.000000
0	0	535	23.456000	-1.773280	8.823280	13.052200	50.681885	0.000000
0	0	536	41.002200	7.789860	30.649800	-3.410350	37.869905	0.000000
0	0	537	9.033270	27.752700	-31.194400	12.424900	-24.170746	0.000000
0	0	538	52.528200	4.083910	-19.587100	75.472600	-39.111280	0.000000
0	0	539	24.625100	28.572200	16.751900	-22.536200	15.191562	0.000000
0	0	540	21.097600	-15.663800	-0.752163	14.675900	-88.625407	0.000000
0	0	541	10.325800	-17.624700	-38.098600	2.342210	-57.412809	0.000000
0	0	542	13.040200	-33.259800	-2.315860	-44.816800	-88.008479	0.000000
0	0	543	9.284440	-5.468620	-14.012400	-13.163300	-55.659606	0.000000
0	0	544	15.272600	7.481350	1.575420	-10.585400	5.945792	0.000000
0	0	545	-34.185200	33.151300	22.638800	26.516100	17.164453	0.000000
0	0	546	28.468100	27.121100	-3.735350	-45.207400	-3.920964	0.000000
0	0	547	30.702700	-1.154240	9.387500	-32.978200	48.504810	0.000000
0	0	548	-6.896130	-10.459100	-11.413100	-34.396200	-66.251256	0.000000
0	0	549	22.145700	-10.114500	8.505180	-10.328600	69.969931	0.000000
0	0	550	-6.711820	-1.471000	4.779720	-9.109710	53.553100	0.000000
0	0	551	12.947400	24.604000	14.691300	-28.193300	15.420929	0.000000
0	0	552	13.953100	-0.330168	-30.897600	10.902200	-45.306116	0.000000
0	0	553	54.055000	21.812700	-12.606900	16.963600	-15.013129	0.000000
0	0	554	46.876900	27.019600	-24.593600	-0.954311	-21.154440	0.000000
0	0	555	36.358700	-22.916500	7.761070	-0.925632	80.645219	0.000000
0	0	556	20.016100	40.142000	7.824270	-6.420530	5.514753	0.000000
0	0	557	41.402200	-13.821300	-28.379500	9.201720	-57.983436	0.000000
0	0	558	24.650300	1.376240	0.888412	-22.460300	16.421842	0.000000
0	0	559	23.432000	-13.373600	-34.143100	37.287200	-55.694956	0.000000
0	0	560	29.891400	0.872694	9.180510	-41.143700	42.284907	0.000000
0	0	561	-20.174400	5.155870	2.507320	17.788200	12.966919	0.000000
0	0	562	-11.948800	61.924100	34.575800	19.771800	14.588572	0.000000
0	0	563	-6.724650	13.456400	48.488500	1.836720	37.244871	0.000000
0	0	564	47.626900	0.619501	-1.534010	-29.402100	-34.004484	0.000000
0	0	565	11.818400	-23.188000	29.282700	4.345560	64.187268	0.000000
0	0	566	36.276900	31.520400	3.639270	1.864810	3.293036	0.000000
0	0	567	-32.619500	-44.304400	9.153810	-6.281460	84.163140	0.000000
0	0	568	22.072100	-10.715000	4.348760	1.073860	78.954936	0.000000
0	0	569	26.703400	27.486900	42.017400	0.735266	28.404066	0.000000
0	0	570	23.834400	37.863600	4.977460	14.252500	3.744513	0.000000
0	0	571	-3.723620	-8.373610	5.122920	-13.007400	74.270989	0.000000
0	0	572	34.127700	9.569820	-4.912900	11.755000	-13.587400	0.000000
0	0	573	6.765550	0.745872	31.886300	19.652100	44.330002	0.000000
0	0	574	20.038100	23.359900	41.092700	47.736500	30.191570	0.000000
0	0	575	36.967200	-7.240910	1.365380	-9.530530	84.660713	0.000000
0	0	576	-0.308331	-8.568150	-7.343720	-3.583710	-69.700140	0.000000
0	0	577	50.652200	-20.496900	22.347400	7.995030	66.263430	0.000000
0	0	578	17.019300	-36.808900	-33.117000	4.250330	-69.011129	0.000000
0	0	579	48.918300	19.934800	-3.814070	12.441300	-5.415672	0.000000
0	0	580	10.314200	-18.554800	20.276600	14.782000	66.230572	0.000000
0	0	581	13.507300	-24.976900	6.626290	26.097100	82.570944	0.000000
0	0	582	31.124500	-9.900460	6.455250	-21.044200	73.447520	0.000000
0	0	583	34.245500	-18.877900	-18.302400	12.841500	-67.943395	0.000000
0	0	584	38.747300	15.877500	5.518070	-0.813241	9.582198	0.000000
0	0	585	15.368200	0.724202	-14.185300	-0.403511	-43.538708	0.000000
0	0	586	25.262100	29.581800	-4.805370	6.024970	-4.613365	0.000000
0	0	587	15.082600	35.429000	11.735800	5.492500	9.163685	0.000000
0	0	588	60.768500	-11.425400	11.173400	-26.876600	67.819440	0.000000
0	0	589	36.724800	-7.000110	18.685200	-11.929600	55.268827	0.000000
0	0	590	34.826000	-25.778400	-17.439900	-42.258500	-72.960205	0.000000
0	0	591	40.978900	-4.454200	0.645548	-0.996465	85.876765	0.000000
0	0	592	14.163900	10.143000	-17.993200	-17.242200	-30.294740	0.000000
0	0	593	24.996000	-12.719200	-32.139600	-23.424500	-55.795555	0.000000
0	0	594	6.180640	-8.097100	2.089430	10.564200	82.765331	0.000000
0	0	595	25.921500	8.549630	-33.838500	1.614690	-37.910207	0.000000
0	0	596	55.300800	14.324900	8.238570	-9.548740	14.952085	0.000000
0	0	597	26.525200	0.645241	16.266900	-8.430860	43.864251	0.000000
0	0	598	35.652900	2.369450	-20.749100	-24.573700	-41.742656	0.000000
0	0	599	30.843600	42.213200	-13.011300	12.444700	-8.565388	0.000000
0	0	600	19.630300	7.808870	0.629017	-13.120400	2.302662	0.000000
0	0	601	60.595300	16.027200	-1.720930	-36.909100	-3.064343	0.000000
0	0	602	38.694900	-14.097600	8.620340	20.058400	74.277613	0.000000
0	0	603	27.670700	4.751770	-34.398800	-8.418970	-41.067534	0.000000
0	0	604	48.401800	13.203400	-10.056300	20.144600	-18.647260	0.000000
0	0	605	23.820500	-4.654010	-22.982800	23.869200	-50.723790	0.000000
0	0	606	36.605000	22.402800	-1.534090	10.333100	-1.958681	0.000000
0	0	607	39.643600	46.052900	-40.993100	-6.149180	-20.836630	0.000000
0	0	608	5.371350	-40.321300	19.777400	-29.183600	76.936138	0.000000
0	0	609	27.875300	-11.934200	25.540300	-22.538300	57.522622	0.000000
0	0	610	24.322900	21.171600	-25.761500	-8.995080	-25.292787	0.000000
0	0	611	11.025800	5.034400	0.844512	0.301153	4.761305	0.000000
0	0	612	36.812100	32.033900	0.470505	7.890790	0.420742	0.000000
0	0	613	83.680900	62.474000	15.104800	5.679950	6.795992	0.000000
0	0	614	30.410700	-16.969100	2.150660	6.108860	86.388428	0.000000
0	0	615	20.664700	16.042300	-28.196300	-26.271100	-30.181132	0.000000
0	0	616	33.593300	25.401100	6.764080	-5.659220	7.455656	0.000000
0	0	617	-34.332500	20.565100	-23.224700	-26.371400	-24.237812	0.000000
0	0	618	41.788500	11.537300	-40.009700	-6.576240	-36.957209	0.000000
0	0	619	24.699500	14.668600	-37.972400	-19.251500	-34.439317	0.000000
0	0	620	9.374880	26.039200	-18.245300	24.677700	-17.509193	0.000000
0	0	621	16.016900	36.432300	0.732864	-23.749100	0.576197	0.000000
0	0	622	-2.715720	15.544500	-30.454800	9.157900	-31.479841	0.000000
0	0	623	36.447900	-0.978182	-37.071800	16.707800	-45.755732	0.000000
0	0	624	9.069080	33.627900	-10.927700	2.593300	-9.001027	0.000000
0	0	625	13.247600	-6.464390	-22.067800	30.852900	-53.163528	0.000000
0	0	626	20.710500	2.552580	-17.252700	-15.317700	-40.792000	0.000000
0	0	627	27.644600	-0.404419	11.435400	-30.614100	46.012726	0.000000
0	0	628	16.141400	-40.456600	37.891800	16.000100	68.437478	0.000000
0	0	629	27.565500	8.553730	-12.403300	-7.459880	-27.704278	0.000000
0	0	630	-2.234360	1.249590	7.716160	12.973600	40.400562	0.000000
0	0	631	22.550000	23.296000	1.613940	16.505600	1.981551	0.000000
0	0	632	39.865700	1.687090	-6.354260	-8.698770	-37.565361	0.000000
0	0	633	35.308000	23.558000	-2.635760	-5.873730	-3.191962	0.000000
0	0	634	8.758720	33.512200	-2.682860	-15.685900	-2.288561	0.000000
0	0	635	9.890800	63.590300	6.714760	-38.178500	3.013879	0.000000
0	0	636	14.419700	10.088900	0.276178	3.417790	0.784024	0.000000
0	0	637	-6.514190	26.416000	-31.106100	-1.416690	-24.830668	0.000000
0	0	638	10.474600	8.869040	-12.181200	32.794700	-26.970960	0.000000
0	0	639	-16.742700	18.860400	13.960000	4.328940	18.253963	0.000000
0	0	640	-10.880100	-4.218410	28.649100	11.263600	49.188137	0.000000
0	0	641	10.493700	-15.369800	6.459530	22.915700	78.602121	0.000000
0	0	642	52.467200	25.728600	13.760300	-6.835860	14.069494	0.000000
0	0	643	-1.674830	-24.956900	21.701200	3.999040	69.495752	0.000000
0	0	644	-3.252660	-7.200090	-13.875000	-33.075100	-58.712973	0.000000
0	0	645	5.953940	-22.524300	20.669300	-43.909400	68.729562	0.000000
0	0	646	40.798200	19.199800	-0.787792	19.367800	-1.174800	0.000000
0	0	647	-4.773830	-10.813500	24.244100	-17.803200	57.019058	0.000000
0	0	648	32.769000	-24.136200	-6.054250	22.401100	-82.959317	0.000000
0	0	649	8.024080	13.480600	-26.109300	-0.771239	-31.346027	0.000000
0	0	650	13.146500	-11.710400	-41.368300	-6.705440	-52.902790	0.000000
0	0	651	23.766700	-19.311500	20.311600	28.469600	66.777071	0.000000
0	0	652	0.189655	24.205200	-7.207850	-32.395700	-8.291267	0.000000
0	0	653	6.756710	-27.703100	30.164000	22.337500	66.282432	0.000000
0	0	654	-1.376470	40.496900	-22.234900	-17.232200	-14.384536	0.000000
0	0	655	10.279700	-5.226870	3.169410	-2.421440	74.384346	0.000000
0	0	656	22.241500	-8.062040	10.769400	-14.079500	63.409378	0.000000
0	0	657	1.400620	24.342800	-1.366730	-43.507300	-1.606753	0.000000
0	0	658	30.773400	-40.917200	29.553100	18.377300	72.080350	0.000000
0	0	659	11.460800	2.520120	2.591960	-63.181000	22.902562	0.000000
0	0	660	13.386200	-2.307280	-23.903900	-12.105700	-47.756645	0.000000
0	0	661	-0.625460	-0.045926	-4.870500	4.717270	-45.270122	0.000000
0	0	662	8.030150	-0.478214	-18.139400	12.833700	-45.755077	0.000000
0	0	663	-21.872200	-0.057998	-46.893000	-4.650040	-45.035432	0.000000
0	0	664	4.254100	-12.692000	4.486660	17.364700	80.265673	0.000000
0	0	665	4.107330	-51.600500	23.760600	47.485200	77.637620	0.000000
0	0	666	8.360110	-5.411380	-17.161100	-24.496900	-53.750768	0.000000
0	0	667	30.249000	56.538900	19.131900	11.043100	9.347517	0.000000
0	0	668	11.156200	-7.309850	-26.530800	-32.085000	-52.702058	0.000000
0	0	669	10.646200	-64.758800	4.045450	-3.845920	88.212703	0.000000
0	0	670	38.457400	5.514530	3.837330	4.880230	17.416218	0.000000
0	0	671	36.125400	4.965470	2.269120	-6.627240	12.279724	0.000000
0	0	672	-38.697400	-8.915450	1.654400	12.989100	84.743728	0.000000
0	0	673	-11.686300	-23.609100	-28.871400	-8.104350	-64.637002	0.000000
0	0	674	7.412330	-16.189000	19.373500	1.015440	64.941504	0.000000
0	0	675	7.794750	9.369500	-7.927330	39.064700	-20.116917	0.000000
0	0	676	-3.890910	-20.325800	10.722200	16.355100	76.093801	0.000000
0	0	677	34.364500	-4.804420	-13.245500	-12.262600	-54.968384	0.000000
0	0	678	46.988500	-4.529040	-18.636200	-18.833200	-51.829718	0.000000
0	0	679	1.637750	-8.757600	3.089720	32.460700	80.283467	0.000000
0	0	680	15.732200	-31.468800	16.280500	-20.945000	76.322524	0.000000
0	0	681	-3.645910	-8.964070	9.054850	-3.095590	67.355672	0.000000
0	0	682	22.650700	13.094000	32.148100	-16.137400	33.919406	0.000000
0	0	683	28.407700	18.347700	9.381680	-21.213500	13.540950	0.000000
0	0	684	36.774400	32.518400	5.572100	-5.719530	4.861664	0.000000
0	0	685	-12.685300	12.128900	-4.941090	2.805600	-11.082537	0.000000
0	0	686	11.068700	-5.348410	-30.855000	-39.345500	-49.916971	0.000000
0	0	687	-14.786400	47.579200	-28.740600	15.243600	-15.567207	0.000000
0	0	688	24.736900	-1.487240	0.138450	-36.018400	87.340777	0.000000
0	0	689	-3.585730	47.654800	13.004700	25.042600	7.632000	0.000000
0	0	690	-17.584100	-29.210600	-7.297970	8.028710	-82.986198	0.000000
0	0	691	14.857900	16.950900	31.507900	17.044500	30.860121	0.000000
0	0	692	-38.699500	2.597470	-7.255890	-29.284700	-35.151801	0.000000
0	0	693	10.152600	10.196600	-30.670700	3.693860	-35.805201	0.000000
0	0	694	-1.774230	21.598600	-24.598700	29.873000	-24.357815	0.000000
0	0	695	5.441500	-4.470060	10.211300	3.138330	56.820849	0.000000
0	0	696	-15.097800	-24.473000	12.932800	-0.721160	76.072854	0.000000
0	0	697	6.018330	25.101600	-9.393730	-8.552410	-10.258637	0.000000
0	0	698	-15.263300	18.089700	23.537600	30.071200	26.228054	0.000000
0	0	699	-2.024320	11.215700	-12.080600	-14.936800	-23.563095	0.000000
0	0	700	23.325700	3.537610	-36.554400	-16.090400	-42.236162	0.000000
0	0	701	18.808900	-13.522700	-43.341600	6.005260	-53.664034	0.000000
0	0	702	21.450100	17.100100	7.683110	-9.456460	12.097241	0.000000
0	0	703	23.935000	15.182200	11.417000	-37.183300	18.471566	0.000000
0	0	704	-17.821400	-6.878650	-22.229200	21.847400	-53.597134	0.000000
0	0	705	42.873600	26.997800	8.877530	10.064800	9.101058	0.000000
0	0	706	4.866180	11.470000	36.782500	4.624410	36.340397	0.000000
0	0	707	17.904600	-30.871900	3.322580	-22.116100	86.928601	0.000000
0	0	708	1.751270	43.586200	26.077200	5.755400	15.445837	0.000000
0	0	709	-16.351600	-16.936700	10.667200	33.447700	73.898073	0.000000
0	0	710	12.851800	55.339500	-22.754600	26.191700	-11.175789	0.000000
0	0	711	-15.918300	14.834500	9.605270	-5.585120	16.461435	0.000000
0	0	712	30.467200	57.665000	-3.232300	-13.060000	-1.604123	0.000000
0	0	713	-3.389600	-25.326400	-35.921400	-17.938300	-62.592884	0.000000
0	0	714	20.834900	-2.817720	-31.289300	2.743210	-47.572911	0.000000
0	0	715	-32.435800	-1.622990	-7.651140	-5.270170	-50.988141	0.000000
0	0	716	13.747700	13.721500	-20.307700	-13.109600	-27.976953	0.000000
0	0	717	7.274610	-10.912100	18.161400	-7.837150	60.499571	0.000000
0	0	718	-6.062890	-12.419800	18.710400	5.511180	61.787930	0.000000
0	0	719	-21.919800	18.070700	37.203000	23.602900	32.046328	0.000000
0	0	720	35.858900	14.829500	-11.584300	-22.220400	-18.997870	0.000000
0	0	721	-29.273200	7.666000	-23.887900	16.839700	-36.103877	0.000000
0	0	722	5.113370	-8.789440	-2.054030	-6.264270	-83.423220	0.000000
0	0	723	20.606700	19.721300	17.681700	-8.548970	20.939365	0.000000
0	0	724	-0.092325	24.247400	-24.445700	9.834870	-22.616666	0.000000
0	0	725	15.501000	-5.515150	16.615800	-0.138508	54.181071	0.000000
0	0	726	-24.584500	8.203860	-3.586200	-1.669560	-11.805928	0.000000
0	0	727	-1.436240	-13.331000	0.215473	-36.350700	89.536996	0.000000
0	0	728	2.453070	-10.184300	4.447210	-44.328900	78.205200	0.000000
0	0	729	-9.829070	2.875430	40.937300	-8.971330	42.991076	0.000000
0	0	730	7.137080	-20.956400	23.723800	38.059000	65.727872	0.000000
0	0	731	-29.847400	5.285920	23.158800	21.779500	38.571340	0.000000
0	0	732	-14.128500	-34.546600	-6.200450	13.010600	-84.912423	0.000000
0	0	733	4.923600	-19.892700	15.892300	21.712100	70.689302	0.000000
0	0	734	-11.645700	-9.075230	-23.276700	-15.371100	-55.650026	0.000000
0	0	735	-0.496696	-39.576400	-5.962220	21.102500	-85.716383	0.000000
0	0	736	20.116500	8.301350	2.910690	16.686400	9.661061	0.000000
0	0	737	16.006000	-15.577800	1.966280	24.588000	86.402994	0.000000
0	0	738	39.029700	26.730900	-0.432548	20.936600	-0.463527	0.000000
0	0	739	-5.646070	-37.802200	17.897400	21.385100	77.332425	0.000000
0	0	740	21.313300	16.236200	41.365800	-27.099200	34.284922	0.000000
0	0	741	15.665400	-9.153370	5.270880	0.384618	75.032463	0.000000
0	0	742	-3.817400	-30.274300	2.113810	-32.587500	88.002990	0.000000
0	0	743	10.690100	-8.619340	3.461280	-34.464500	79.060510	0.000000
0	0	744	-8.751720	-11.219200	-16.262300	-8.805320	-62.300705	0.000000
0	0	745	31.194600	-32.484800	2.891170	6.770270	87.457018	0.000000
0	0	746	5.072290	9.239380	4.091310	25.623300	11.942173	0.000000
0	0	747	24.393200	-5.781270	-21.120400	-3.116420	-52.654268	0.000000
0	0	748	0.075499	14.907400	0.394873	-27.968300	0.758659	0.000000
0	0	749	2.991050	-38.023800	-7.076760	-6.101810	-84.728541	0.000000
0	0	750	-26.602700	2.398680	2.583580	14.347800	23.562683	0.000000
0	0	751	40.205100	8.466020	18.880600	0.858160	32.924320	0.000000
0	0	752	-39.626100	-16.626100	-13.236500	13.123100	-70.737865	0.000000
0	0	753	11.745400	-12.842400	-13.108400	28.044100	-67.206365	0.000000
0	0	754	-0.780316	13.255700	-8.891860	10.802000	-16.926760	0.000000
0	0	755	-24.645900	17.859800	-15.740900	11.953300	-20.695819	0.000000
0	0	756	32.926600	8.390230	6.518070	26.436600	18.921179	0.000000
0	0	757	18.851300	-23.347800	24.684100	15.946100	66.703190	0.000000
0	0	758	28.873000	11.716400	9.193570	7.211720	19.060201	0.000000
0	0	759	0.836502	-15.180300	-11.320200	-16.852600	-71.643749	0.000000
0	0	760	19.869000	6.958220	-18.685900	9.218630	-34.787886	0.000000
0	0	761	1.078480	23.541200	-3.846140	26.672000	-4.639476	0.000000
0	0	762	7.191510	-17.983000	-5.845880	-47.862300	-80.995895	0.000000
0	0	763	-7.965800	10.531700	-0.073643	-29.434400	-0.200318	0.000000
0	0	764	-20.295500	-24.588700	-23.649100	-2.263900	-68.057947	0.000000
0	0	765	-1.825520	5.968030	-18.225300	16.283700	-35.934262	0.000000
0	0	766	-9.864020	4.387060	16.866200	-7.435130	37.709952	0.000000
0	0	767	-15.604600	-9.104320	22.309900	-12.508300	56.099800	0.000000
0	0	768	2.427420	19.139300	16.470000	-3.962430	20.356541	0.000000
0	0	769	11.098100	-16.407900	5.555580	-7.225300	80.647161	0.000000
0	0	770	14.661800	-13.989500	17.801500	15.401800	64.081207	0.000000
0	0	771	2.968680	-56.783100	-35.254000	-8.231360	-74.082884	0.000000
0	0	772	-21.444900	3.595180	-3.993880	-21.612000	-24.003667	0.000000
0	0	773	16.176900	-19.996100	-17.957600	-7.893930	-69.037206	0.000000
0	0	774	36.117000	-6.316180	16.623900	-25.101700	55.402037	0.000000
0	0	775	-21.699500	7.667750	-5.156200	35.648800	-16.959485	0.000000
0	0	776	-17.038300	-6.094350	-19.193900	14.074300	-53.807710	0.000000
0	0	777	26.957800	-4.119640	-12.838400	22.988100	-53.895308	0.000000
0	0	778	7.097960	24.546700	10.552100	-26.849600	11.630916	0.000000
0	0	779	-15.778100	-11.404100	-25.985100	13.176900	-56.847632	0.000000
0	0	780	1.027380	30.760900	-45.867500	-16.322900	-28.076169	0.000000
0	0	781	-45.475900	-39.372000	-2.206140	19.246200	-88.396443	0.000000
0	0	782	7.821350	13.469000	23.986500	-0.430784	30.342368	0.000000
0	0	783	19.136900	-37.028200	-19.254000	-1.908240	-76.263189	0.000000
0	0	784	-33.372800	-15.917400	-13.318100	-16.689100	-70.040376	0.000000
0	0	785	-30.119100	-16.599200	-16.806900	1.010080	-67.321886	0.000000
0	0	786	-22.351200	27.921700	-22.915500	38.845100	-19.687962	0.000000
0	0	787	-13.357700	2.448540	4.976440	1.144170	31.900797	0.000000
0	0	788	1.073850	14.206400	23.745600	-8.526190	29.554485	0.000000
0	0	789	-29.845700	-0.732410	-7.743070	5.443280	-47.701740	0.000000
0	0	790	-23.613800	-26.481100	8.264890	17.523500	81.333292	0.000000
0	0	791	22.944000	-30.154000	-14.523200	2.311330	-77.141470	0.000000
0	0	792	-24.741500	-17.460500	17.718500	9.257500	67.289902	0.000000
0	0	793	14.538600	51.054500	15.083700	27.684400	8.229706	0.000000
0	0	794	9.057950	36.465400	-1.339160	-1.693640	-1.051596	0.000000
0	0	795	-9.576110	12.534200	-1.014540	-4.123620	-2.313766	0.000000
0	0	796	15.221200	-18.814100	5.665490	-13.963500	81.620688	0.000000
0	0	797	-0.466204	30.193300	-12.782100	-32.729600	-11.472497	0.000000
0	0	798	-2.243860	13.271900	-1.685140	-40.715100	-3.618077	0.000000
0	0	799	-11.932300	-1.539130	22.283100	-20.087100	46.975619	0.000000
0	0	800	-7.888260	-12.225300	9.689830	7.336100	70.799746	0.000000
0	0	801	31.348400	30.706800	16.897300	30.205900	14.411527	0.000000
0	0	802	23.529600	-6.444090	7.661470	-43.839900	65.033656	0.000000
0	0	803	54.664500	-2.340120	11.321200	-12.764500	50.839353	0.000000
0	0	804	-5.538380	-5.477260	16.442000	19.396900	54.212132	0.000000
0	0	805	-20.655600	9.843680	0.728036	17.123600	2.114940	0.000000
0	0	806	3.202250	27.575000	-6.215260	-31.740600	-6.350954	0.000000
0	0	807	-9.472760	-4.045680	-15.139000	-7.572500	-52.480924	0.000000
0	0	808	13.977000	5.477490	-28.705500	36.733200	-39.598437	0.000000
0	0	809	7.222610	-10.859200	18.327800	-1.691340	60.323346	0.000000
0	0	810	34.649300	17.760000	3.108370	1.847020	4.963702	0.000000
0	0	811	-4.629460	-4.235460	-3.955170	2.331550	-68.479972	0.000000
0	0	812	-13.918900	-16.160800	-27.541600	-32.427100	-60.201733	0.000000
0	0	813	7.314100	-39.476000	9.738110	-8.292970	83.071348	0.000000
0	0	814	21.203100	16.247600	-2.078740	0.383246	-3.645445	0.000000
0	0	815	15.922400	-40.996100	-53.910500	36.106300	-63.625540	0.000000
0	0	816	3.869450	-23.077700	18.200700	4.112430	70.869100	0.000000
0	0	817	13.036100	-17.601700	-27.102700	-5.075910	-61.500744	0.000000
0	0	818	22.937700	12.498700	18.289500	17.713800	27.826017	0.000000
0	0	819	-12.304500	-20.939300	41.569200	-38.432600	58.367689	0.000000
0	0	820	-3.764010	-22.069600	10.080200	2.139620	77.725821	0.000000
0	0	821	8.607920	-31.385000	-26.287700	19.154900	-70.025431	0.000000
0	0	822	15.841700	0.790087	18.765900	5.399670	43.794571	0.000000
0	0	823	-15.042500	-15.050600	13.429500	-4.635330	69.128893	0.000000
0	0	824	-16.724200	-10.444000	-36.460700	0.747469	-52.992058	0.000000
0	0	825	-6.321200	17.596200	42.583100	-1.285580	33.774297	0.000000
0	0	826	1.619620	-10.307800	3.253300	36.670300	81.241752	0.000000
0	0	827	-22.058200	7.347440	-12.002700	35.250000	-29.263580	0.000000
0	0	828	13.847200	1.238280	14.539400	-12.958100	42.566013	0.000000
0	0	829	-1.581660	-5.359010	-10.561900	5.986410	-58.451407	0.000000
0	0	830	16.141800	-11.652300	-42.969700	0.980227	-52.586147	0.000000
0	0	831	11.360500	41.113100	24.157700	-10.712200	15.219062	0.000000
0	0	832	13.968300	16.234500	-2.579170	-0.553059	-4.513560	0.000000
0	0	833	-2.020730	4.516300	-11.704000	-6.021470	-34.449782	0.000000
0	0	834	-4.654260	-25.676300	29.167400	-9.949090	65.678863	0.000000
0	0	835	-26.811100	35.232000	29.018300	16.126200	19.738028	0.000000
0	0	836	22.307700	1.089030	-1.293380	-19.724100	-24.951258	0.000000
0	0	837	-3.206540	-4.527510	14.349200	-8.414950	53.755855	0.000000
0	0	838	6.257930	7.424820	33.818700	0.601987	38.808649	0.000000
0	0	839	11.885600	27.393300	-5.707390	-17.719800	-5.884598	0.000000
0	0	840	-24.869200	-5.431890	-25.815000	3.420080	-50.941304	0.000000
0	0	841	2.935710	-34.844600	19.967100	25.212600	75.092937	0.000000
0	0	842	-17.034100	-21.072000	6.476260	32.772500	81.457867	0.000000
0	0	843	6.391820	28.611900	-39.011700	8.518900	-26.871496	0.000000
0	0	844	9.872450	-23.439000	42.136000	25.746300	59.542941	0.000000
0	0	845	-1.109590	-57.084000	6.566860	-42.018500	86.718812	0.000000
0	0	846	4.107650	-2.873650	0.495839	-15.334900	85.105097	0.000000
0	0	847	-14.423400	23.137600	-10.042200	43.229200	-11.730924	0.000000
0	0	848	15.845000	5.400700	-29.588600	-9.269040	-39.827940	0.000000
0	0	849	4.425000	19.646800	3.612670	1.380680	5.209602	0.000000
0	0	850	-48.367200	13.939700	14.897600	6.515920	23.451259	0.000000
0	0	851	-8.036010	-7.344360	3.782600	0.527209	76.374981	0.000000
0	0	852	-3.223510	2.658250	2.866210	27.632500	23.577898	0.000000
0	0	853	-28.521100	-8.073300	-1.435610	-10.709500	-84.958474	0.000000
0	0	854	1.526630	0.657674	-14.816200	34.909700	-43.729187	0.000000
0	0	855	-1.852300	-10.039900	-4.418600	6.037580	-78.122757	0.000000
0	0	856	9.453560	5.002790	-3.728950	-26.658300	-18.349946	0.000000
0	0	857	-28.857300	-13.463200	-16.606300	10.593800	-64.516333	0.000000
0	0	858	-25.469600	-2.325690	-31.871800	34.971700	-47.086742	0.000000
0	0	859	-8.080950	11.124400	31.081900	-4.073280	35.153702	0.000000
0	0	860	32.851300	17.083800	6.409760	60.208300	10.282925	0.000000
0	0	861	17.666500	-10.242600	7.085600	-3.948090	72.662694	0.000000
0	0	862	9.111720	5.742910	12.101700	-3.288930	32.306568	0.000000
0	0	863	7.873750	10.650000	24.232800	-15.353300	33.137568	0.000000
0	0	864	-19.555200	0.642464	-34.221700	-15.123300	-44.462240	0.000000
0	0	865	36.870200	12.322300	-43.355100	9.962300	-37.066948	0.000000
0	0	866	-6.465470	23.570700	-30.513300	-16.045200	-26.157442	0.000000
0	0	867	4.799810	-17.878300	8.297940	21.255700	77.551174	0.000000
0	0	868	43.690300	25.032400	23.512300	-1.233140	21.603230	0.000000
0	0	869	16.003300	20.821900	7.278280	7.319940	9.633518	0.000000
0	0	870	-11.359300	23.506600	-13.724500	6.519460	-15.139416	0.000000
0	0	871	10.433700	17.700500	19.078700	-4.963040	23.572999	0.000000
0	0	872	8.197840	-1.501640	15.866300	-7.372910	47.703280	0.000000
0	0	873	16.868500	-36.583600	2.259010	-5.846480	88.233257	0.000000
0	0	874	-4.930920	12.850900	2.569630	-29.753200	5.653787	0.000000
0	0	875	-23.630400	-2.783580	-9.133530	-19.294400	-53.474692	0.000000
0	0	876	0.069745	9.712960	-12.929200	-4.011000	-26.542290	0.000000
0	0	877	-14.541300	-7.082910	22.841400	6.689220	53.614093	0.000000
0	0	878	32.098700	20.316800	-11.099800	21.916200	-14.324685	0.000000
0	0	879	2.316200	-2.812260	6.961490	14.922200	55.998710	0.000000
0	0	880	-15.173600	36.890700	4.510630	3.391220	3.485480	0.000000
0	0	881	-15.880200	28.631700	-8.622250	12.590700	-8.379666	0.000000
0	0	882	11.022300	13.836000	-18.590800	-13.836800	-26.670968	0.000000
0	0	883	17.208100	-11.299900	7.250190	-8.192030	73.657572	0.000000
0	0	884	3.965380	3.871620	-19.675000	-7.185180	-39.433824	0.000000
0	0	885	-10.491100	5.688130	-4.032300	21.643000	-17.666362	0.000000
0	0	886	-23.538300	-1.603470	-8.253210	3.880000	-50.497353	0.000000
0	0	887	40.728000	10.499700	-7.074570	-39.170500	-16.985805	0.000000
0	0	888	22.488400	-26.354000	-4.023500	-15.641200	-85.659803	0.000000
0	0	889	-5.107720	33.164600	-3.522990	-16.996100	-3.031822	0.000000
0	0	890	-3.665480	30.973100	13.599000	40.089300	11.852140	0.000000
0	0	891	-45.368600	-9.459440	29.911700	-18.537900	53.774662	0.000000
0	0	892	5.555400	-2.750720	26.693100	15.739100	47.941777	0.000000
0	0	893	2.372920	-4.818270	32.118100	5.387590	49.265867	0.000000
0	0	894	11.961400	19.688000	3.901570	-11.258500	5.604538	0.000000
0	0	895	8.771180	10.671100	6.447590	31.111500	15.570405	0.000000
0	0	896	-23.870200	23.419200	14.916400	2.306770	16.247149	0.000000
0	0	897	-6.481430	5.382000	-0.109196	4.108660	-0.581161	0.000000
0	0	898	-1.783650	-32.933200	20.860300	-15.237600	73.824660	0.000000
0	0	899	35.313100	7.048550	-40.952700	3.153080	-40.117126	0.000000
0	0	900	10.624300	-28.966100	5.482490	-24.014600	84.641131	0.000000
0	0	901	13.890000	27.120600	17.925000	-0.791713	16.731090	0.000000
0	0	902	21.676100	14.043400	-13.180500	-8.450640	-21.592269	0.000000
0	0	903	-22.092100	-1.202880	18.457000	-28.482300	46.864404	0.000000
0	0	904	-25.031400	36.754900	29.375100	-8.654660	19.316202	0.000000
0	0	905	-4.699550	-18.031500	-3.880670	25.426000	-83.927142	0.000000
0	0	906	-13.039500	4.490930	-3.772440	-29.301800	-20.015350	0.000000
0	0	907	-0.624649	-24.569900	-33.016000	-21.214700	-63.327972	0.000000
0	0	908	30.447700	1.775180	36.305800	-4.656380	43.600370	0.000000
0	0	909	-23.858900	-10.591600	-4.704640	-12.835900	-78.024940	0.000000
0	0	910	-55.360700	-12.836800	-30.471000	-20.412700	-56.422341	0.000000
0	0	911	0.427097	-23.104000	9.464250	30.100800	78.862093	0.000000
0	0	912	-0.318386	-23.000500	11.270700	5.913290	76.947116	0.000000
0	0	913	-10.992800	-1.220710	-62.142500	-30.255200	-45.562679	0.000000
0	0	914	33.726200	-28.981200	2.071950	5.323300	87.955358	0.000000
0	0	915	12.895800	-15.623000	-36.010000	-33.406100	-56.726847	0.000000
0	0	916	23.092800	-11.238100	-18.481500	29.267500	-60.651326	0.000000
0	0	917	-2.155640	-22.660500	-8.591510	-13.990500	-79.618130	0.000000
0	0	918	5.780260	21.618000	14.606300	-13.906500	17.022553	0.000000
0	0	919	28.268400	-18.394000	-12.813100	3.908410	-72.569634	0.000000
0	0	920	-11.794600	25.955100	-42.739200	-21.544000	-29.365049	0.000000
0	0	921	-14.819500	-3.679470	10.018100	-3.484930	55.083693	0.000000
0	0	922	-15.058100	45.044300	8.384530	19.899300	5.272171	0.000000
0	0	923	19.050600	-20.626100	-17.554000	29.065600	-69.800151	0.000000
0	0	924	30.678600	-2.507580	-12.874200	-23.768400	-50.510911	0.000000
0	0	925	31.712800	-2.544400	-22.173900	15.254900	-48.272959	0.000000
0	0	926	17.670500	24.310400	3.782330	-26.185600	4.421727	0.000000
0	0	927	10.130100	31.019800	7.143880	-1.283980	6.484562	0.000000
0	0	928	49.486600	-29.924600	-22.758800	29.827100	-71.372813	0.000000
0	0	929	10.470700	27.333500	-1.849500	4.252280	-1.935487	0.000000
0	0	930	8.316290	-2.183750	23.958500	-7.344690	47.603979	0.000000
0	0	931	8.332080	21.489300	13.537100	-16.919100	16.104358	0.000000
0	0	932	7.009160	14.912200	-33.478000	-25.795700	-32.995120	0.000000
0	0	933	9.147070	15.462100	5.542050	-16.920700	9.859551	0.000000
0	0	934	17.543400	-7.530960	-4.164980	6.104550	-75.527657	0.000000
0	0	935	-16.001900	54.002400	23.377700	42.990800	11.703921	0.000000
0	0	936	12.692000	9.607270	-30.403500	26.899000	-36.231934	0.000000
0	0	937	7.809550	-1.258860	-39.741600	-37.166900	-45.907151	0.000000
0	0	938	5.164070	39.882600	-13.440300	2.768060	-9.311820	0.000000
0	0	939	29.736000	-7.502080	-12.608800	22.576800	-60.376061	0.000000
0	0	940	-19.597500	-33.411300	10.097500	-0.209786	81.592116	0.000000
0	0	941	-3.394020	-3.585770	23.852800	-8.436100	49.274603	0.000000
0	0	942	0.633349	28.684800	16.979000	5.014210	15.310990	0.000000
0	0	943	-8.361010	-9.940540	-9.068300	2.668810	-68.813616	0.000000
0	0	944	-8.016830	8.800040	-45.412500	0.347499	-39.516570	0.000000
0	0	945	-22.334200	14.981900	17.338900	4.277680	24.585461	0.000000
0	0	946	6.759670	8.120560	-16.932700	34.714000	-32.189311	0.000000
0	0	947	-3.918030	19.303100	-10.084800	-18.010700	-13.792287	0.000000
0	0	948	22.233500	-5.891050	33.467800	-27.628600	49.991510	0.000000
0	0	949	-4.971750	-19.549300	27.584800	46.037600	62.662567	0.000000
0	0	950	-31.819900	-39.106000	-38.901700	-24.624000	-67.575028	0.000000
0	0	951	4.467660	6.349630	-6.518300	-13.511600	-22.875489	0.000000
0	0	952	11.761400	58.889200	9.557900	12.784700	4.609447	0.000000
0	0	953	4.456370	-0.659744	0.351896	2.723880	75.962657	0.000000
0	0	954	-7.434140	-20.727300	22.350100	27.187600	66.421295	0.000000
0	0	955	29.353800	0.189028	3.800320	1.566470	43.576227	0.000000
0	0	956	19.543200	12.891300	24.570600	12.468500	31.157819	0.000000
0	0	957	8.460930	18.889900	-8.764700	-27.134200	-12.445384	0.000000
0	0	958	5.485220	38.585100	6.869570	6.030320	5.047493	0.000000
0	0	959	26.020300	-11.514400	13.484800	-12.884600	65.246674	0.000000
0	0	960	24.288500	-5.264730	0.315565	0.128804	88.284913	0.000000
0	0	961	-3.881740	16.250900	26.929100	-14.442300	29.445142	0.000000
0	0	962	-26.605200	6.374820	-11.818100	-5.444640	-30.828531	0.000000
0	0	963	2.821620	4.084530	8.473350	-10.354000	32.131937	0.000000
0	0	964	16.624400	-8.236420	10.372800	10.092300	64.225494	0.000000
0	0	965	-0.917398	6.818870	1.036830	-12.964600	4.322887	0.000000
0	0	966	12.769300	4.790940	16.798300	-13.216300	37.040823	0.000000
0	0	967	-9.791570	-9.797150	-0.139796	7.471240	-89.591250	0.000000
0	0	968	-10.373900	-18.583800	20.456800	23.364100	66.126651	0.000000
0	0	969	31.981600	14.250400	36.953900	-23.009800	34.456022	0.000000
0	0	970	36.829300	-16.744000	0.421310	11.294600	89.279318	0.000000
0	0	971	9.580840	5.030960	-12.560000	4.766160	-34.085613	0.000000
0	0	972	17.499400	30.498700	-5.423610	17.951900	-5.041773	0.000000
0	0	973	22.496200	18.860400	28.456400	-17.107900	28.232142	0.000000
0	0	974	-27.799800	-5.975520	22.233500	13.774400	52.521721	0.000000
0	0	975	-1.955000	-9.488170	-22.726400	8.344790	-56.330159	0.000000
0	0	976	27.108300	22.351500	-6.535750	15.595700	-8.149662	0.000000
0	0	977	-8.812220	-17.435300	10.784200	10.331100	74.131050	0.000000
0	0	978	41.628300	18.877900	11.695100	4.483070	15.889372	0.000000
0	0	979	-24.886900	-24.272200	0.629771	-44.984700	89.256863	0.000000
0	0	980	-6.128410	-3.888960	-2.840050	3.210980	-71.929948	0.000000
0	0	981	1.683920	-32.192000	7.438530	-0.030428	83.494575	0.000000
0	0	982	-16.764900	27.017100	-7.556860	17.479000	-7.813327	0.000000
0	0	983	12.026100	-20.022000	2.465900	14.981100	86.489418	0.000000
0	0	984	8.458410	26.522100	20.439500	3.758050	18.809987	0.000000
0	0	985	4.396950	5.026410	24.840100	-30.365700	39.280312	0.000000
0	0	986	-2.912540	-16.946700	18.252100	-0.179332	66.438037	0.000000
0	0	987	7.404000	19.845800	-12.178800	-12.683900	-15.768125	0.000000
0	0	988	15.624700	-43.934300	-10.446100	-55.289900	-83.312667	0.000000
0	0	989	39.773600	-14.361200	-4.986180	20.856300	-80.426550	0.000000
0	0	990	-17.032400	-22.221800	2.940480	-15.728300	86.231089	0.000000
0	0	991	-13.441700	-7.899360	-41.166000	11.740500	-50.431234	0.000000
0	0	992	-3.912020	-24.582400	-3.703740	-11.236600	-85.715950	0.000000
0	0	993	18.784300	22.875700	-5.919260	-5.727120	-7.253758	0.000000
0	0	994	79.737600	6.961290	-16.352900	-0.806481	-33.470480	0.000000
0	0	995	43.656200	-4.281840	-52.195300	7.872160	-47.344878	0.000000
0	0	996	95.984600	10.266800	-23.923600	-36.741400	-33.386718	0.000000
0	0	997	71.766300	31.905200	19.240100	4.560140	15.545821	0.000000
0	0	998	90.727400	32.369700	-5.427630	-0.202599	-4.759297	0.000000
0	0	999	54.973400	20.965200	-27.699000	1.295020	-26.439074	0.000000
0	0	1000	68.691300	16.779900	-15.999600	-11.789500	-21.818180	0.000000
0	0	1001	70.305500	22.128100	-1.908690	-29.992800	-2.464962	0.000000
0	0	1002	83.077200	19.524100	-18.061700	7.067520	-21.385921	0.000000
0	0	1003	65.205000	-1.644970	-26.232900	-26.309700	-46.794056	0.000000
0	0	1004	56.200800	21.615800	-9.856170	-12.491700	-12.255796	0.000000
0	0	1005	85.517600	61.869000	-20.264300	-24.629400	-9.067732	0.000000
0	0	1006	113.486000	-4.199840	10.709500	-23.785800	55.706568	0.000000
0	0	1007	84.111700	-2.435030	-23.881000	-39.273500	-47.911026	0.000000
0	0	1008	63.200900	25.602500	1.536160	-28.568900	1.716826	0.000000
0	0	1009	96.574800	28.942700	-4.705710	-19.395100	-4.617374	0.000000
0	0	1010	81.615600	-12.481100	-64.771800	-29.905800	-50.453419	0.000000
0	0	1011	110.341000	22.713600	-16.917900	-33.573700	-18.340028	0.000000
0	0	1012	74.384800	40.302400	-16.564300	-39.479000	-11.171339	0.000000
0	0	1013	55.601200	38.531200	-13.326600	-22.534300	-9.539360	0.000000
0	0	1014	97.403600	49.713200	-18.783200	-30.865800	-10.349066	0.000000
0	0	1015	80.251300	43.091500	-15.762100	-4.664290	-10.045808	0.000000
0	0	1016	54.233800	-25.370400	-9.808380	-41.354700	-79.431569	0.000000
0	0	1017	108.009000	24.250100	6.228410	-2.393290	7.202264	0.000000
0	0	1018	103.438000	28.868600	-26.141500	-1.648150	-21.080956	0.000000
0	0	1019	148.718000	-7.269430	0.608293	-43.547000	87.608367	0.000000
0	0	1020	69.834500	-1.570430	-38.343100	-26.904100	-46.172685	0.000000
0	0	1021	91.979200	-6.139930	-19.192400	-2.916770	-53.870118	0.000000
0	0	1022	74.506700	-13.151900	-23.672400	11.113500	-59.527826	0.000000
0	0	1023	114.575000	-9.013450	14.722300	7.655720	60.738132	0.000000
