0	0	0	46.950800	-23.700600	18.578700	27.569700	70.953701	0.000000
0	0	1	47.964200	-18.592700	18.892700	-29.393200	67.270733	0.000000
0	0	2	0.576598	33.240400	-14.714400	18.704100	-11.938675	0.000000
0	0	3	-4.073140	-45.755800	-46.578900	-26.360400	-67.244631	0.000000
0	0	4	15.117400	-8.107190	-14.813700	19.014800	-59.345426	0.000000
0	0	5	40.215000	2.080580	18.106000	23.014800	41.722416	0.000000
0	0	6	-7.698230	-35.520100	13.695800	-1.145860	79.457207	0.000000
0	0	7	-15.180600	27.285500	27.077300	14.257200	22.390284	0.000000
0	0	8	15.434800	-2.046200	-22.679500	-33.476500	-47.577704	0.000000
0	0	9	-34.103300	4.770570	2.608590	-18.013300	14.335115	0.000000
0	0	10	35.978700	4.118450	-21.821900	-28.115700	-39.656136	0.000000
0	0	11	9.559980	9.237590	-32.286400	16.547000	-37.016717	0.000000
0	0	12	8.551400	14.078900	-20.604800	8.371120	-27.827943	0.000000
0	0	13	49.933600	22.657300	-25.407200	-2.092030	-24.137238	0.000000
0	0	14	-28.688800	-17.008100	-18.756200	17.988600	-66.100852	0.000000
0	0	15	-12.062400	6.450480	-18.904000	26.228600	-35.579589	0.000000
0	0	16	57.293300	-45.134900	-16.852400	20.863800	-79.762725	0.000000
0	0	17	6.748870	-31.048500	-35.311900	2.418760	-65.662010	0.000000
0	0	18	10.561200	8.017190	-11.992300	51.988600	-28.118079	0.000000
0	0	19	7.201260	11.651800	-0.872008	17.882600	-2.139988	0.000000
0	0	20	44.423400	18.726200	-47.671000	-29.838000	-34.277013	0.000000
0	0	21	1.611840	8.103070	10.619800	-15.000300	26.327907	0.000000
0	0	22	9.834320	8.978450	0.779243	-15.369700	2.480146	0.000000
0	0	23	27.887500	20.400800	-20.792800	-25.105600	-22.772606	0.000000
0	0	24	16.493000	-32.496200	-0.792746	-20.838600	-89.301272	0.000000
0	0	25	19.677100	8.281170	-36.865700	-23.320500	-38.669877	0.000000
0	0	26	34.267600	18.850700	7.958890	-30.708700	11.444896	0.000000
0	0	27	30.486300	4.282820	-2.464380	-0.657845	-14.958289	0.000000
0	0	28	1.317620	-5.240610	4.603440	22.592200	69.351692	0.000000
0	0	29	-1.738680	29.785300	-1.637490	1.789570	-1.573375	0.000000
0	0	30	38.946400	15.201700	-21.123200	14.412800	-27.129313	0.000000
0	0	31	7.021110	12.016400	-17.021200	40.745800	-27.389591	0.000000
0	0	32	4.251470	10.459400	-30.527900	-16.395000	-35.543815	0.000000
0	0	33	7.760080	9.905530	-11.597100	9.989900	-24.749042	0.000000
0	0	34	6.660080	0.630459	13.879500	-10.424300	43.699599	0.000000
0	0	35	7.486270	-13.725500	3.323840	-30.793400	83.193509	0.000000
0	0	36	30.629800	-9.410870	-6.481620	-29.512200	-72.721677	0.000000
0	0	37	46.670500	12.555200	-14.338000	26.518100	-24.396347	0.000000
0	0	38	46.049800	-12.072700	9.532630	-7.444640	70.852651	0.000000
0	0	39	2.244060	-16.688700	-10.192400	13.376900	-74.293030	0.000000
0	0	40	25.657400	-19.926600	8.513620	16.512200	78.432726	0.000000
0	0	41	35.250500	-15.074000	-15.338400	10.900800	-67.250947	0.000000
0	0	42	-24.002500	40.874400	-11.707100	-25.696500	-7.991292	0.000000
0	0	43	21.520400	4.023600	-22.916300	-21.827000	-40.020810	0.000000
0	0	44	5.209240	16.170700	-25.079200	-5.593490	-28.593336	0.000000
0	0	45	46.924600	3.006970	12.604000	25.130100	38.290809	0.000000
0	0	46	35.652700	19.119800	-2.294580	-16.271700	-3.421688	0.000000
0	0	47	26.321300	-37.119100	28.357300	25.163700	71.310911	0.000000
0	0	48	2.221690	-38.609000	-38.951000	-17.137800	-67.373678	0.000000
0	0	49	10.458400	-2.106030	10.776900	42.618100	50.528716	0.000000
0	0	50	-11.537200	9.754710	23.263800	-2.704160	33.625640	0.000000
0	0	51	16.253000	-2.731130	-3.623840	7.491960	-63.501869	0.000000
0	0	52	-1.277560	10.714400	-8.215840	4.126800	-18.740559	0.000000
0	0	53	9.292080	-13.177800	12.935800	-11.737300	67.765478	0.000000
0	0	54	48.103400	15.338500	-25.033900	19.401500	-29.251908	0.000000
0	0	55	40.544000	-8.375320	-0.960291	-18.939600	-86.729594	0.000000
0	0	56	29.967000	-7.437560	-17.130800	-15.527900	-56.734352	0.000000
0	0	57	25.088400	19.548600	7.459420	3.662600	10.443010	0.000000
0	0	58	31.833800	22.439900	-22.926800	-7.425030	-22.807453	0.000000
0	0	59	0.742145	-1.647870	-4.187910	-6.331310	-55.739389	0.000000
0	0	60	19.350800	13.504300	-10.008600	21.779700	-18.271843	0.000000
0	0	61	-12.623100	-7.107770	-11.609000	11.073800	-60.738813	0.000000
0	0	62	-29.335300	-13.146000	-15.131900	-9.347440	-65.491414	0.000000
0	0	63	-9.750000	22.474400	-7.741930	-8.054010	-9.503844	0.000000
0	0	64	-11.025100	-22.109000	-20.303700	15.005100	-68.718664	0.000000
0	0	65	23.772100	10.703900	-7.009900	-9.715720	-16.610237	0.000000
0	0	66	34.993000	-13.852500	31.959700	-22.746800	56.716834	0.000000
0	0	67	52.155700	20.771800	-30.823100	33.551000	-28.011913	0.000000
0	0	68	36.891800	8.777640	-26.380900	-10.158400	-35.798159	0.000000
0	0	69	43.042500	-19.238700	7.346210	1.171570	79.550436	0.000000
0	0	70	31.207800	5.705820	-24.273400	-17.166200	-38.385967	0.000000
0	0	71	56.728100	16.814900	-2.991190	21.068100	-5.043395	0.000000
0	0	72	45.689400	-5.732530	0.026640	19.160600	89.866870	0.000000
0	0	73	48.223000	21.816500	-25.497800	1.078200	-24.724474	0.000000
0	0	74	33.991600	11.393500	-17.070500	-12.895900	-28.139674	0.000000
0	0	75	24.627800	8.459850	8.044410	9.867520	21.779037	0.000000
0	0	76	-6.841460	-52.634900	-3.698440	-29.320700	-87.990333	0.000000
0	0	77	2.278610	4.900500	-39.593900	6.064020	-41.472218	0.000000
0	0	78	-4.206340	17.232100	-5.767230	-2.004890	-9.252168	0.000000
0	0	79	27.505000	18.636100	-8.857020	-15.084300	-12.709970	0.000000
0	0	80	41.999500	8.426670	-2.437780	-11.472000	-8.067404	0.000000
0	0	81	43.297200	24.856500	-16.679400	8.393800	-16.931353	0.000000
0	0	82	46.929900	23.921100	-16.175700	1.383630	-17.033486	0.000000
0	0	83	12.939500	44.077100	-27.852200	12.850600	-16.144341	0.000000
0	0	84	0.701412	16.840800	-35.868300	35.545900	-32.424558	0.000000
0	0	85	8.354250	-7.565260	-6.834560	46.576300	-68.952454	0.000000
0	0	86	51.617400	-13.701100	-27.105500	-31.898400	-58.407684	0.000000
0	0	87	60.489500	40.766300	-7.818040	6.646640	-5.428102	0.000000
0	0	88	43.661900	-7.762270	-58.790400	16.714500	-48.760713	0.000000
0	0	89	22.889800	-24.292500	-0.923889	-29.928400	-88.910992	0.000000
0	0	90	12.646200	20.683100	-33.389300	22.923400	-29.111867	0.000000
0	0	91	7.263190	12.098800	-14.583700	28.578300	-25.160261	0.000000
0	0	92	11.248300	-14.375900	-1.898040	-10.158200	-86.239390	0.000000
0	0	93	7.507480	3.557760	10.109200	14.716100	35.305676	0.000000
0	0	94	61.543500	-0.059563	-14.197000	-44.139900	-45.120191	0.000000
0	0	95	46.523200	-17.369700	-14.675200	-6.252880	-69.903209	0.000000
0	0	96	16.431400	22.239100	0.603328	17.872300	0.777002	0.000000
0	0	97	8.649840	-0.657418	-10.619200	28.248900	-46.771285	0.000000
0	0	98	36.951700	-1.353190	-19.332500	-11.153100	-47.001961	0.000000
0	0	99	19.963300	33.970000	5.408570	-4.259360	4.523239	0.000000
0	0	100	8.082670	-6.139970	-2.606060	52.526700	-78.500801	0.000000
0	0	101	22.379700	-3.188960	23.811400	23.529900	48.813996	0.000000
0	0	102	50.302700	15.306700	-4.677630	-40.045500	-8.496409	0.000000
0	0	103	48.333100	-24.605000	1.974420	-10.961600	87.706075	0.000000
0	0	104	35.508500	5.228570	-12.920900	0.822873	-33.984398	0.000000
0	0	105	6.460940	26.422300	-8.906740	-10.760600	-9.314269	0.000000
0	0	106	18.666400	34.225400	0.391399	-9.226590	0.327601	0.000000
0	0	107	-27.521600	-9.357530	-39.653300	13.086200	-51.638974	0.000000
0	0	108	15.971100	14.462400	5.683820	-0.341535	10.727579	0.000000
0	0	109	36.406000	12.153800	-17.831500	3.862070	-27.860994	0.000000
0	0	110	9.414790	-16.168200	-16.678000	-17.219100	-67.055397	0.000000
0	0	111	60.894600	14.325700	5.592200	26.604700	10.661877	0.000000
0	0	112	31.705900	-26.473800	-26.164300	1.243690	-67.668441	0.000000
0	0	113	47.072300	12.906900	-26.081400	-42.073600	-31.835289	0.000000
0	0	114	9.339510	10.539200	-32.051900	27.755600	-35.899136	0.000000
0	0	115	31.508400	-21.551500	-0.036361	-5.569590	-89.951667	0.000000
0	0	116	46.214000	30.542000	-1.361830	23.963300	-1.276528	0.000000
0	0	117	33.648600	44.979900	4.781250	5.521180	3.033806	0.000000
0	0	118	7.673670	57.082800	42.355700	23.504000	18.287792	0.000000
0	0	119	47.975500	27.032000	-2.605120	-14.419100	-2.752346	0.000000
0	0	120	27.322700	-2.650640	-7.311780	19.601800	-54.963205	0.000000
0	0	121	21.875700	13.881800	-13.988600	33.044000	-22.609779	0.000000
0	0	122	39.902100	-3.778940	-20.853600	6.839430	-50.135635	0.000000
0	0	123	58.139600	22.169800	0.895870	8.173640	1.157017	0.000000
0	0	124	33.744900	23.479800	-17.725800	5.831470	-18.525276	0.000000
0	0	125	47.947700	-26.619700	-25.341500	-5.722090	-68.204571	0.000000
0	0	126	19.225700	-7.839620	-25.616600	-3.655380	-53.508017	0.000000
0	0	127	55.566700	-19.539500	-5.835530	20.613700	-81.685794	0.000000
0	0	128	21.828200	-29.539900	7.350640	28.433600	83.013226	0.000000
0	0	129	44.796400	-9.010410	22.514100	6.128740	55.905937	0.000000
0	0	130	12.721100	-9.785430	-8.624100	18.990400	-69.304806	0.000000
0	0	131	40.961300	12.400000	-7.306570	2.609840	-15.254136	0.000000
0	0	132	57.306600	-7.681260	4.052530	-5.233760	76.092235	0.000000
0	0	133	32.104900	0.416958	-39.819900	5.482170	-44.700036	0.000000
0	0	134	24.070100	-12.025600	16.952400	-34.603700	62.675458	0.000000
0	0	135	13.552600	-13.137200	5.039260	33.632500	79.506916	0.000000
0	0	136	33.689100	5.518580	-5.567240	53.151700	-22.625746	0.000000
0	0	137	73.814400	-14.454500	-9.078030	6.412080	-73.934731	0.000000
0	0	138	51.637500	3.364970	-35.380500	5.746610	-42.283526	0.000000
0	0	139	43.514100	30.837700	-2.540990	7.436510	-2.355232	0.000000
0	0	140	32.849800	-32.367000	-15.399800	13.510100	-77.277750	0.000000
0	0	141	56.262000	-2.944320	-40.529900	24.892200	-47.077494	0.000000
0	0	142	62.094300	10.706000	-40.013800	-23.764700	-37.510465	0.000000
0	0	143	96.780800	10.567700	20.458000	6.100850	31.340560	0.000000
0	0	144	40.294900	-10.551800	-20.287200	16.196700	-58.739946	0.000000
0	0	145	39.854400	20.115700	-7.835350	29.731300	-10.640809	0.000000
0	0	146	64.366000	59.093100	-18.966200	34.413100	-8.897135	0.000000
0	0	147	34.482400	-15.710200	-34.847700	-0.894240	-57.133511	0.000000
0	0	148	12.573400	-33.557600	-32.172000	14.566800	-68.103817	0.000000
0	0	149	50.642700	27.795100	13.593600	2.175280	13.030811	0.000000
0	0	150	27.547000	-15.276700	-8.667280	0.237443	-75.215733	0.000000
0	0	151	64.680800	16.739900	-33.320200	12.759800	-31.662639	0.000000
0	0	152	36.841200	11.504900	-14.979600	-10.211700	-26.237186	0.000000
0	0	153	88.537000	-2.875480	-33.556900	20.560600	-47.448846	0.000000
0	0	154	61.971900	42.320300	3.892400	24.498100	2.627491	0.000000
0	0	155	56.019400	-30.793300	8.483040	2.007370	82.299004	0.000000
0	0	156	60.035700	9.818940	-44.416000	-10.103900	-38.767124	0.000000
0	0	157	32.186100	-24.253600	-14.166400	39.178600	-74.855512	0.000000
0	0	158	47.242900	-11.968500	-47.492900	24.726100	-52.072186	0.000000
0	0	159	50.134100	-15.958000	-27.843000	-19.485600	-59.909422	0.000000
0	0	160	53.884100	-28.792800	9.327380	22.145600	81.025177	0.000000
0	0	161	45.426400	35.917400	-20.338900	-19.868300	-14.760760	0.000000
0	0	162	24.552300	21.801100	-10.900100	4.142670	-13.282053	0.000000
0	0	163	60.640400	18.085000	-26.303400	-4.659110	-27.744694	0.000000
0	0	164	59.513100	37.500500	-18.876800	-5.566130	-13.359762	0.000000
0	0	165	30.749600	8.891520	-15.337400	3.701070	-29.948965	0.000000
0	0	166	6.516600	-9.946590	0.555808	-20.077000	88.400840	0.000000
0	0	167	45.857900	-8.101210	30.272400	-2.004210	52.490945	0.000000
0	0	168	48.370300	8.136150	4.675780	42.584500	14.942818	0.000000
0	0	169	35.624000	-13.189000	-28.052300	15.839300	-57.590458	0.000000
0	0	170	33.020300	-7.849280	-42.628000	26.235500	-50.216628	0.000000
0	0	171	21.481600	17.104300	-7.609000	-4.976470	-11.991158	0.000000
0	0	172	75.629700	46.466700	3.367240	2.659860	2.072366	0.000000
0	0	173	78.138500	-1.250970	-11.901300	-9.064060	-48.000221	0.000000
0	0	174	94.243500	0.521018	-16.641000	-7.488610	-44.103348	0.000000
0	0	175	55.976000	-9.892200	-22.672900	31.843700	-56.785836	0.000000
0	0	176	45.705900	-21.328700	-20.895200	16.065800	-67.794109	0.000000
0	0	177	72.753600	-5.452820	-17.103400	8.789480	-53.841530	0.000000
0	0	178	78.137800	27.133100	-13.037700	26.716600	-12.832353	0.000000
0	0	179	44.497500	0.876159	-19.552800	-19.910200	-43.717149	0.000000
0	0	180	111.279000	-15.727800	-13.814900	37.844100	-69.352375	0.000000
0	0	181	61.700400	13.969600	7.154610	-5.166500	13.559757	0.000000
0	0	182	78.572400	3.666160	-0.153694	22.593600	-1.200284	0.000000
0	0	183	31.593700	-7.065750	-1.137870	73.259400	-85.425810	0.000000
0	0	184	68.146900	56.157600	-32.615400	44.363400	-15.073654	0.000000
0	0	185	42.602500	20.044400	-4.465210	20.108800	-6.279246	0.000000
0	0	186	69.513100	12.006500	-17.869900	-6.715330	-28.051739	0.000000
0	0	187	79.595900	-38.760200	-2.347070	41.766400	-88.267383	0.000000
0	0	188	52.756700	9.119320	-24.108300	27.188300	-34.640068	0.000000
0	0	189	64.656000	-16.081200	-28.804100	19.989600	-59.587214	0.000000
0	0	190	40.562100	2.884830	-26.231300	39.376800	-41.862012	0.000000
0	0	191	76.580700	10.877400	12.971400	53.704800	25.008941	0.000000
0	0	192	76.403200	-39.900900	-60.758200	-11.231300	-61.646779	0.000000
0	0	193	86.436000	17.501100	-31.455900	-0.793839	-30.454888	0.000000
0	0	194	72.523200	-2.876920	-5.359510	29.116100	-59.113182	0.000000
0	0	195	96.763000	-23.071000	-8.309820	32.602800	-80.095879	0.000000
0	0	196	89.933900	0.625357	-33.358300	60.986400	-44.463010	0.000000
0	0	197	52.187300	14.243400	-6.048150	23.962900	-11.503724	0.000000
0	0	198	97.303500	-20.646100	-20.133000	50.228600	-67.860441	0.000000
0	0	199	118.619000	-4.347880	-16.967400	29.120100	-52.186364	0.000000
0	0	200	72.002400	-9.976150	-42.235200	18.687500	-51.644971	0.000000
0	0	201	62.367200	-21.787400	-12.963500	33.730800	-74.623680	0.000000
0	0	202	143.620000	23.748000	-13.598200	21.879300	-14.897813	0.000000
0	0	203	122.197000	-5.215050	-30.254800	50.376600	-49.890013	0.000000
0	0	204	102.593000	-0.328656	-66.183300	67.713800	-45.142260	0.000000
0	0	205	77.615800	-16.247100	-18.575200	30.283100	-65.587546	0.000000
0	0	206	109.202000	45.282500	-27.333200	8.459650	-15.557907	0.000000
0	0	207	81.313400	2.403200	-1.552420	28.732500	-16.430833	0.000000
0	0	208	110.767000	-0.905124	2.776220	29.980800	54.028696	0.000000
0	0	209	104.999000	-20.896900	-13.816200	57.194000	-73.264453	0.000000
0	0	210	98.183900	12.959400	-34.682300	58.460800	-34.755639	0.000000
0	0	211	103.124000	11.592000	-47.639100	44.809800	-38.162013	0.000000
0	0	212	96.117000	32.001600	-16.701200	64.684300	-13.779722	0.000000
0	0	213	102.429000	8.882100	-1.644440	24.484200	-5.244512	0.000000
0	0	214	119.200000	-18.095600	-17.286900	80.904300	-68.154660	0.000000
0	0	215	116.488000	30.801100	-22.139900	68.603900	-17.854333	0.000000
0	0	216	110.488000	9.750510	-33.800300	20.015600	-36.954260	0.000000
0	0	217	125.131000	10.861300	-21.306200	60.398100	-31.494398	0.000000
0	0	218	105.260000	32.422300	-20.086300	19.445100	-15.889545	0.000000
0	0	219	117.398000	-10.376400	-10.201000	103.486000	-67.744186	0.000000
0	0	220	134.071000	-3.371790	-17.741300	81.838800	-50.380453	0.000000
0	0	221	168.205000	17.347200	-39.259900	87.433800	-33.080751	0.000000
0	0	222	167.608000	6.875430	-39.149500	66.403800	-40.019649	0.000000
0	0	223	110.531000	-4.384020	-59.778400	10.112700	-47.097220	0.000000
0	0	224	114.708000	27.819800	-46.763800	43.647100	-29.625786	0.000000
0	0	225	167.394000	-7.492520	-26.103200	71.898200	-53.007654	0.000000
0	0	226	126.568000	-1.650690	-55.994100	77.643600	-45.844287	0.000000
0	0	227	167.256000	-2.744460	-27.890900	47.859400	-47.809902	0.000000
0	0	228	136.014000	7.750600	-33.290800	42.350900	-38.447071	0.000000
0	0	229	136.492000	-31.441200	-29.567700	47.896800	-68.379461	0.000000
0	0	230	146.173000	-26.390400	-104.406000	93.990400	-52.092681	0.000000
0	0	231	121.551000	-1.011470	-6.059440	61.022300	-49.738352	0.000000
0	0	232	149.587000	48.724800	-22.635300	63.432300	-12.458706	0.000000
0	0	233	147.277000	-27.314600	-38.864000	78.351000	-62.550258	0.000000
0	0	234	135.240000	-8.799240	-33.499900	70.440600	-52.358565	0.000000
0	0	235	143.769000	-3.154450	1.299410	122.497000	78.805904	0.000000
0	0	236	173.961000	16.716900	-21.412300	69.557500	-26.010157	0.000000
0	0	237	189.629000	-10.285900	-19.216300	82.288200	-59.079393	0.000000
0	0	238	219.465000	16.530400	-19.703800	98.279000	-25.002604	0.000000
0	0	239	149.552000	-21.499300	-1.739000	75.585400	-87.687810	0.000000
0	0	240	188.469000	38.549500	-95.320300	76.862200	-33.990287	0.000000
0	0	241	139.369000	19.037700	-55.192200	49.085100	-35.484457	0.000000
0	0	242	158.681000	-2.100590	-50.473600	57.611400	-46.191569	0.000000
0	0	243	179.869000	-9.611120	-48.373600	101.079000	-50.618740	0.000000
0	0	244	191.145000	-0.792194	-74.619300	72.947600	-45.304128	0.000000
0	0	245	165.335000	1.768030	-48.260800	60.843100	-43.950956	0.000000
0	0	246	140.907000	-1.536820	-61.992600	84.705400	-45.710047	0.000000
0	0	247	206.190000	12.129900	-40.963200	113.007000	-36.752541	0.000000
0	0	248	246.073000	23.433400	-55.937600	148.079000	-33.635099	0.000000
0	0	249	201.662000	12.550300	-65.647500	104.685000	-39.588476	0.000000
0	0	250	200.619000	-18.789900	-56.848500	68.547200	-54.145028	0.000000
0	0	251	203.076000	-2.362630	-93.058200	92.172600	-45.727177	0.000000
0	0	252	201.623000	-44.995100	-53.849200	129.970000	-64.940661	0.000000
0	0	253	226.431000	50.131600	-63.778600	109.204000	-25.915877	0.000000
0	0	254	205.576000	-13.013200	-55.320900	133.137000	-51.618551	0.000000
0	0	255	207.690000	-29.972800	-59.951800	85.381700	-58.281340	0.000000
0	0	256	181.080000	-26.265000	-73.058800	134.536000	-54.886881	0.000000
0	0	257	186.210000	4.723500	-53.626700	134.620000	-42.483157	0.000000
0	0	258	188.894000	10.959300	-58.298500	87.669200	-39.676724	0.000000
0	0	259	228.501000	-16.581600	-27.231900	116.969000	-60.668691	0.000000
0	0	260	191.363000	39.861300	-121.475000	164.782000	-35.916529	4.992110
0	0	261	235.718000	-2.173220	-76.921500	166.738000	-45.809158	0.000000
0	0	262	251.823000	20.771400	-50.600300	154.747000	-33.840936	0.000000
0	0	263	236.936000	-33.725000	-41.062200	135.986000	-64.698387	0.000000
0	0	264	240.809000	-14.886400	-27.579800	145.458000	-59.179141	0.000000
0	0	265	255.528000	22.721100	-48.735500	169.955000	-32.502239	0.000000
0	0	266	265.240000	3.043770	-50.480000	178.910000	-43.274720	0.000000
0	0	267	265.321000	7.145490	-84.577200	145.488000	-42.585422	0.000000
0	0	268	261.321000	-9.101890	-35.884700	173.314000	-52.116253	0.000000
0	0	269	260.375000	13.599700	-71.768700	157.721000	-39.635023	0.000000
0	0	270	234.944000	23.177900	-91.641800	158.918000	-37.903244	0.000000
0	0	271	244.922000	-51.731300	-76.449900	143.709000	-62.042503	0.000000
0	0	272	211.390000	-6.517980	-104.033000	101.378000	-46.792533	0.000000
0	0	273	224.099000	46.830300	-31.074100	154.725000	-16.783070	0.000000
0	0	274	221.370000	32.748600	-54.989100	103.726000	-29.612104	0.000000
0	0	275	227.149000	44.576300	-59.543300	216.900000	-26.590063	0.000000
0	0	276	204.822000	37.127000	-76.661300	88.722900	-32.079567	0.000000
0	0	277	213.874000	25.095200	-75.218200	93.913100	-35.774825	0.000000
0	0	278	233.610000	-4.457700	-114.478000	142.512000	-46.114967	5.609430
0	0	279	282.829000	50.277700	-113.628000	132.762000	-33.065872	5.111660
0	0	280	211.327000	-15.833000	-110.076000	146.309000	-49.092556	0.000000
0	0	281	225.001000	-26.144000	-103.760000	136.183000	-52.071108	0.000000
0	0	282	241.828000	-9.132900	-107.462000	120.645000	-47.428869	0.000000
0	0	283	240.197000	-42.139100	-121.136000	109.476000	-54.590525	4.972340
0	0	284	323.584000	2.119020	-130.104000	90.588700	-44.533450	4.939250
0	0	285	258.469000	-21.658100	-150.557000	116.529000	-49.093010	4.219280
0	0	286	265.826000	-3.866440	-148.757000	115.631000	-45.744438	4.318880
0	0	287	283.423000	0.676661	-148.394000	121.599000	-44.869370	4.331080
0	0	288	298.019000	-9.026170	-127.709000	117.502000	-47.021404	5.018320
0	0	289	283.426000	30.200100	-97.133300	101.180000	-36.364400	0.000000
0	0	290	290.565000	56.770500	-126.210000	72.412400	-32.890658	4.588010
0	0	291	305.017000	34.097100	-145.444000	88.050900	-38.403077	4.286280
0	0	292	248.802000	35.610900	-136.064000	87.030400	-37.666712	4.548690
0	0	293	265.348000	53.184400	-171.849000	98.171200	-36.401788	3.550400
0	0	294	289.694000	50.105700	-109.871000	87.364800	-32.742531	5.256460
0	0	295	245.882000	3.254360	-137.006000	44.368400	-44.319643	4.689600
0	0	296	277.887000	76.531900	-126.523000	100.196000	-29.415437	4.262480
0	0	297	286.787000	65.517100	-129.630000	94.137700	-31.593614	4.360180
0	0	298	207.762000	77.931500	-93.167400	56.946500	-25.044307	5.133380
0	0	299	230.329000	57.285100	-73.837600	90.650400	-26.097387	0.000000
0	0	300	227.250000	60.357500	-88.552100	96.823000	-27.860743	0.000000
0	0	301	220.876000	12.438600	-118.474000	52.380600	-42.003233	5.391080
0	0	302	254.069000	30.730100	-86.551300	64.553000	-35.226279	0.000000
0	0	303	319.607000	70.840100	-98.980500	91.540600	-27.204397	5.150910
0	0	304	241.312000	74.272400	-61.567500	52.382200	-19.828378	0.000000
0	0	305	238.705000	-18.673300	-57.911800	79.724000	-53.935797	0.000000
0	0	306	204.978000	13.940800	-67.179400	99.795800	-39.138300	0.000000
0	0	307	221.389000	22.242800	-25.052400	96.594500	-24.199848	0.000000
0	0	308	244.508000	-9.332310	-32.131600	58.994500	-53.097712	0.000000
0	0	309	202.744000	9.168500	-21.263300	75.991500	-33.337414	0.000000
0	0	310	177.400000	-4.538640	-44.042300	93.669600	-47.941833	0.000000
0	0	311	150.813000	17.116500	5.013050	78.484100	8.162079	0.000000
0	0	312	161.001000	31.839800	6.660390	28.894200	5.907508	0.000000
0	0	313	177.876000	35.854400	36.308800	99.126300	22.680389	0.000000
0	0	314	151.897000	-1.326230	34.243000	94.474900	46.108977	0.000000
0	0	315	167.236000	28.739500	63.781600	56.517000	32.872019	0.000000
0	0	316	129.943000	-4.072850	36.157900	36.904700	48.213373	0.000000
0	0	317	153.418000	-16.157400	-23.982100	25.202100	-61.984616	0.000000
0	0	318	134.800000	-22.329800	38.813700	9.771570	59.956063	0.000000
0	0	319	128.369000	8.946480	48.270900	35.516300	39.750001	0.000000
0	0	320	125.743000	-5.080460	85.746300	38.406100	46.695403	0.000000
0	0	321	197.779000	-32.153300	58.042500	52.088700	59.492379	0.000000
0	0	322	172.054000	-7.044030	25.001000	15.932400	52.867589	0.000000
0	0	323	128.004000	-20.141000	43.243800	9.257210	57.486984	0.000000
0	0	324	148.659000	-23.712300	89.337800	47.382700	52.432433	0.000000
0	0	325	150.139000	4.011430	45.086700	48.709100	42.457849	0.000000
0	0	326	170.379000	-12.540700	53.381200	40.307300	51.610301	0.000000
0	0	327	188.035000	-58.688700	45.853700	29.057200	70.999678	0.000000
0	0	328	157.556000	-51.066100	63.399700	13.143500	64.425076	0.000000
0	0	329	147.708000	-47.438100	47.640000	-13.160300	67.439166	0.000000
0	0	330	157.740000	-89.396500	16.345600	0.978793	84.819139	0.000000
0	0	331	170.226000	-29.665700	-0.736473	21.784500	-89.288941	0.000000
0	0	332	151.178000	-42.059600	-7.557000	44.659100	-84.907071	0.000000
0	0	333	145.814000	-69.322100	54.893500	26.885100	70.812827	0.000000
0	0	334	172.784000	-77.464000	22.905000	17.044000	81.763902	0.000000
0	0	335	160.082000	-79.404800	-20.129000	20.641700	-82.887626	0.000000
0	0	336	158.948000	-60.063400	17.189400	21.897300	82.014768	0.000000
0	0	337	141.157000	-40.168200	-20.573500	-4.069160	-76.439606	0.000000
0	0	338	135.084000	-59.817200	-36.813700	34.912100	-74.195167	0.000000
0	0	339	144.908000	-32.044900	27.269800	15.435300	69.801321	0.000000
0	0	340	191.564000	-69.941100	2.717190	-6.841380	88.887598	0.000000
0	0	341	121.329000	-58.043500	-30.445100	33.672800	-76.160998	0.000000
0	0	342	126.430000	-70.720300	-40.442000	14.364000	-75.118278	0.000000
0	0	343	172.648000	-13.828400	-22.349800	-8.328070	-60.873076	0.000000
0	0	344	130.327000	-56.729200	-19.780900	-9.182270	-80.388426	0.000000
0	0	345	135.237000	-25.592800	-9.365740	33.104200	-79.949896	0.000000
0	0	346	142.096000	-18.532700	-38.848800	-21.840200	-57.751666	0.000000
0	0	347	151.094000	-58.800400	-19.109200	-22.196400	-80.998329	0.000000
0	0	348	131.312000	-17.274000	-4.998400	-26.143300	-81.930843	0.000000
0	0	349	116.731000	3.210730	-0.461803	-44.806100	-4.092393	0.000000
0	0	350	139.585000	-8.812040	-15.206000	-46.810800	-60.046376	0.000000
0	0	351	136.058000	-7.990480	3.747810	-2.559690	77.435904	0.000000
0	0	352	153.037000	-24.504400	-64.472400	-3.122500	-55.405293	0.000000
0	0	353	125.839000	-36.758700	-1.808570	-29.582100	-88.591627	0.000000
0	0	354	153.138000	-32.595600	16.536000	-25.389300	76.550483	0.000000
0	0	355	120.249000	-20.441000	-29.303200	14.635100	-62.449214	0.000000
0	0	356	121.112000	11.699400	-4.806320	-20.768500	-11.166862	0.000000
0	0	357	110.115000	-14.391900	-17.330200	-27.705500	-64.854003	0.000000
0	0	358	136.803000	-3.104730	24.108000	-44.734600	48.669200	0.000000
0	0	359	168.795000	-15.215900	-18.395000	-33.976200	-64.798366	0.000000
0	0	360	144.660000	14.219900	-15.299000	-67.519500	-23.546793	0.000000
0	0	361	148.034000	-12.669600	-4.852580	-74.613900	-79.521337	0.000000
0	0	362	119.390000	34.665900	-22.957500	-71.102600	-16.757263	0.000000
0	0	363	120.631000	-1.856930	8.493640	-37.893400	51.166152	0.000000
0	0	364	162.839000	18.327500	-54.075100	-78.158700	-35.638552	0.000000
0	0	365	180.131000	26.530000	4.956240	-49.200600	5.290908	0.000000
0	0	366	144.717000	3.481840	8.590620	-10.114500	33.968467	0.000000
0	0	367	171.127000	32.125600	-34.034300	-88.906100	-23.326257	0.000000
0	0	368	156.317000	32.536500	20.535700	-55.586600	16.129217	0.000000
0	0	369	154.646000	26.945600	-16.967000	-39.361000	-16.098820	0.000000
0	0	370	173.453000	35.300500	-6.892370	-62.240400	-5.523963	0.000000
0	0	371	157.600000	2.869570	-17.202500	-83.052300	-40.264810	0.000000
0	0	372	116.515000	33.241800	-45.310000	-46.688800	-26.867134	0.000000
0	0	373	123.612000	3.600130	-6.623420	-46.741200	-30.736954	0.000000
0	0	374	145.439000	18.524800	16.533300	-57.996100	20.874384	0.000000
0	0	375	178.125000	30.747700	32.395600	-36.922300	23.247477	0.000000
0	0	376	143.387000	22.231800	45.128300	-29.309800	31.886754	0.000000
0	0	377	152.053000	32.900500	-39.953700	-74.248600	-25.264858	0.000000
0	0	378	125.157000	21.357100	-7.586160	-48.584200	-9.777660	0.000000
0	0	379	165.148000	11.603400	5.247170	-51.780900	12.166472	0.000000
0	0	380	106.818000	52.896600	-7.466180	-74.315800	-4.017019	0.000000
0	0	381	117.882000	-14.513600	-12.044300	-13.011300	-70.155987	0.000000
0	0	382	131.000000	18.311600	5.056470	-31.005800	7.718341	0.000000
0	0	383	147.775000	25.577400	-17.879400	-45.636300	-17.477374	0.000000
0	0	384	129.424000	4.653960	29.585200	-38.056400	40.530115	0.000000
0	0	385	124.249000	27.879500	7.738970	-85.849500	7.756965	0.000000
0	0	386	121.822000	10.466000	-35.269700	-48.698800	-36.736084	0.000000
0	0	387	90.799500	20.705800	17.335600	2.407210	19.968608	0.000000
0	0	388	127.565000	-7.703380	5.646760	-43.449500	71.878851	0.000000
0	0	389	112.751000	13.060100	38.409100	-42.069400	35.610311	0.000000
0	0	390	116.367000	33.400700	14.088700	-30.537300	11.435216	0.000000
0	0	391	127.187000	13.561800	76.254500	-2.806860	39.957718	0.000000
0	0	392	113.274000	19.042800	-9.791520	-29.283500	-13.605771	0.000000
0	0	393	108.675000	21.070200	12.086600	-33.875500	14.920041	0.000000
0	0	394	133.647000	6.042910	-8.267910	6.194880	-26.918703	0.000000
0	0	395	74.513700	1.784060	48.862300	0.046260	43.954473	0.000000
0	0	396	108.915000	38.584600	0.365993	-57.332900	0.271731	0.000000
0	0	397	100.649000	34.491600	8.304430	-0.940415	6.768632	0.000000
0	0	398	91.332100	-37.974200	21.290400	-36.962200	75.361321	0.000000
0	0	399	111.176000	15.808600	9.708120	-23.820100	15.777120	0.000000
0	0	400	44.811900	27.171000	35.510700	-22.737500	26.289301	0.000000
0	0	401	80.043100	-25.868800	11.123700	-11.520800	78.366039	0.000000
0	0	402	107.092000	34.820900	0.369068	-25.810800	0.303629	0.000000
0	0	403	120.829000	-6.370370	6.220750	4.172710	67.840406	0.000000
0	0	404	86.596300	27.319600	3.126880	-31.252500	3.264704	0.000000
0	0	405	121.587000	18.253200	-5.964860	-13.263300	-9.048291	0.000000
0	0	406	80.885700	6.331320	7.296520	-12.216500	24.525622	0.000000
0	0	407	103.211000	4.924560	8.993860	-21.396200	30.648614	0.000000
0	0	408	96.123700	-13.869400	-13.108100	0.362016	-68.308224	0.000000
0	0	409	88.973000	9.033480	14.877300	-22.335200	29.366961	0.000000
0	0	410	92.326000	-22.520800	-3.744830	3.067300	-85.279529	0.000000
0	0	411	97.490800	32.527200	-26.914100	-16.284900	-19.802750	0.000000
0	0	412	46.546000	29.947700	6.620120	3.379070	6.232560	0.000000
0	0	413	53.318700	7.942440	-10.591000	14.665800	-26.566453	0.000000
0	0	414	90.501200	34.520500	17.922500	-15.497900	13.718814	0.000000
0	0	415	78.570200	20.104400	20.237500	7.471480	22.594518	0.000000
0	0	416	70.492600	19.544200	11.163200	-41.156900	14.867010	0.000000
0	0	417	100.993000	20.515800	17.153700	-36.963400	19.949859	0.000000
0	0	418	63.222300	-4.026700	14.597100	-52.466800	52.710923	0.000000
0	0	419	43.646000	-11.235400	-12.509600	-17.984900	-65.964175	0.000000
0	0	420	104.525000	13.513500	19.997000	-20.129800	27.975051	0.000000
0	0	421	76.401100	12.764400	5.864140	-15.194200	12.337349	0.000000
0	0	422	57.886400	32.749300	2.397430	-4.807640	2.093450	0.000000
0	0	423	101.630000	22.700100	-23.146700	-27.795300	-22.779054	0.000000
0	0	424	36.699600	18.386700	-8.292810	10.798400	-12.138216	0.000000
0	0	425	39.341600	15.083900	0.644512	-9.809010	1.223336	0.000000
0	0	426	61.525000	39.833600	-22.802500	-2.940480	-14.894357	0.000000
0	0	427	42.343800	40.742600	37.044300	-53.437500	21.138990	0.000000
0	0	428	61.953000	39.304200	25.419400	-11.260300	16.446081	0.000000
0	0	429	71.373700	-13.622800	3.553930	-47.462000	82.689256	0.000000
0	0	430	63.991200	0.367083	-3.798600	3.134360	-42.240141	0.000000
0	0	431	33.269600	12.180000	1.091470	-16.503700	2.560346	0.000000
0	0	432	23.437700	36.685900	-39.250500	-48.533200	-23.467158	0.000000
0	0	433	72.255600	43.370500	-11.764800	-18.460600	-7.588493	0.000000
0	0	434	51.582300	-9.517050	-6.233930	-48.753700	-73.387048	0.000000
0	0	435	50.431600	-13.778400	-34.774400	-14.785600	-55.807293	0.000000
0	0	436	15.654900	-8.943940	9.223720	-24.433400	67.058860	0.000000
0	0	437	70.492800	55.000000	-18.747900	1.333950	-9.411375	0.000000
0	0	438	61.118200	4.076120	-17.817300	0.960176	-38.557007	0.000000
0	0	439	36.625500	18.528100	-17.555500	-6.732580	-21.728010	0.000000
0	0	440	14.332200	-20.412900	16.442200	-32.601200	70.574611	0.000000
0	0	441	29.503100	21.039300	31.435600	12.496100	28.103147	0.000000
0	0	442	83.917500	10.923200	-35.604300	-15.474500	-36.472140	0.000000
0	0	443	20.218500	23.787900	22.269500	-3.197000	21.555891	0.000000
0	0	444	56.112900	30.549200	3.922320	-6.205870	3.658190	0.000000
0	0	445	24.765400	-22.818600	30.995800	-47.701000	63.179946	0.000000
0	0	446	62.121300	34.010900	-3.807420	2.352520	-3.193750	0.000000
0	0	447	23.583200	1.000210	-16.978800	0.886421	-43.314320	0.000000
0	0	448	36.150900	18.800900	-6.661810	-4.285020	-9.755500	0.000000
0	0	449	14.222900	6.469270	-40.225500	-12.026000	-40.431817	0.000000
0	0	450	47.074900	24.614800	-25.806100	3.055600	-23.176741	0.000000
0	0	451	56.803000	6.200560	-9.595280	-15.942200	-28.564538	0.000000
0	0	452	30.691100	31.733600	3.583540	26.926500	3.221437	0.000000
0	0	453	-22.008700	3.069900	-26.776600	-2.559920	-41.729837	0.000000
0	0	454	41.077300	27.125300	25.801800	-8.211670	21.783777	0.000000
0	0	455	-14.363700	-25.446300	3.333030	-22.269500	86.268858	0.000000
0	0	456	28.517600	-4.328350	40.638000	0.574457	48.039824	0.000000
0	0	457	49.160600	42.203000	28.692400	-3.115560	17.105233	0.000000
0	0	458	41.819400	-1.426210	1.658140	-31.623400	65.349847	0.000000
0	0	459	36.593700	6.181180	9.143280	32.833600	27.969959	0.000000
0	0	460	31.891000	26.883400	-7.067750	33.277100	-7.364975	0.000000
0	0	461	54.311800	-22.696600	7.945780	-1.521680	80.352762	0.000000
0	0	462	-14.015200	-43.256100	1.070900	-24.149700	89.290903	0.000000
0	0	463	36.768000	30.889000	18.396400	-8.078230	15.388269	0.000000
0	0	464	43.562800	8.638100	-15.070300	-7.354490	-30.089613	0.000000
0	0	465	22.506500	12.364000	-21.748800	-11.101500	-30.191077	0.000000
0	0	466	4.746600	-12.267600	22.439200	1.832660	59.332802	0.000000
0	0	467	19.120300	69.100100	0.409794	-23.499200	0.169893	0.000000
0	0	468	7.501320	-17.770000	-24.798500	-8.208930	-62.812230	0.000000
0	0	469	-0.903083	15.547900	-5.172390	-41.463300	-9.200485	0.000000
0	0	470	26.735900	13.573000	-0.662373	-8.005060	-1.396931	0.000000
0	0	471	13.846000	8.564240	21.185500	-5.631170	33.994487	0.000000
0	0	472	21.708600	-32.281300	-41.231900	15.836300	-64.029060	0.000000
0	0	473	19.466900	-1.218190	11.893500	19.907800	47.924059	0.000000
0	0	474	0.318119	68.868000	-66.768900	18.507100	-22.056684	0.000000
0	0	475	24.035800	0.445977	37.337300	10.903800	44.657830	0.000000
0	0	476	-7.265480	5.412440	1.610030	16.643700	8.283040	0.000000
0	0	477	4.038390	53.219100	-9.286040	6.075090	-4.948861	0.000000
0	0	478	-8.397590	7.099100	-21.883200	-7.435590	-36.013244	0.000000
0	0	479	49.021500	19.815800	-11.473900	-2.127480	-15.036018	0.000000
0	0	480	18.513100	-0.392520	-11.518800	22.483600	-45.975841	0.000000
0	0	481	10.724700	22.258400	35.265700	32.337700	28.870701	0.000000
0	0	482	20.800800	23.201000	17.356800	-16.346800	18.400186	0.000000
0	0	483	6.034500	-23.516300	-14.012600	10.712700	-74.605329	0.000000
0	0	484	39.503300	27.373300	12.255900	-12.051200	12.059793	0.000000
0	0	485	-33.254200	18.819400	0.179152	-20.165600	0.272706	0.000000
0	0	486	36.457300	-50.591600	5.641630	-19.196200	86.818527	0.000000
0	0	487	18.892400	-37.974100	15.739400	-12.988500	78.743553	0.000000
0	0	488	18.314600	-21.872500	-24.397800	-2.913120	-65.938030	0.000000
0	0	489	-0.010743	-7.519970	5.493090	3.461180	71.926552	0.000000
0	0	490	29.036400	33.969000	-24.549700	-19.875500	-17.927988	0.000000
0	0	491	-8.425920	-3.997630	19.501400	-30.103600	50.792342	0.000000
0	0	492	27.275500	-0.463589	24.227400	-8.779640	45.548108	0.000000
0	0	493	33.749100	-0.737609	-25.073300	3.926250	-45.842524	0.000000
0	0	494	17.708100	18.151600	-8.213500	5.117180	-12.173246	0.000000
0	0	495	27.370300	-11.911700	-23.327100	-19.066400	-58.525288	0.000000
0	0	496	22.911600	-6.566490	-27.231100	30.825200	-51.778721	0.000000
0	0	497	7.357690	-5.977340	-32.819100	17.247900	-50.161068	0.000000
0	0	498	29.853200	20.668300	11.172200	-4.697410	14.196666	0.000000
0	0	499	0.473448	5.151440	10.641800	30.413800	32.084745	0.000000
0	0	500	-15.501900	8.851900	2.160510	7.919640	6.858093	0.000000
0	0	501	8.503140	-15.792500	-16.097800	-19.237400	-67.225749	0.000000
0	0	502	19.636500	55.652300	-7.863590	3.312210	-4.021285	0.000000
0	0	503	31.368300	-9.416790	-20.090300	12.863400	-57.556788	0.000000
0	0	504	26.861600	29.630400	-48.232200	26.522500	-29.218211	0.000000
0	0	505	23.510400	1.708330	11.472500	-31.130200	40.765259	0.000000
0	0	506	3.260140	-25.226600	-26.678500	24.932700	-66.698864	0.000000
0	0	507	15.774400	-20.265800	-32.870500	-20.326400	-60.827634	0.000000
0	0	508	5.725210	9.649280	-18.453900	17.372300	-31.197788	0.000000
0	0	509	54.600200	-4.380810	23.377600	-31.356600	50.306880	0.000000
0	0	510	11.132900	4.352030	-1.052510	10.242000	-6.797781	0.000000
0	0	511	0.443710	21.123600	0.678397	-5.206900	0.919728	0.000000
0	0	512	-6.330600	5.246740	-8.748270	-13.388400	-29.523473	0.000000
0	0	513	-15.965200	5.074380	-13.070000	17.667700	-34.390740	0.000000
0	0	514	77.046200	-2.872770	-25.887100	-16.960400	-48.166188	0.000000
0	0	515	-13.711100	13.072400	-0.115089	2.643110	-0.252209	0.000000
0	0	516	-8.251610	-27.526300	14.514300	-22.407700	76.098918	0.000000
0	0	517	11.347000	9.388610	-9.625830	-23.605400	-22.857386	0.000000
0	0	518	-3.741940	46.131000	4.255700	28.401100	2.635380	0.000000
0	0	519	52.201300	41.440700	13.704300	-4.015470	9.149438	0.000000
0	0	520	-3.743180	26.579200	-30.499200	-22.695400	-24.464380	0.000000
0	0	521	4.851440	-1.283100	-1.934010	-30.235500	-61.780948	0.000000
0	0	522	-27.453000	-1.763860	-10.929000	2.058600	-49.584030	0.000000
0	0	523	34.625100	-0.109887	-31.574800	-5.642490	-45.099700	0.000000
0	0	524	-3.445400	-28.146000	11.523500	8.721360	78.867444	0.000000
0	0	525	21.668300	14.934000	-6.469120	-2.785680	-11.710664	0.000000
0	0	526	12.361700	-34.213900	-17.733000	36.416700	-76.301189	0.000000
0	0	527	-14.420700	6.690620	27.850100	-40.418800	38.245718	0.000000
0	0	528	-13.597500	1.432080	5.550150	47.893500	37.765902	0.000000
0	0	529	2.357570	47.095600	4.056100	19.677500	2.461221	0.000000
0	0	530	4.164280	40.000200	-55.156000	6.004610	-27.024825	0.000000
0	0	531	10.952300	-28.049600	14.323400	12.697600	76.474539	0.000000
0	0	532	-0.011702	-2.189210	25.969400	10.878300	47.409309	0.000000
0	0	533	-16.376200	-49.812100	-28.199900	-38.942800	-75.242347	0.000000
0	0	534	36.442500	-10.305800	8.012320	1.733280	71.068229	0.000000
0	0	535	13.902700	-8.581520	-24.300700	17.861300	-54.725051	0.000000
0	0	536	-17.109700	-0.090786	20.474300	-11.691700	45.127028	0.000000
0	0	537	-20.803200	-0.948396	11.332800	-24.637200	47.391852	0.000000
0	0	538	-13.455800	-10.428100	1.597980	-3.245310	85.643943	0.000000
0	0	539	5.422590	-36.691000	9.893480	5.070450	82.454739	0.000000
0	0	540	-16.554300	30.032700	-5.403580	9.272840	-5.099856	0.000000
0	0	541	19.240300	-4.904120	-5.320760	27.426200	-66.333311	0.000000
0	0	542	8.967870	7.922780	0.722942	-8.989930	2.606859	0.000000
0	0	543	-18.671400	26.609900	-3.876350	-17.908300	-4.144081	0.000000
0	0	544	-6.066090	-12.627100	9.017670	12.100400	72.233696	0.000000
0	0	545	47.658900	-23.554200	-3.647950	1.711610	-85.598139	0.000000
0	0	546	9.763520	-14.833000	-33.661700	2.560620	-56.890324	0.000000
0	0	547	26.414500	27.149800	-23.113100	-12.580200	-20.204166	0.000000
0	0	548	8.784830	16.343400	-6.586330	5.114250	-10.974627	0.000000
0	0	549	6.647660	-7.327570	-8.637310	47.510000	-65.155012	0.000000
0	0	550	0.272923	10.194600	14.287100	27.291400	27.245069	0.000000
0	0	551	10.023600	47.711800	44.262800	-4.398680	21.426222	0.000000
0	0	552	-7.535330	-4.504500	24.705400	27.801300	50.166575	0.000000
0	0	553	-0.561311	6.793000	-11.774200	21.506700	-30.008829	0.000000
0	0	554	-5.006050	-13.832300	-31.872000	-9.616210	-56.730310	0.000000
0	0	555	-12.795800	-9.082680	-3.866800	0.673404	-78.469463	0.000000
0	0	556	-9.907780	-0.698872	-7.743930	32.409600	-47.578422	0.000000
0	0	557	-10.615300	20.528100	-17.561600	-14.155400	-20.273341	0.000000
0	0	558	23.585900	-10.519100	7.960500	-33.918900	71.441396	0.000000
0	0	559	3.559390	15.731500	-42.875300	-28.392200	-34.925631	0.000000
0	0	560	-22.859300	0.824248	-0.867205	-13.414700	-23.227400	0.000000
0	0	561	-0.509177	0.640232	-2.505030	-18.329700	-37.831663	0.000000
0	0	562	-2.660650	-16.224200	-27.975900	21.108700	-60.055470	0.000000
0	0	563	18.274800	-4.669750	16.784800	-3.273420	52.773630	0.000000
0	0	564	10.087800	34.322100	25.697600	12.492200	18.411443	0.000000
0	0	565	9.747120	-26.006100	-21.513600	-22.997000	-70.200338	0.000000
0	0	566	-28.624800	-2.185930	10.448500	-17.103900	50.908208	0.000000
0	0	567	6.814470	10.477400	3.119830	18.592700	8.290913	0.000000
0	0	568	14.101000	-14.321700	8.477990	-33.732300	74.687910	0.000000
0	0	569	8.395540	-43.127400	2.207760	42.689100	88.534748	0.000000
0	0	570	13.809300	-4.609060	10.551700	-12.857900	56.798029	0.000000
0	0	571	-10.401400	2.544050	20.229800	1.182500	41.416126	0.000000
0	0	572	11.037000	-12.273000	-7.500680	-6.974370	-74.284345	0.000000
0	0	573	41.185600	-9.967340	-12.995200	-20.043300	-63.744133	0.000000
0	0	574	-13.043100	2.374110	6.195450	5.221950	34.516529	0.000000
0	0	575	21.815400	20.879700	-10.582700	-18.127900	-13.438893	0.000000
0	0	576	-13.931500	-0.973567	-3.836160	50.063700	-52.120134	0.000000
0	0	577	-21.482200	35.079100	-26.997900	34.003300	-18.791466	0.000000
0	0	578	-0.095412	-10.249800	-0.881335	-16.497500	-87.542739	0.000000
0	0	579	35.498700	14.070800	20.132200	-17.064000	27.524763	0.000000
0	0	580	-23.355800	-11.665500	-25.149000	-12.189700	-57.442242	0.000000
0	0	581	-1.360710	17.563800	-4.124780	18.180000	-6.608082	0.000000
0	0	582	11.026500	-16.795000	-3.544230	17.683100	-84.041886	0.000000
0	0	583	-14.593700	9.210540	-4.804330	42.628800	-13.773547	0.000000
0	0	584	26.316400	8.849530	-0.163794	-14.802300	-0.530177	0.000000
0	0	585	3.811760	-1.687160	-16.544900	-10.494700	-47.911294	0.000000
0	0	586	14.153800	38.866000	8.162290	-25.015700	5.930193	0.000000
0	0	587	-10.556000	-26.719300	-20.477700	0.242956	-71.266703	0.000000
0	0	588	-9.563850	-12.944500	-23.315100	12.538300	-59.519476	0.000000
0	0	589	-14.784500	-13.075800	-13.592700	-8.388690	-66.944804	0.000000
0	0	590	30.253600	-43.246600	-49.038300	25.064500	-65.704444	0.000000
0	0	591	-10.200900	15.378700	-6.199090	-21.923100	-10.977079	0.000000
0	0	592	-11.431600	-26.947300	-16.861000	13.872100	-73.982836	0.000000
0	0	593	-1.479150	-20.817100	-29.554300	16.888100	-62.579818	0.000000
0	0	594	9.961800	32.804000	-9.626180	-8.781000	-8.177039	0.000000
0	0	595	-23.649300	47.654900	-7.551370	44.635900	-4.502097	0.000000
0	0	596	2.920260	-21.741600	0.723383	9.617830	89.047184	0.000000
0	0	597	29.284900	1.728530	20.640700	10.863900	42.606503	0.000000
0	0	598	0.175362	34.169600	-33.891500	15.043900	-22.382944	0.000000
0	0	599	30.803400	54.921200	-16.095000	-28.178700	-8.166776	0.000000
0	0	600	25.699900	-9.697020	36.396800	-0.438055	52.459246	0.000000
0	0	601	29.594200	8.056580	9.725900	3.860200	25.181446	0.000000
0	0	602	2.224230	-15.264700	-35.733800	-4.811350	-56.565558	0.000000
0	0	603	-5.147980	-3.799020	8.425380	58.165000	57.135352	0.000000
0	0	604	6.026730	-9.351760	-29.202700	49.503700	-53.878472	0.000000
0	0	605	-2.675620	-5.828870	47.415300	20.929000	48.504168	0.000000
0	0	606	-5.391570	15.619300	12.466600	25.202100	19.297621	0.000000
0	0	607	6.259000	-21.407200	-39.807000	8.223700	-59.135121	0.000000
0	0	608	12.716900	13.500100	2.881140	14.286000	6.023558	0.000000
0	0	609	51.448100	-4.270960	-13.601000	2.374490	-53.716616	0.000000
0	0	610	15.141200	3.262900	20.518900	10.928700	40.482261	0.000000
0	0	611	-5.114770	6.071190	-6.069930	-7.400830	-22.497027	0.000000
0	0	612	41.088500	-12.435400	-27.133000	-3.949120	-57.311295	0.000000
0	0	613	1.859600	42.069000	36.660100	15.482100	20.534901	0.000000
0	0	614	13.488200	32.154200	15.388900	19.035300	12.787816	0.000000
0	0	615	-18.526700	16.531800	31.731600	-6.188840	31.240501	0.000000
0	0	616	43.891400	32.975800	13.194800	2.860690	10.904060	0.000000
0	0	617	-1.467480	20.246600	5.917130	-4.253430	8.145581	0.000000
0	0	618	-0.731412	-36.650100	-5.731340	10.804300	-85.556037	0.000000
0	0	619	-3.424740	-3.240480	13.511900	18.446300	51.743103	0.000000
0	0	620	-10.235900	-20.155600	-7.332890	14.480600	-80.003952	0.000000
0	0	621	9.194760	-3.392640	9.074370	-1.599550	55.249646	0.000000
0	0	622	13.926300	-15.458000	1.692830	-32.606500	86.875176	0.000000
0	0	623	-18.225500	17.022700	12.989900	31.183500	18.673496	0.000000
0	0	624	37.583100	-5.206470	10.441200	29.615600	58.251494	0.000000
0	0	625	16.175600	23.032500	19.025800	-29.862000	19.779059	0.000000
0	0	626	-1.126650	25.402100	6.967010	-3.395810	7.668654	0.000000
0	0	627	15.670500	15.384500	7.580190	-31.139600	13.115104	0.000000
0	0	628	8.684320	9.476260	0.148775	-9.947940	0.449728	0.000000
0	0	629	-22.421400	9.415740	0.232250	7.012440	0.706490	0.000000
0	0	630	4.438500	-14.575200	26.764600	16.348800	59.285694	0.000000
0	0	631	10.742500	-14.515700	29.014800	-19.128100	58.289081	0.000000
0	0	632	5.457500	30.388400	6.132620	13.542100	5.704750	0.000000
0	0	633	7.215900	7.788350	-18.295500	3.115540	-33.470332	0.000000
0	0	634	33.831000	-9.063840	-5.240280	-0.270102	-74.982773	0.000000
0	0	635	-8.562510	7.563560	-4.832150	9.439270	-16.286694	0.000000
0	0	636	-45.926700	25.745500	-25.719400	-21.421100	-22.485471	0.000000
0	0	637	18.255600	7.479850	-7.973120	-18.449700	-23.414151	0.000000
0	0	638	5.626520	4.176730	18.476700	-6.020790	38.631078	0.000000
0	0	639	2.334210	1.050440	-6.252370	-10.949500	-40.231496	0.000000
0	0	640	-10.322600	-41.767900	3.908190	-18.433500	87.327221	0.000000
0	0	641	-5.399760	-71.723400	-2.461030	39.512600	-89.017396	0.000000
0	0	642	19.517600	5.567180	-38.412100	-9.955990	-40.876687	0.000000
0	0	643	20.079900	32.583900	-34.365000	-21.987700	-23.261965	0.000000
0	0	644	43.236500	10.949600	18.199600	-13.590200	29.483609	0.000000
0	0	645	3.311050	10.432600	-29.930500	-0.506525	-35.391723	0.000000
0	0	646	-30.655400	-0.274046	-26.590800	-2.458330	-45.295236	0.000000
0	0	647	-16.150200	-26.506500	-13.407700	48.794900	-76.584244	0.000000
0	0	648	21.156800	31.066700	8.882010	13.343100	7.977651	0.000000
0	0	649	-0.495036	2.308570	-4.725850	-21.935000	-31.982283	0.000000
0	0	650	5.625070	1.925070	12.427800	-8.562300	40.597423	0.000000
0	0	651	9.358550	16.837200	3.981720	10.514200	6.652537	0.000000
0	0	652	-6.045100	-23.944800	19.309600	26.163900	70.558276	0.000000
0	0	653	3.098740	5.049820	1.929400	15.539200	10.455254	0.000000
0	0	654	-29.479400	0.158108	22.124800	59.143100	44.795280	0.000000
0	0	655	12.490500	-1.822010	-4.031590	-14.577700	-57.159899	0.000000
0	0	656	-5.070900	1.231140	-21.057500	-40.494300	-43.326988	0.000000
0	0	657	21.264200	37.563200	34.970900	-8.802490	21.476587	0.000000
0	0	658	-23.021900	-13.439400	-13.108700	-29.305700	-67.856838	0.000000
0	0	659	30.402200	-9.874080	-6.216850	-24.254900	-73.902472	0.000000
0	0	660	-10.677900	-8.893450	-44.335300	-2.659140	-50.671361	0.000000
0	0	661	3.878470	18.132100	30.183900	-13.266400	29.502941	0.000000
0	0	662	-18.393600	-0.104657	-0.944068	4.856440	-48.162918	0.000000
0	0	663	-1.574800	-14.336400	-6.355220	9.612480	-78.046322	0.000000
0	0	664	-6.281720	-2.250710	36.490000	-2.232870	46.764771	0.000000
0	0	665	-18.430500	42.521200	44.343000	13.010200	23.100743	0.000000
0	0	666	-2.503490	-9.227740	-30.031000	2.453460	-53.540411	0.000000
0	0	667	20.474400	11.397900	32.733200	6.162070	35.400785	0.000000
0	0	668	-5.973810	4.829590	-1.976770	-10.804300	-11.129738	0.000000
0	0	669	-13.766900	7.375160	17.032800	6.755780	33.293754	0.000000
0	0	670	6.569370	29.553400	16.056500	44.758400	14.257720	0.000000
0	0	671	1.279240	11.426800	-15.448300	-1.185980	-26.755202	0.000000
0	0	672	-27.816600	12.720600	-12.502900	-24.289100	-22.252751	0.000000
0	0	673	-33.661000	9.854100	41.965000	20.740400	38.392690	0.000000
0	0	674	-1.694340	46.411000	21.798300	-7.019990	12.579243	0.000000
0	0	675	-21.745100	27.299900	-11.937000	6.986080	-11.808782	0.000000
0	0	676	60.654200	-25.950700	-36.153900	-5.506210	-62.835095	0.000000
0	0	677	18.376500	40.551300	-11.105100	13.627300	-7.657571	0.000000
0	0	678	8.560220	22.830000	19.695100	-23.002100	20.391925	0.000000
0	0	679	-17.080600	3.808310	4.324350	-1.968310	24.315355	0.000000
0	0	680	21.341900	-0.243285	-13.599200	-21.872500	-45.512446	0.000000
0	0	681	-38.839200	7.915370	-11.198300	30.969800	-27.372963	0.000000
0	0	682	27.792800	-27.272000	-29.414700	2.042030	-66.417654	0.000000
0	0	683	-16.425900	-32.303200	23.455600	-23.841200	72.008156	0.000000
0	0	684	-22.269900	8.222340	-18.789300	-4.704550	-33.182725	0.000000
0	0	685	9.994220	3.627090	-75.951300	-7.593890	-43.632945	0.000000
0	0	686	0.390608	13.392900	33.001100	-7.736430	33.955558	0.000000
0	0	687	-6.679630	-19.226500	-12.376900	1.798780	-73.614463	0.000000
0	0	688	-38.086100	-21.559100	-3.864880	20.501200	-84.918298	0.000000
0	0	689	-17.803500	-13.437200	-27.351600	6.158230	-58.081902	0.000000
0	0	690	-20.112100	9.345400	4.777400	15.672300	13.538136	0.000000
0	0	691	-13.151400	17.624600	-8.316140	-1.812810	-12.630104	0.000000
0	0	692	-0.033906	2.602080	11.513100	50.139100	38.632264	0.000000
0	0	693	5.854960	29.751200	5.751980	23.448900	5.471168	0.000000
0	0	694	-12.161800	2.195540	12.730700	1.699940	40.107503	0.000000
0	0	695	0.469930	7.380660	2.905750	-31.547000	10.744727	0.000000
0	0	696	11.463800	30.274700	14.509100	-29.770600	12.802997	0.000000
0	0	697	6.199830	-47.371500	16.405800	-1.696490	80.448948	0.000000
0	0	698	-15.437900	-15.341600	54.258200	33.710400	52.894171	0.000000
0	0	699	-23.023700	-8.690800	-10.685300	-0.406588	-64.561448	0.000000
0	0	700	12.141300	-7.788020	14.026600	-6.631560	59.520222	0.000000
0	0	701	-22.214400	28.503700	27.009500	-10.738800	21.729096	0.000000
0	0	702	-4.006910	-8.059360	-23.036000	28.683000	-54.641433	0.000000
0	0	703	-8.285150	53.185500	23.566000	-13.743200	11.948843	0.000000
0	0	704	7.308740	-27.679600	11.289900	5.802720	78.905267	0.000000
0	0	705	-10.423100	20.746800	0.442055	-5.739980	0.610312	0.000000
0	0	706	-5.862530	1.815080	18.344200	23.652300	42.174611	0.000000
0	0	707	22.163700	-0.609343	-17.575800	-1.304180	-45.992808	0.000000
0	0	708	-4.861800	-38.315900	-5.293970	-19.815300	-86.066727	0.000000
0	0	709	-11.403600	24.627200	9.836920	6.728560	10.886703	0.000000
0	0	710	-14.334600	15.170400	13.344200	14.617500	20.667766	0.000000
0	0	711	-4.441520	-15.353600	-33.682200	-4.819180	-57.252632	0.000000
0	0	712	45.960100	1.211600	4.596120	-45.409400	37.616009	0.000000
0	0	713	-31.379900	-24.153000	33.768300	-43.466900	62.787248	0.000000
0	0	714	38.289100	-23.435800	4.268220	-0.316927	84.839098	0.000000
0	0	715	-28.748700	-20.983000	-4.165330	-9.388570	-84.386096	0.000000
0	0	716	4.756240	-28.787400	12.982200	-23.677900	77.863071	0.000000
0	0	717	-15.960600	-16.713000	-16.131300	18.275100	-68.007325	0.000000
0	0	718	-3.684180	0.227491	11.764000	29.817400	44.446079	0.000000
0	0	719	-59.592800	1.872170	59.200700	14.791000	44.094338	0.000000
0	0	720	-8.837780	-32.262900	-25.577300	-4.201130	-70.796706	0.000000
0	0	721	-15.443100	-12.812800	19.162500	-28.115300	61.884121	0.000000
0	0	722	-16.943600	-31.620400	-24.952300	-31.604400	-70.861156	0.000000
0	0	723	15.551300	-19.834500	-46.796100	17.280100	-56.484816	0.000000
0	0	724	15.201400	-18.989900	-19.248700	7.660270	-67.306113	0.000000
0	0	725	2.807360	64.069000	0.092306	1.936870	0.041274	0.000000
0	0	726	17.420600	-23.394500	-15.932100	-4.264960	-72.872196	0.000000
0	0	727	-11.881300	-15.185200	-2.091410	1.151340	-86.079083	0.000000
0	0	728	0.918400	-57.176100	-0.263007	44.218800	-89.868222	0.000000
0	0	729	-13.319100	-40.610300	-12.405600	-22.704200	-81.506590	0.000000
0	0	730	-20.902000	8.497460	1.471280	16.561700	4.911502	0.000000
0	0	731	16.802900	16.987800	20.393700	-27.249900	25.102977	0.000000
0	0	732	18.285000	19.861600	-12.173200	4.709840	-15.752093	0.000000
0	0	733	13.714300	-19.826200	-18.175700	-0.544662	-68.743455	0.000000
0	0	734	9.604820	14.103700	21.478300	6.860380	28.354572	0.000000
0	0	735	12.030600	13.953100	-17.033300	-49.176900	-25.338416	0.000000
0	0	736	-19.048700	5.026840	2.901590	30.224300	14.997190	0.000000
0	0	737	2.940760	43.339400	6.770700	21.855700	4.439632	0.000000
0	0	738	-24.371200	-1.205000	7.197620	-14.754700	49.752058	0.000000
0	0	739	5.396860	-12.626800	-28.418200	-1.810080	-56.978289	0.000000
0	0	740	24.767700	4.702050	-4.660270	19.912100	-22.372158	0.000000
0	0	741	-0.706333	-5.356890	7.998500	-4.059880	61.905838	0.000000
0	0	742	-0.358901	-31.152800	-15.999200	21.187800	-76.408123	0.000000
0	0	743	11.832900	-14.210000	20.043600	6.717130	62.667453	0.000000
0	0	744	-2.367030	38.307300	15.751200	-10.002200	11.175745	0.000000
0	0	745	-2.369420	-28.695200	-2.348840	14.584100	-87.660249	0.000000
0	0	746	20.997200	10.704500	-5.838430	13.595100	-14.304429	0.000000
0	0	747	19.623300	17.788500	32.630100	32.610000	30.701359	0.000000
0	0	748	5.006340	-2.345640	22.154200	16.144000	48.021920	0.000000
0	0	749	31.634500	16.737600	-4.748590	-3.230860	-7.919530	0.000000
0	0	750	45.236800	24.918400	-21.216700	-31.537000	-20.206319	0.000000
0	0	751	-9.415230	3.351070	11.814900	-2.038330	37.082514	0.000000
0	0	752	0.578933	40.494200	-29.951700	9.066860	-18.244316	0.000000
0	0	753	-4.359360	7.560790	16.660800	14.928900	32.795557	0.000000
0	0	754	-24.138000	-42.326300	15.429400	-16.107000	79.985726	0.000000
0	0	755	1.854060	-0.773372	11.310700	-8.449020	46.955763	0.000000
0	0	756	26.662400	-36.277400	9.931660	-1.915340	82.344647	0.000000
0	0	757	13.960800	3.653890	6.871590	-60.937100	30.999347	0.000000
0	0	758	9.793150	-2.310030	-17.266800	-13.773100	-48.810020	0.000000
0	0	759	-41.704000	19.521000	-10.988500	6.064630	-14.687724	0.000000
0	0	760	30.032800	-20.342100	10.951700	19.318400	75.851520	0.000000
0	0	761	-14.293000	-25.002500	6.231250	-2.400110	83.002776	0.000000
0	0	762	6.115550	20.955500	8.298740	-19.521500	10.802211	0.000000
0	0	763	37.248300	-17.654200	-32.470100	-21.547800	-59.266603	0.000000
0	0	764	-11.902700	-14.686200	-27.321000	13.024800	-59.129961	0.000000
0	0	765	31.928700	12.272400	-10.656800	32.684100	-20.484790	0.000000
0	0	766	-18.943700	-23.919800	-17.189700	-5.961820	-72.148752	0.000000
0	0	767	-8.496620	-0.776159	-23.752400	26.269000	-45.935796	0.000000
0	0	768	-10.427600	-1.849150	-6.530120	20.448000	-52.905330	0.000000
0	0	769	-5.754200	4.591140	7.075920	-22.421400	28.511440	0.000000
0	0	770	15.089600	-13.878800	2.935710	8.412760	84.028287	0.000000
0	0	771	-3.297660	-26.172400	-19.292500	5.081060	-71.802452	0.000000
0	0	772	-18.081000	3.644700	19.001400	19.217800	39.570927	0.000000
0	0	773	-9.791560	-38.024100	-28.111100	-9.491100	-71.762299	0.000000
0	0	774	2.434050	14.582400	-11.948800	-8.615150	-19.665574	0.000000
0	0	775	8.121690	20.416400	3.342200	18.441000	4.648478	0.000000
0	0	776	27.650900	-29.726100	14.644000	4.461320	76.886855	0.000000
0	0	777	0.959945	-0.241389	-2.058750	-18.038700	-48.343706	0.000000
0	0	778	23.582000	-4.519200	-15.017000	40.290800	-53.374293	0.000000
0	0	779	27.898500	19.897600	-15.632800	26.952200	-19.077698	0.000000
0	0	780	-25.090900	-7.206360	-17.406000	29.433500	-56.245165	0.000000
0	0	781	17.091900	-21.134000	-16.982600	9.534660	-70.607883	0.000000
0	0	782	9.457790	22.384700	-21.979400	0.029058	-22.238287	0.000000
0	0	783	-17.486500	-14.261100	-4.405660	17.527600	-81.416296	0.000000
0	0	784	13.923900	26.937400	5.623610	-7.525900	5.896020	0.000000
0	0	785	4.816750	-19.036400	-24.289400	0.333035	-64.043482	0.000000
0	0	786	10.471600	15.356300	32.859200	-13.094600	32.475802	0.000000
0	0	787	31.352800	-11.179500	-20.142300	6.544500	-59.515707	0.000000
0	0	788	-0.098599	3.814950	-23.027800	16.952200	-40.296704	0.000000
0	0	789	47.629900	36.394300	-31.469000	26.301900	-20.424467	0.000000
0	0	790	28.883900	11.961600	4.712580	17.999600	10.751618	0.000000
0	0	791	-0.210746	43.860900	28.551700	5.396000	16.531263	0.000000
0	0	792	-3.167610	8.762700	-10.232100	10.178700	-24.711739	0.000000
0	0	793	-15.422500	46.126800	-18.827200	7.080250	-11.101704	0.000000
0	0	794	11.544900	12.089300	3.219150	-3.565140	7.455391	0.000000
0	0	795	16.043900	-10.103500	-3.076250	-10.445700	-81.532943	0.000000
0	0	796	2.765890	6.702470	12.706400	-3.401080	31.094452	0.000000
0	0	797	-3.599210	35.564700	-4.932400	-23.324700	-3.947937	0.000000
0	0	798	11.361400	7.884100	26.857300	15.868700	36.820062	0.000000
0	0	799	-28.358200	4.997040	-14.789500	12.729200	-35.665522	0.000000
0	0	800	8.368390	39.705900	-18.429100	-25.254800	-12.448952	0.000000
0	0	801	-6.181970	-1.200920	-7.766130	-23.899000	-49.395171	0.000000
0	0	802	-9.446370	18.273000	20.019100	29.407800	23.805425	0.000000
0	0	803	-10.796100	-1.062220	11.531400	2.589300	47.631487	0.000000
0	0	804	16.063500	-4.353700	12.323900	18.291500	54.728467	0.000000
0	0	805	-23.823100	15.681900	-5.817490	-27.112300	-10.176632	0.000000
0	0	806	26.775600	19.106500	-9.868950	30.540300	-13.658701	0.000000
0	0	807	24.015100	27.584700	-45.296600	-28.722800	-29.329721	0.000000
0	0	808	3.033170	-21.690700	18.167600	-5.345100	70.025641	0.000000
0	0	809	-10.980300	-16.943200	-27.818800	11.566400	-60.671872	0.000000
0	0	810	20.781900	1.267350	-13.110100	2.522440	-42.239194	0.000000
0	0	811	20.834200	40.587800	24.120200	5.835040	15.360919	0.000000
0	0	812	24.808900	-8.371770	-28.449800	19.341500	-53.198646	0.000000
0	0	813	20.956300	25.004000	-1.740410	-21.404000	-1.990833	0.000000
0	0	814	1.748810	-17.844800	-6.827970	13.264600	-79.530805	0.000000
0	0	815	-21.016600	-8.487870	6.456140	15.773900	71.371122	0.000000
0	0	816	-7.192570	25.670300	8.732850	17.314300	9.393966	0.000000
0	0	817	-12.348300	-0.189252	-24.623200	0.741477	-45.220181	0.000000
0	0	818	-5.399580	6.482750	12.354100	-18.538400	31.155995	0.000000
0	0	819	-5.181350	57.562700	-19.548000	5.930600	-9.378613	0.000000
0	0	820	51.501700	-12.440600	-16.042200	14.128900	-63.896648	0.000000
0	0	821	-2.718270	20.713700	-22.663500	33.986400	-23.786853	0.000000
0	0	822	-8.957690	12.155900	-8.363840	-0.872212	-17.264915	0.000000
0	0	823	28.821000	18.290600	13.945700	-18.421900	18.661886	0.000000
0	0	824	7.459760	23.280700	-26.061100	-8.320600	-24.112597	0.000000
0	0	825	18.744500	-14.050900	-3.991420	10.289100	-82.070907	0.000000
0	0	826	26.424400	20.442800	7.343480	5.395980	9.879673	0.000000
0	0	827	17.739000	24.918900	-8.707360	-29.948000	-9.630421	0.000000
0	0	828	36.493900	11.983900	-4.715690	14.178600	-10.739871	0.000000
0	0	829	-16.860800	-1.750300	-13.446700	-24.465700	-48.708126	0.000000
0	0	830	27.146500	20.670100	17.660600	5.660670	20.255342	0.000000
0	0	831	28.110700	8.137950	31.130300	9.375230	37.674916	0.000000
0	0	832	-5.204040	-13.865000	14.308500	-15.516500	67.049070	0.000000
0	0	833	32.592000	27.471500	-14.571200	45.791100	-13.970997	0.000000
0	0	834	23.610400	22.125800	27.948700	-32.627300	25.816417	0.000000
0	0	835	-3.799390	-6.455150	-17.994800	6.609900	-54.867041	0.000000
0	0	836	1.059940	0.273580	9.210660	-13.953100	44.149335	0.000000
0	0	837	-18.338700	5.878690	7.912520	-20.328000	26.694554	0.000000
0	0	838	2.513650	17.276000	-4.898740	-9.316200	-7.915542	0.000000
0	0	839	59.739800	30.103100	-21.005900	36.029400	-17.453640	0.000000
0	0	840	-53.869600	31.019800	22.756200	5.622850	18.131931	0.000000
0	0	841	21.819700	7.440830	0.911426	-15.415400	3.491682	0.000000
0	0	842	14.985400	16.241100	-13.020100	-34.875900	-19.359157	0.000000
0	0	843	21.876600	12.721700	-18.738500	-17.550000	-27.913570	0.000000
0	0	844	7.151690	-23.440100	-10.214800	5.842340	-78.226620	0.000000
0	0	845	15.786700	14.409100	11.472000	-20.175100	19.262762	0.000000
0	0	846	-8.354850	-3.601180	17.128200	22.182900	50.936710	0.000000
0	0	847	9.511990	16.685100	-14.868000	1.344250	-20.852027	0.000000
0	0	848	-0.433483	-7.351050	4.074770	4.115930	75.499951	0.000000
0	0	849	1.981490	23.117900	-15.056600	-29.925200	-16.538022	0.000000
0	0	850	19.843900	54.781600	21.796200	-10.681900	10.848173	0.000000
0	0	851	32.503000	-38.058900	-17.085400	-14.206900	-77.911868	0.000000
0	0	852	21.666700	34.149600	-25.090400	-10.519300	-18.152738	0.000000
0	0	853	5.660860	2.398770	15.507200	31.460000	40.603376	0.000000
0	0	854	22.751300	21.697500	-57.529600	-20.895400	-34.667924	0.000000
0	0	855	15.458300	11.986300	-41.633300	-1.450270	-36.969399	0.000000
0	0	856	23.432500	-37.291300	21.190200	17.850500	75.196636	0.000000
0	0	857	-15.458600	7.718360	-16.026500	-24.612700	-32.142270	0.000000
0	0	858	19.459400	38.952600	2.021970	-6.173360	1.485735	0.000000
0	0	859	4.254260	-0.398016	-14.943400	10.724200	-45.762853	0.000000
0	0	860	6.398840	-14.880100	-0.429989	3.760780	-89.172395	0.000000
0	0	861	28.458400	-11.664000	-11.452900	-1.131400	-67.761601	0.000000
0	0	862	33.946500	21.466800	-2.152930	12.042300	-2.863555	0.000000
0	0	863	19.141300	13.002900	-28.341500	-11.845500	-32.677322	0.000000
0	0	864	45.289600	8.725030	-14.743000	-26.071700	-29.691300	0.000000
0	0	865	-2.753870	-2.530180	-9.186360	-17.469400	-52.699521	0.000000
0	0	866	21.177200	28.590000	-19.269800	41.881500	-16.990082	0.000000
0	0	867	19.298800	22.611900	-44.583300	26.416600	-31.553321	0.000000
0	0	868	36.805400	8.538990	5.351380	53.240600	16.037674	0.000000
0	0	869	-27.326200	41.709200	54.819200	-7.485930	26.367150	0.000000
0	0	870	17.533200	11.004800	-31.064800	-16.775500	-35.246577	0.000000
0	0	871	10.837100	26.501000	-36.992000	-28.335300	-27.191129	0.000000
0	0	872	8.286310	2.341710	-35.202400	33.863500	-43.097108	0.000000
0	0	873	-7.884720	-0.454498	-28.767500	-14.313000	-45.452571	0.000000
0	0	874	49.763100	-8.977230	38.825900	22.189900	51.509502	0.000000
0	0	875	32.353900	6.425410	-18.561200	1.618150	-35.452731	0.000000
0	0	876	38.605700	-37.401300	-4.932700	-2.438730	-86.243431	0.000000
0	0	877	15.344700	-27.842900	4.824570	-7.479720	85.084749	0.000000
0	0	878	36.914300	37.044900	-19.660400	17.559900	-13.977851	0.000000
0	0	879	-8.865430	-5.813950	-4.708450	5.962680	-70.498791	0.000000
0	0	880	26.030900	-23.397900	-64.348600	10.924800	-54.990928	0.000000
0	0	881	17.466100	15.326200	19.847000	-27.289200	26.162027	0.000000
0	0	882	41.358300	4.500830	33.341700	-16.614300	41.156029	0.000000
0	0	883	31.546000	23.873300	-10.321000	-13.521200	-11.689993	0.000000
0	0	884	34.770200	-3.126040	-22.997200	-15.563700	-48.870424	0.000000
0	0	885	17.700700	-8.387020	-22.015800	-18.439600	-55.427284	0.000000
0	0	886	-10.406300	-14.523600	-6.333690	13.722200	-78.219078	0.000000
0	0	887	3.143810	18.095200	-1.256670	16.998800	-1.986341	0.000000
0	0	888	-2.886720	-16.683000	-15.626900	-16.885300	-68.436068	0.000000
0	0	889	10.305400	-13.348200	-9.393360	-11.997200	-72.432642	0.000000
0	0	890	-11.080400	8.253040	4.456190	11.761600	14.183309	0.000000
0	0	891	-0.058820	3.358360	-3.385280	-9.016230	-22.614359	0.000000
0	0	892	11.579300	6.981660	-23.140500	-14.490600	-36.605524	0.000000
0	0	893	-2.402030	-0.055211	-31.238000	30.898500	-45.050633	0.000000
0	0	894	24.981500	2.733540	-17.556700	-7.081190	-40.575113	0.000000
0	0	895	18.745900	32.148000	-26.692600	-23.294900	-19.851486	0.000000
0	0	896	8.136860	2.551350	-14.088300	-3.464080	-39.867576	0.000000
0	0	897	41.501100	47.677000	-4.317930	7.692770	-2.587475	0.000000
0	0	898	-22.536900	25.333100	7.774130	-20.353500	8.530007	0.000000
0	0	899	4.832650	20.444400	13.405600	5.960370	16.626631	0.000000
0	0	900	3.550250	-37.401600	-3.236210	-39.743100	-87.527372	0.000000
0	0	901	1.337150	2.731750	-12.237200	-8.113030	-38.708001	0.000000
0	0	902	9.987480	26.941200	6.370270	-24.335600	6.651652	0.000000
0	0	903	2.469300	8.956070	-20.420800	-6.941610	-33.159452	0.000000
0	0	904	20.891800	-28.231900	4.861930	-23.312200	85.114354	0.000000
0	0	905	3.714640	26.352400	1.833970	13.143200	1.990513	0.000000
0	0	906	6.816660	33.192500	32.962400	-6.365790	22.400357	0.000000
0	0	907	0.788054	14.156000	-28.285400	2.504650	-31.706700	0.000000
0	0	908	26.325300	22.193200	3.740810	-14.027300	4.783824	0.000000
0	0	909	9.365260	-3.722880	3.168010	28.445700	69.801826	0.000000
0	0	910	1.744720	42.401000	42.283700	15.953200	22.460319	0.000000
0	0	911	11.390500	19.851800	-14.948600	28.963300	-18.490053	0.000000
0	0	912	6.284150	35.143500	-15.154500	20.135100	-11.663281	0.000000
0	0	913	26.816000	-4.201330	-24.698900	14.978200	-49.826860	0.000000
0	0	914	11.128000	17.414800	-7.841780	15.803300	-12.120876	0.000000
0	0	915	12.908300	28.091000	-4.347260	39.203000	-4.398549	0.000000
0	0	916	3.556610	0.247705	39.806200	-4.435410	44.821733	0.000000
0	0	917	44.649000	25.771300	2.495090	-37.204600	2.764974	0.000000
0	0	918	-12.617500	7.150030	-5.994420	22.072300	-19.987846	0.000000
0	0	919	40.865400	-34.289200	-8.622500	12.981600	-82.942418	0.000000
0	0	920	17.988400	-13.952800	33.663800	-5.337040	56.256390	0.000000
0	0	921	11.494200	-3.000310	-2.031490	5.025640	-72.949166	0.000000
0	0	922	-32.046500	12.344700	2.508960	-4.505670	5.744211	0.000000
0	0	923	30.728300	12.524400	24.363500	15.190800	31.396966	0.000000
0	0	924	14.500200	-10.468200	16.600800	37.105800	61.117439	0.000000
0	0	925	20.418400	8.260390	-6.581920	-2.441510	-19.274006	0.000000
0	0	926	18.699400	-33.837500	18.489600	27.645500	75.673389	0.000000
0	0	927	19.757000	13.035200	-35.504100	0.376274	-34.919737	0.000000
0	0	928	12.200900	-26.403700	-8.490150	16.200500	-81.087363	0.000000
0	0	929	30.209600	6.689210	-41.171800	-15.006200	-40.385875	0.000000
0	0	930	12.755800	-5.544420	3.608950	27.335000	73.469633	0.000000
0	0	931	12.449800	-19.793600	21.583700	6.325870	66.261383	0.000000
0	0	932	-4.684780	41.127100	17.073500	-2.163730	11.272644	0.000000
0	0	933	16.554600	19.434400	-25.309900	16.615800	-26.240434	0.000000
0	0	934	25.060400	31.835200	-7.763960	40.577500	-6.852866	0.000000
0	0	935	-6.919310	38.480500	15.393000	4.766100	10.901218	0.000000
0	0	936	4.341200	-34.485600	-19.931400	18.101700	-74.986839	0.000000
0	0	937	21.371800	-15.795600	-38.491200	-11.487200	-56.155866	0.000000
0	0	938	-1.349950	3.424900	-13.424200	3.934470	-37.843760	0.000000
0	0	939	26.263200	-23.591300	61.243500	30.868300	55.533466	0.000000
0	0	940	6.303890	-4.655800	1.792240	48.173100	79.472949	0.000000
0	0	941	12.246300	20.595900	-3.827900	16.894500	-5.264355	0.000000
0	0	942	2.993630	42.047000	-16.441900	-14.027700	-10.678649	0.000000
0	0	943	-7.579050	39.752500	-28.835500	-7.997460	-17.978111	0.000000
0	0	944	23.926500	-19.942400	-13.085700	-23.976100	-73.364062	0.000000
0	0	945	10.724800	-13.047400	-25.192800	25.534100	-58.689863	0.000000
0	0	946	27.615400	36.160600	-11.010500	-7.945890	-8.467454	0.000000
0	0	947	4.330960	-7.981860	-5.656900	-11.872000	-72.337027	0.000000
0	0	948	16.260500	1.529050	8.192620	18.438500	39.714046	0.000000
0	0	949	26.232800	-2.481760	-17.209500	-13.525600	-49.102989	0.000000
0	0	950	21.637200	8.486720	-4.761610	5.478790	-14.647651	0.000000
0	0	951	9.850330	-6.592240	-27.814400	-30.819500	-51.666770	0.000000
0	0	952	21.396600	6.457010	1.510990	24.498700	6.585330	0.000000
0	0	953	30.353600	40.484100	-8.202030	-15.521800	-5.726517	0.000000
0	0	954	23.090700	-35.958600	-15.741300	15.853800	-78.179018	0.000000
0	0	955	24.094200	-2.490390	-11.573300	18.979000	-51.071981	0.000000
0	0	956	27.748000	24.716300	24.024700	34.017500	22.093534	0.000000
0	0	957	-26.279100	-16.620300	-0.636121	25.297800	-88.904073	0.000000
0	0	958	-8.877920	27.826300	13.748000	-24.040900	13.146182	0.000000
0	0	959	-12.409400	23.950100	10.735600	24.839400	12.072122	0.000000
0	0	960	29.917100	30.132800	13.580000	17.549800	12.129871	0.000000
0	0	961	25.891800	23.533000	14.942600	23.481900	16.207032	0.000000
0	0	962	38.883900	-0.316288	-34.461500	-8.816670	-45.262923	0.000000
0	0	963	18.898300	29.157000	-11.620000	26.696200	-10.864434	0.000000
0	0	964	15.308500	8.031750	8.905280	-39.234800	23.976211	0.000000
0	0	965	42.126800	31.829400	-46.208000	-39.371400	-27.719906	0.000000
0	0	966	41.270500	35.551900	-42.519700	10.209800	-25.050035	0.000000
0	0	967	36.454300	44.248900	23.702100	-23.485900	14.087953	0.000000
0	0	968	32.215600	13.346800	8.179230	-7.200880	15.750469	0.000000
0	0	969	40.488300	-5.184280	-18.826700	1.493000	-52.697939	0.000000
0	0	970	41.242100	34.117600	16.549800	-24.390400	12.938571	0.000000
0	0	971	1.184400	4.098770	-13.665000	-21.909300	-36.651782	0.000000
0	0	972	27.521000	18.936000	5.250670	0.667237	7.748950	0.000000
0	0	973	46.159400	13.638300	9.622150	18.836500	17.601946	0.000000
0	0	974	11.875000	17.309000	-3.919710	14.268600	-6.379854	0.000000
0	0	975	16.975600	22.655500	8.126280	-12.857700	9.866177	0.000000
0	0	976	7.467600	16.405100	-10.813600	-12.849300	-16.695654	0.000000
0	0	977	32.770400	-29.903900	-31.206500	3.978490	-66.889448	0.000000
0	0	978	-13.372900	-15.858400	-17.990400	3.989450	-65.697965	0.000000
0	0	979	17.775900	18.890200	-22.235100	15.337100	-24.824940	0.000000
0	0	980	22.422500	20.044400	23.147600	-28.546900	24.554724	0.000000
0	0	981	18.129200	23.439300	-10.302200	33.509800	-11.863387	0.000000
0	0	982	3.409880	3.543590	-3.691740	4.417450	-23.086510	0.000000
0	0	983	37.590700	31.751200	-0.036339	2.827640	-0.032787	0.000000
0	0	984	35.011200	24.290900	40.869800	-23.970600	29.637468	0.000000
0	0	985	-4.771680	23.353300	-13.217800	-26.898500	-14.754775	0.000000
0	0	986	20.973200	-38.979000	14.461800	-30.437200	79.822191	0.000000
0	0	987	20.573000	7.485080	-9.813540	-6.941390	-26.333076	0.000000
0	0	988	-0.255679	-23.428300	13.472100	-14.341300	75.049789	0.000000
0	0	989	46.387200	5.422730	-15.143000	-41.107400	-35.148741	0.000000
0	0	990	59.675000	30.625800	7.127570	-34.396000	6.550642	0.000000
0	0	991	11.258900	-2.246670	4.894500	-10.724700	57.328018	0.000000
0	0	992	1.395230	12.844000	16.884700	9.330850	26.370081	0.000000
0	0	993	5.905520	30.975500	22.761200	21.901700	18.154465	0.000000
0	0	994	26.901400	18.118600	-5.911080	3.493600	-9.034296	0.000000
0	0	995	14.737700	19.219700	-49.760400	17.212800	-34.440601	0.000000
0	0	996	-6.954670	7.267370	11.985500	23.097200	29.384802	0.000000
0	0	997	8.139570	23.907200	-1.113460	-31.469800	-1.333291	0.000000
0	0	998	52.117500	11.213200	8.839930	13.241600	19.125246	0.000000
0	0	999	5.052240	-32.863100	-14.188600	-16.132900	-78.323896	0.000000
0	0	1000	52.263200	2.686190	23.117600	-4.375290	41.686070	0.000000
0	0	1001	37.320000	20.957200	-10.315000	31.459700	-13.103058	0.000000
0	0	1002	46.018500	-6.108560	2.473600	-6.515280	78.977504	0.000000
0	0	1003	16.982700	23.510700	20.089500	-2.591650	20.256667	0.000000
0	0	1004	-7.909140	-14.749700	-15.171800	-31.421300	-67.095894	0.000000
0	0	1005	12.171600	-14.072300	19.919700	-6.141150	62.619674	0.000000
0	0	1006	27.194300	24.123300	-3.205480	10.661400	-3.784533	0.000000
0	0	1007	24.110800	7.038940	27.075000	8.635100	37.713447	0.000000
0	0	1008	38.164800	48.717600	-4.612140	11.123900	-2.704063	0.000000
0	0	1009	-12.172200	-5.805960	-2.253720	-27.997000	-79.392553	0.000000
0	0	1010	1.451730	15.633700	1.730710	-15.673600	3.158569	0.000000
0	0	1011	8.282590	-4.722820	-55.879400	-14.842900	-47.415524	0.000000
0	0	1012	-2.731280	29.564700	15.504200	-28.787900	13.836617	0.000000
0	0	1013	14.222400	18.480300	2.628530	-7.808210	4.047560	0.000000
0	0	1014	26.650700	-4.449630	16.497300	10.204900	52.547275	0.000000
0	0	1015	2.485730	36.143800	-8.529860	-14.847000	-6.639360	0.000000
0	0	1016	-5.635920	5.765330	-13.527700	9.912630	-33.458464	0.000000
0	0	1017	17.707200	16.003600	0.026568	-18.892300	0.047560	0.000000
0	0	1018	-7.250870	20.991700	-0.301329	-0.990430	-0.411203	0.000000
0	0	1019	21.488200	-38.131800	-16.957900	-17.316100	-78.012211	0.000000
0	0	1020	47.512200	-1.698430	30.697500	23.534800	46.583415	0.000000
0	0	1021	24.204400	7.784480	9.575570	50.457300	25.445270	0.000000
0	0	1022	-12.815900	-6.584530	26.671900	9.011810	51.933705	0.000000
0	0	1023	-10.364900	7.947110	8.048130	-5.147430	22.680927	0.000000
