0	0	0	40.678200	11.969200	-31.190600	-53.542300	-34.503002	0.000000
0	0	1	34.368000	19.346600	-17.929900	7.673200	-21.411756	0.000000
0	0	2	72.890100	-20.886400	-34.998000	-43.409000	-60.414131	0.000000
0	0	3	45.887300	17.248600	14.338300	-14.902000	19.867921	0.000000
0	0	4	71.127600	13.458400	2.073480	-24.319700	4.379230	0.000000
0	0	5	50.923200	42.761000	12.700200	28.133100	8.270822	0.000000
0	0	6	42.840000	26.305000	-12.079700	-28.668200	-12.332693	0.000000
0	0	7	51.951300	-6.477510	-19.041400	-51.762400	-54.393647	0.000000
0	0	8	36.878000	12.553900	-14.818000	-45.941300	-24.864263	0.000000
0	0	9	76.922300	31.764000	-49.746600	12.363000	-28.720559	0.000000
0	0	10	58.514600	-18.160600	23.325500	2.235330	63.951677	0.000000
0	0	11	42.536300	-1.533910	-1.694970	-16.688500	-66.072196	0.000000
0	0	12	57.653100	1.738190	-12.896000	-33.085500	-41.161820	0.000000
0	0	13	43.699500	39.483200	-23.543600	6.224040	-15.403688	0.000000
0	0	14	16.841200	16.982000	-15.808300	0.379648	-21.475012	0.000000
0	0	15	70.854200	-21.673500	-37.039600	14.090000	-60.166891	0.000000
0	0	16	57.410600	-2.036980	-39.713100	-10.994300	-46.468132	0.000000
0	0	17	20.757800	12.941800	16.139400	-28.133200	25.637353	0.000000
0	0	18	51.921300	-8.535130	-63.030300	23.775500	-48.855847	0.000000
0	0	19	96.381400	-14.520700	-61.007000	11.475400	-51.694126	0.000000
0	0	20	51.636500	-33.950200	-4.766550	32.643800	-86.004005	0.000000
0	0	21	48.154600	2.608290	-26.736000	-26.327200	-42.214007	0.000000
0	0	22	77.813500	39.877900	-3.028500	-1.785180	-2.171476	0.000000
0	0	23	78.059100	-22.963300	4.219690	-4.458080	84.793802	0.000000
0	0	24	54.012600	21.443500	13.254300	-4.332930	15.860176	0.000000
0	0	25	75.621800	19.860800	3.843270	-14.837700	5.475980	0.000000
0	0	26	55.174400	19.803900	-16.847400	-35.388300	-20.194093	0.000000
0	0	27	83.174600	-5.828990	-5.959520	-9.677730	-67.182805	0.000000
0	0	28	19.592200	7.234360	-17.637400	20.648200	-33.848978	0.000000
0	0	29	65.624800	-12.903400	-22.325100	22.993300	-60.013468	0.000000
0	0	30	51.618900	-22.573800	0.809265	28.096700	88.973420	0.000000
0	0	31	68.716800	3.617470	-34.645800	-7.386440	-42.019589	0.000000
0	0	32	52.568500	21.096800	-9.372510	-1.559610	-11.976884	0.000000
0	0	33	54.992500	-12.789200	-26.980400	-2.141490	-57.680901	0.000000
0	0	34	46.657000	42.550700	-30.981700	-28.794100	-18.029417	0.000000
0	0	35	60.437700	12.499100	-42.453100	-29.403700	-36.797222	0.000000
0	0	36	45.964900	-34.263400	-12.908800	-20.010300	-79.678003	0.000000
0	0	37	51.841700	-15.437600	-19.820800	-9.586880	-63.956774	0.000000
0	0	38	75.876500	20.365000	-32.068100	-4.301330	-28.791108	0.000000
0	0	39	73.865200	-30.021000	12.247000	-11.915700	78.903553	0.000000
0	0	40	48.795800	-8.869990	-5.252710	-35.537600	-74.683226	0.000000
0	0	41	40.382600	37.637300	-30.516000	-35.281100	-19.517421	0.000000
0	0	42	89.117100	35.231000	-22.887800	-4.919940	-16.504873	0.000000
0	0	43	62.359500	-32.885800	-22.751000	-43.844400	-72.661902	0.000000
0	0	44	82.964500	-41.777800	-93.271900	4.317380	-57.064140	5.387250
0	0	45	54.703600	5.116150	-10.604100	-10.552200	-32.122065	0.000000
0	0	46	24.030100	31.154900	-9.666920	-20.072800	-8.619185	0.000000
0	0	47	72.355200	-41.298800	-40.677400	-38.155900	-67.717154	0.000000
0	0	48	107.143000	15.672000	-9.121230	-1.183580	-15.099875	0.000000
0	0	49	44.173100	-37.430800	-17.149600	-56.456400	-77.692129	0.000000
0	0	50	56.910400	14.494300	5.785660	-9.381460	10.880150	0.000000
0	0	51	98.460600	3.743380	-53.143300	-32.530400	-42.985389	0.000000
0	0	52	80.044300	1.639270	-6.400380	-7.720070	-37.817086	0.000000
0	0	53	52.742300	-33.728300	-53.554600	-61.885300	-61.101214	0.000000
0	0	54	70.174900	18.037600	-39.134700	-19.426100	-32.627260	0.000000
0	0	55	91.930000	21.332800	-15.855600	-8.301050	-18.310785	0.000000
0	0	56	58.990800	-34.254800	-28.803000	11.734200	-69.970672	0.000000
0	0	57	48.359600	-51.537400	-15.784200	-1.805970	-81.485954	0.000000
0	0	58	98.965700	-17.827600	-49.874900	20.990000	-54.834622	0.000000
0	0	59	58.759600	-22.470700	-2.898730	-11.803900	-86.324707	0.000000
0	0	60	72.376800	-13.856100	-27.336600	28.303000	-58.439539	0.000000
0	0	61	40.839800	-26.843600	-73.351200	22.693600	-55.050301	0.000000
0	0	62	107.619000	-7.360400	-22.401500	-9.588140	-54.094416	0.000000
0	0	63	71.902000	-15.235600	-47.763500	-38.714300	-53.845821	0.000000
0	0	64	84.264500	-8.523800	4.534560	21.475800	75.993777	0.000000
0	0	65	71.779700	15.543300	-47.002200	-18.808700	-35.850655	0.000000
0	0	66	69.067700	4.604050	-36.399700	18.151900	-41.395586	0.000000
0	0	67	48.363700	-42.204500	-31.520500	8.635300	-71.622863	0.000000
0	0	68	61.500300	-14.463400	-61.859900	-12.808700	-51.579932	0.000000
0	0	69	18.551100	15.070700	26.328400	8.948940	30.106324	0.000000
0	0	70	54.590000	4.045220	6.732730	-23.588200	29.500664	0.000000
0	0	71	55.004700	-36.158100	-44.495600	-33.202500	-64.549033	0.000000
0	0	72	44.765900	-2.399910	-11.409600	-2.336240	-50.939253	0.000000
0	0	73	94.495800	2.155160	-9.564330	7.399160	-38.650726	0.000000
0	0	74	103.000000	13.302200	-2.389240	-3.542350	-5.091231	0.000000
0	0	75	73.257500	-46.526500	5.090280	-22.436200	86.878164	0.000000
0	0	76	89.400100	-25.917200	-69.038500	23.545500	-55.288121	0.000000
0	0	77	78.986500	5.400520	-50.378200	-28.461400	-41.940643	0.000000
0	0	78	97.673100	16.773100	-11.855000	-27.513800	-17.626076	0.000000
0	0	79	88.053500	-32.286400	-48.142600	35.363900	-61.923712	0.000000
0	0	80	66.441400	-1.094660	-49.882400	-6.100190	-45.628572	0.000000
0	0	81	77.856400	-23.231200	-19.779500	51.754200	-69.794137	0.000000
0	0	82	65.517300	-15.507200	-71.560300	-7.890220	-51.113505	0.000000
0	0	83	84.482400	11.969900	-48.198800	18.829300	-38.026536	0.000000
0	0	84	81.744200	-22.110400	-21.480900	-12.659900	-67.913674	0.000000
0	0	85	67.890000	22.524700	-18.001700	7.958760	-19.315893	0.000000
0	0	86	147.289000	-17.918600	-54.382400	-16.490700	-54.118335	0.000000
0	0	87	113.937000	-10.054500	-15.178200	-13.602100	-61.760849	0.000000
0	0	88	97.450300	3.464020	-53.931400	29.299200	-43.162467	0.000000
0	0	89	77.212400	15.518400	-34.433300	-27.574700	-32.869931	0.000000
0	0	90	34.146500	-5.216270	-53.951300	-33.629500	-47.761233	0.000000
0	0	91	73.031300	63.206800	-72.696700	-26.640800	-24.497189	0.000000
0	0	92	74.634800	-5.309660	-27.892100	6.972400	-50.389056	0.000000
0	0	93	67.093500	30.664000	-55.234000	-17.726700	-30.481243	0.000000
0	0	94	109.997000	-60.417900	-68.156800	-7.668200	-65.777764	0.000000
0	0	95	46.413900	18.871600	-9.417180	-3.136110	-13.259904	0.000000
0	0	96	85.505500	3.673100	-42.556000	28.281500	-42.533452	0.000000
0	0	97	79.792000	-14.596400	-44.111600	45.504100	-54.154615	0.000000
0	0	98	61.307600	31.965700	-0.276306	34.604200	-0.247621	0.000000
0	0	99	77.421900	22.996400	-39.402700	30.647700	-29.865548	0.000000
0	0	100	93.063200	9.443180	0.793781	5.400580	2.402455	0.000000
0	0	101	115.792000	12.096400	-22.034500	-19.405000	-30.617147	0.000000
0	0	102	60.765000	19.426300	-69.838300	8.802110	-37.227750	0.000000
0	0	103	48.840100	9.524100	-22.607400	-30.947700	-33.577582	0.000000
0	0	104	127.170000	-21.682100	-38.564400	-4.077340	-59.673021	0.000000
0	0	105	66.760600	7.712120	-51.791900	-2.783540	-40.765276	0.000000
0	0	106	130.356000	-58.738300	-48.619900	37.966000	-70.192082	0.000000
0	0	107	85.386600	2.660970	-53.014100	-9.829180	-43.563264	0.000000
0	0	108	109.309000	-5.682230	-52.485700	16.727900	-48.089458	0.000000
0	0	109	122.972000	-16.813100	-54.624400	8.217060	-53.554044	0.000000
0	0	110	69.779700	-3.535800	-17.697000	16.083800	-50.649362	0.000000
0	0	111	85.546600	-27.264200	-13.593600	24.104000	-76.749856	0.000000
0	0	112	68.761400	-4.705160	-66.646200	22.893700	-47.019164	0.000000
0	0	113	74.972300	-18.911500	-32.699500	33.867400	-60.021303	0.000000
0	0	114	96.443800	12.471400	-5.319030	23.079800	-11.549081	0.000000
0	0	115	70.177300	20.585700	-43.378800	23.506400	-32.306505	0.000000
0	0	116	88.227500	-8.214200	-10.607400	20.604400	-63.876812	0.000000
0	0	117	113.943000	35.908700	-71.694700	-26.109600	-31.697870	0.000000
0	0	118	76.009600	47.300700	-27.475400	0.164011	-15.075438	0.000000
0	0	119	102.130000	20.111700	-18.387300	37.904400	-21.217696	0.000000
0	0	120	88.523900	-11.374800	-43.917100	23.688400	-52.260433	0.000000
0	0	121	39.633500	20.195700	-8.685430	-27.915200	-11.635384	0.000000
0	0	122	63.261700	7.725360	-30.463900	17.384400	-37.885147	0.000000
0	0	123	81.524400	2.835830	10.857100	35.868800	37.680811	0.000000
0	0	124	57.309700	-3.603710	-44.399900	32.788100	-47.320115	0.000000
0	0	125	91.806100	-29.348600	-30.228400	-6.325650	-67.076975	0.000000
0	0	126	82.606600	22.316900	-21.031200	17.975300	-21.650556	0.000000
0	0	127	91.985300	-4.641210	-11.235600	34.660100	-56.222289	0.000000
0	0	128	93.658600	29.115800	-32.427400	4.242150	-24.040039	0.000000
0	0	129	98.566800	22.482600	-55.315800	-14.988300	-33.940584	0.000000
0	0	130	49.319800	4.502110	-0.976854	44.663200	-6.121051	0.000000
0	0	131	52.188300	10.296700	-72.545400	34.246700	-40.960853	0.000000
0	0	132	99.799700	15.227700	-19.114400	35.054200	-25.728515	0.000000
0	0	133	59.845700	25.532100	-37.685600	43.016100	-27.941125	0.000000
0	0	134	100.138000	-30.618100	-45.041600	30.320700	-62.103420	0.000000
0	0	135	144.819000	-18.058200	-34.870900	35.966100	-58.688887	0.000000
0	0	136	131.699000	-29.189500	-37.422600	36.035400	-63.977055	0.000000
0	0	137	110.716000	-26.137800	-29.058500	20.695700	-65.985516	0.000000
0	0	138	88.211200	-10.706900	-3.131570	25.672700	-81.848390	0.000000
0	0	139	70.709500	-8.470860	-23.686200	47.119100	-54.839249	0.000000
0	0	140	85.712600	12.118800	-35.062300	37.182400	-35.466499	0.000000
0	0	141	108.214000	-35.676700	-39.166400	-0.429232	-66.165205	0.000000
0	0	142	70.476300	-23.688000	-7.712920	-2.771550	-80.982258	0.000000
0	0	143	100.800000	-8.614040	-48.757000	34.624900	-50.009610	0.000000
0	0	144	95.629100	-6.559560	-15.448200	12.890000	-56.503438	0.000000
0	0	145	99.047400	-2.874640	-45.941700	46.859700	-46.790207	0.000000
0	0	146	117.138000	4.384080	-4.587550	16.817600	-23.149602	0.000000
0	0	147	81.542300	20.678500	-48.444900	34.949700	-33.442496	0.000000
0	0	148	89.366700	15.807300	-25.279700	44.776900	-28.991208	0.000000
0	0	149	98.378700	11.808900	-25.271700	36.661400	-32.477184	0.000000
0	0	150	98.387900	6.960670	-16.744700	19.388600	-33.713820	0.000000
0	0	151	114.315000	-15.973600	-48.831000	73.599900	-54.056980	0.000000
0	0	152	109.959000	-30.669300	-25.623500	66.607800	-70.061007	0.000000
0	0	153	155.586000	9.425820	-86.119300	48.395500	-41.876899	0.000000
0	0	154	89.748200	-19.069000	-27.353000	50.538000	-62.441039	0.000000
0	0	155	115.147000	-30.883700	-37.051400	20.037300	-64.906223	0.000000
0	0	156	93.924900	-29.984800	-44.982000	23.033300	-61.843623	0.000000
0	0	157	93.161300	17.589100	-28.086900	24.460400	-28.971807	0.000000
0	0	158	114.667000	-30.034300	-13.978000	79.589700	-77.521337	0.000000
0	0	159	113.139000	7.916930	-53.335500	4.834660	-40.778435	0.000000
0	0	160	78.143800	-12.834500	-22.122000	30.837300	-60.060490	0.000000
0	0	161	107.483000	37.790000	-70.310400	33.874700	-30.871567	0.000000
0	0	162	147.753000	33.526600	-43.214400	17.506900	-26.097486	0.000000
0	0	163	102.646000	29.505100	-22.911200	4.654070	-18.914966	0.000000
0	0	164	121.543000	-2.580150	-51.256400	-17.544700	-46.440864	0.000000
0	0	165	99.123000	44.488300	-25.328000	44.375400	-14.826824	0.000000
0	0	166	110.095000	-12.689400	-61.746100	14.969100	-50.806565	0.000000
0	0	167	121.286000	8.541590	-35.550700	13.518300	-38.244955	0.000000
0	0	168	89.331600	2.988830	-17.123800	0.780950	-40.049597	0.000000
0	0	169	121.113000	67.943700	-16.964200	1.723530	-7.009500	0.000000
0	0	170	111.016000	-12.324800	-21.221400	37.062900	-60.073415	0.000000
0	0	171	127.309000	-14.196300	-16.009200	25.051100	-65.782646	0.000000
0	0	172	122.200000	37.609800	-56.077000	15.624200	-28.075489	0.000000
0	0	173	132.349000	1.369270	-15.878900	-1.287050	-42.535730	0.000000
0	0	174	74.394800	2.790170	-13.194700	12.313200	-39.030024	0.000000
0	0	175	118.432000	62.135100	-49.143900	40.472800	-19.170591	0.000000
0	0	176	92.791100	4.012590	-20.009000	-1.507300	-39.330181	0.000000
0	0	177	129.690000	-19.580800	-9.486820	31.951800	-77.074998	0.000000
0	0	178	104.458000	5.328800	-45.277700	18.535600	-41.643826	0.000000
0	0	179	101.768000	8.896980	-31.580800	59.566700	-37.133174	0.000000
0	0	180	132.557000	-5.239470	-19.335100	33.592900	-52.581010	0.000000
0	0	181	97.550900	15.281400	-18.284100	41.190000	-25.055977	0.000000
0	0	182	140.394000	-9.604930	-54.760900	28.715300	-49.974174	0.000000
0	0	183	123.418000	11.811300	-52.881300	50.475500	-38.704680	0.000000
0	0	184	100.160000	23.853300	-5.513610	7.496200	-6.507573	0.000000
0	0	185	139.790000	-30.040600	-18.595200	13.163100	-74.121199	0.000000
0	0	186	99.702600	0.959223	-25.767500	52.304400	-43.934044	0.000000
0	0	187	66.097100	-15.553700	-15.861200	9.173670	-67.219593	0.000000
0	0	188	108.469000	3.331080	16.536300	14.243600	39.305366	0.000000
0	0	189	129.553000	-14.443700	-8.976140	18.732100	-74.070411	0.000000
0	0	190	147.232000	-10.260400	-18.834300	61.738200	-59.290156	0.000000
0	0	191	142.982000	19.927700	-6.501890	5.099220	-9.035079	0.000000
0	0	192	134.151000	-3.968230	-38.546900	18.457400	-47.938819	0.000000
0	0	193	122.281000	-0.455075	-36.609000	71.231700	-45.356095	0.000000
0	0	194	99.780200	-24.585300	-6.522820	59.695200	-82.570487	0.000000
0	0	195	142.300000	25.016000	21.686700	71.525400	20.461224	0.000000
0	0	196	147.611000	10.805300	-16.405800	59.897700	-28.315014	0.000000
0	0	197	125.599000	-2.144540	-17.804300	48.433300	-48.434114	0.000000
0	0	198	94.726400	61.715100	-1.582480	74.029700	-0.734420	0.000000
0	0	199	115.802000	-14.078500	-6.362630	22.402200	-77.839955	0.000000
0	0	200	155.347000	-2.849440	-44.513200	8.063370	-46.831349	0.000000
0	0	201	131.388000	16.517800	23.285400	53.013700	27.324761	0.000000
0	0	202	105.862000	50.555700	-6.939050	81.829700	-3.907665	0.000000
0	0	203	122.429000	24.326900	-22.107900	68.585100	-21.132032	0.000000
0	0	204	112.413000	32.590600	-19.843700	4.672920	-15.668158	0.000000
0	0	205	136.549000	17.955000	4.150850	56.988700	6.508500	0.000000
0	0	206	128.714000	3.625760	-5.788640	40.278800	-28.969353	0.000000
0	0	207	113.078000	6.591720	-1.876310	52.942400	-7.944409	0.000000
0	0	208	130.641000	26.485000	-27.221900	38.485600	-22.893046	0.000000
0	0	209	98.248100	17.350300	-24.873800	22.720200	-27.551475	0.000000
0	0	210	142.501000	16.100900	16.591200	42.489600	22.929615	0.000000
0	0	211	130.440000	65.070500	11.588200	74.091300	5.048881	0.000000
0	0	212	129.941000	-16.092000	16.193400	27.456900	67.410025	0.000000
0	0	213	131.923000	-6.946550	-13.264300	16.375500	-58.820587	0.000000
0	0	214	123.803000	-1.562780	-51.632100	32.075800	-45.866838	0.000000
0	0	215	122.879000	-34.005300	11.895600	79.527900	80.359672	0.000000
0	0	216	126.320000	27.748500	-20.038100	86.296300	-17.917141	0.000000
0	0	217	155.630000	17.746100	-23.267300	45.544600	-26.333516	0.000000
0	0	218	144.781000	-13.366800	-7.188310	35.027400	-75.864908	0.000000
0	0	219	140.812000	3.224990	-11.811400	36.198500	-37.364091	0.000000
0	0	220	120.539000	42.705800	-14.563700	92.393600	-9.415302	0.000000
0	0	221	188.746000	-30.436400	13.347000	76.892800	78.160770	0.000000
0	0	222	126.901000	35.987300	26.291200	79.498900	18.075350	0.000000
0	0	223	158.418000	31.356200	-38.686300	68.162100	-25.487190	0.000000
0	0	224	166.516000	-10.032200	-26.495600	71.992300	-55.369246	0.000000
0	0	225	140.722000	19.822700	-11.012300	11.792900	-14.526958	0.000000
0	0	226	161.482000	40.125000	-51.575600	76.097900	-26.058825	0.000000
0	0	227	148.751000	-6.387690	-12.928200	48.588200	-58.146751	0.000000
0	0	228	170.723000	31.248800	-29.714200	47.628400	-21.779009	0.000000
0	0	229	128.877000	31.485100	10.670900	37.266000	9.361249	0.000000
0	0	230	141.846000	43.142100	-35.431800	29.819100	-19.697811	0.000000
0	0	231	148.220000	66.570900	-12.313800	50.247400	-5.239853	0.000000
0	0	232	142.940000	6.365850	-3.042700	31.018000	-12.773254	0.000000
0	0	233	125.336000	13.827300	16.764200	49.910900	25.241903	0.000000
0	0	234	154.615000	46.667000	-3.460950	57.637600	-2.120722	0.000000
0	0	235	203.315000	10.701100	-32.921700	19.363600	-35.996701	0.000000
0	0	236	134.553000	64.327200	-19.303300	49.362000	-8.351722	0.000000
0	0	237	178.042000	67.488200	-43.433300	47.259000	-16.382034	0.000000
0	0	238	126.289000	28.881700	1.390730	75.146400	1.378407	0.000000
0	0	239	132.102000	14.182800	-3.286190	48.972200	-6.522687	0.000000
0	0	240	161.099000	9.204880	-58.534100	34.330000	-40.531522	0.000000
0	0	241	154.703000	43.769500	-31.424200	39.362500	-17.838180	0.000000
0	0	242	181.876000	12.123000	-1.989850	62.250400	-4.660661	0.000000
0	0	243	129.189000	77.255100	-61.746500	38.051600	-19.316880	0.000000
0	0	244	165.509000	57.946400	-29.453900	56.119100	-13.472015	0.000000
0	0	245	163.369000	27.270200	-4.676760	67.462500	-4.865696	0.000000
0	0	246	171.887000	26.719900	-1.964880	72.998800	-2.102872	0.000000
0	0	247	141.911000	23.752800	-38.251800	40.142400	-29.080707	0.000000
0	0	248	160.128000	5.966530	-4.015110	51.799800	-16.969072	0.000000
0	0	249	158.129000	32.329400	-22.729700	31.637900	-17.554873	0.000000
0	0	250	170.352000	19.023800	-60.885000	111.438000	-36.324172	0.000000
0	0	251	191.349000	13.517100	-26.523800	76.557400	-31.497814	0.000000
0	0	252	193.216000	18.083200	-29.616400	84.852400	-29.296285	0.000000
0	0	253	196.219000	43.165700	-76.490100	69.802200	-30.281318	0.000000
0	0	254	225.228000	-25.878000	-14.317500	70.649300	-75.522798	0.000000
0	0	255	166.148000	-18.564800	-45.570900	47.844700	-56.082568	0.000000
0	0	256	190.502000	-15.253900	-19.309500	50.269900	-64.153815	0.000000
0	0	257	191.033000	-34.174500	-26.856600	87.116400	-70.918688	0.000000
0	0	258	221.144000	-40.912700	-54.449600	78.791800	-63.460355	0.000000
0	0	259	203.262000	-3.375760	9.911130	73.468200	54.404497	0.000000
0	0	260	221.348000	-67.489800	-27.053100	71.904200	-79.078378	0.000000
0	0	261	190.276000	-43.568700	-60.037600	76.525300	-62.984013	0.000000
0	0	262	202.588000	-42.451800	-52.876900	69.094100	-64.379481	0.000000
0	0	263	200.418000	-50.583300	0.566376	111.470000	89.679246	0.000000
0	0	264	237.530000	-22.648900	-74.840800	85.910100	-53.418635	0.000000
0	0	265	236.383000	-56.581000	-63.528700	95.763800	-65.844718	0.000000
0	0	266	163.658000	-32.361900	-76.520000	21.379700	-56.462257	0.000000
0	0	267	252.357000	-23.838700	-116.999000	82.897200	-50.758225	4.622690
0	0	268	205.222000	-38.574800	-36.228500	75.770100	-68.398283	0.000000
0	0	269	248.592000	-52.135800	-54.548200	99.100300	-66.852308	0.000000
0	0	270	219.586000	-94.652900	-36.238100	54.542000	-79.525265	5.356210
0	0	271	215.547000	-31.125800	-63.157000	63.980700	-58.117780	0.000000
0	0	272	199.705000	-51.946700	-68.528800	69.226300	-63.581560	0.000000
0	0	273	218.420000	-63.465700	-47.931700	67.571100	-71.469258	0.000000
0	0	274	206.409000	1.255380	-40.910800	50.050000	-44.121193	0.000000
0	0	275	181.224000	-59.747200	-67.602100	76.034300	-65.735235	0.000000
0	0	276	219.968000	-38.002500	-52.303100	89.725900	-63.000743	0.000000
0	0	277	213.617000	-57.270700	-6.486650	46.353100	-86.769024	0.000000
0	0	278	211.104000	-11.855400	-28.762500	23.024000	-56.200301	0.000000
0	0	279	161.747000	-64.209300	-40.897100	43.404100	-73.752772	0.000000
0	0	280	190.154000	-43.661300	-47.421500	30.590000	-66.317991	0.000000
0	0	281	163.913000	-34.305000	-23.156100	48.294500	-72.990196	0.000000
0	0	282	168.967000	-70.943400	-61.146800	30.755500	-69.620816	0.000000
0	0	283	134.837000	-5.575260	-50.614600	66.981200	-48.142930	0.000000
0	0	284	196.355000	-19.642300	-79.223600	73.905900	-51.962416	0.000000
0	0	285	183.939000	-0.431262	-25.458200	107.973000	-45.485249	0.000000
0	0	286	176.765000	16.156700	-64.115100	53.899300	-37.928106	0.000000
0	0	287	195.849000	-38.639400	-90.480700	88.670200	-56.562350	0.000000
0	0	288	179.298000	-19.003100	-73.053400	54.728900	-52.290493	0.000000
0	0	289	239.419000	-15.359300	-66.145100	43.303200	-51.536380	0.000000
0	0	290	186.626000	-27.320300	-79.328600	65.244800	-54.501702	0.000000
0	0	291	184.722000	-30.880400	-105.676000	66.823800	-53.144649	5.009690
0	0	292	225.001000	-40.427700	-74.461700	95.024700	-59.249494	0.000000
0	0	293	203.821000	-19.202800	-51.248900	93.871300	-55.270407	0.000000
0	0	294	195.492000	30.666400	-49.309800	58.121400	-29.060993	0.000000
0	0	295	203.698000	2.462640	-31.177100	76.313200	-42.741828	0.000000
0	0	296	203.941000	-12.682600	-66.440600	82.409500	-50.403485	0.000000
0	0	297	197.648000	5.196330	-27.274700	50.536000	-39.606686	0.000000
0	0	298	163.828000	4.149030	-33.594100	29.224000	-41.479677	0.000000
0	0	299	184.123000	20.701600	-56.869300	69.896600	-34.998724	0.000000
0	0	300	219.479000	12.947700	-50.875600	10.428400	-37.860749	0.000000
0	0	301	212.664000	19.209800	-33.032700	73.344100	-29.910167	0.000000
0	0	302	186.445000	16.363800	34.103700	60.920200	32.183577	0.000000
0	0	303	142.123000	19.047200	0.185196	41.231900	0.278535	0.000000
0	0	304	162.650000	60.458800	26.795200	41.892500	11.951405	0.000000
0	0	305	157.044000	104.329000	21.248800	4.486790	5.756018	5.089610
0	0	306	154.565000	69.376300	18.351600	10.335300	7.408333	0.000000
0	0	307	161.175000	81.216500	6.773400	0.427996	2.383698	0.000000
0	0	308	136.067000	63.121300	36.138600	-8.468950	14.896135	0.000000
0	0	309	128.817000	57.443000	3.563430	22.254600	1.774874	0.000000
0	0	310	125.058000	73.611800	25.135800	46.425100	9.426601	0.000000
0	0	311	125.840000	19.696000	26.052200	19.158700	26.454984	0.000000
0	0	312	116.509000	54.609100	50.135100	-3.619280	21.277089	0.000000
0	0	313	150.362000	42.579000	45.181300	-38.117000	23.349229	0.000000
0	0	314	129.320000	74.951500	24.637900	40.890800	9.098310	0.000000
0	0	315	108.302000	1.005140	17.962600	23.643000	43.398609	0.000000
0	0	316	110.271000	32.051800	67.978700	37.847200	32.378115	0.000000
0	0	317	136.747000	24.015000	14.683800	14.013100	15.721701	0.000000
0	0	318	118.584000	39.797400	48.388500	7.385980	25.282108	0.000000
0	0	319	132.505000	31.857700	66.014700	-27.688700	32.119372	0.000000
0	0	320	91.784600	28.003800	51.298000	19.342600	30.684841	0.000000
0	0	321	99.517500	34.922500	31.564400	-16.292500	21.054290	0.000000
0	0	322	116.183000	-0.760202	22.014500	5.042680	45.988872	0.000000
0	0	323	77.881400	7.942460	45.993300	-16.240200	40.101187	0.000000
0	0	324	118.636000	18.259700	5.176190	13.891800	7.913385	0.000000
0	0	325	137.257000	-3.251890	36.648100	14.044800	47.535368	0.000000
0	0	326	86.797700	6.044500	4.028110	17.051200	16.839925	0.000000
0	0	327	133.940000	1.870020	9.657380	11.398300	39.520539	0.000000
0	0	328	83.206900	17.730400	28.223000	6.170270	28.930963	0.000000
0	0	329	162.799000	-34.216700	34.924800	0.866425	67.206618	0.000000
0	0	330	137.779000	-55.103900	63.467300	21.309500	65.482667	0.000000
0	0	331	90.991000	-20.516700	15.833900	-39.146300	71.170298	0.000000
0	0	332	105.563000	-26.701300	27.195400	32.919500	67.237377	0.000000
0	0	333	111.270000	20.005600	-23.070000	25.857800	-24.534584	0.000000
0	0	334	97.518600	3.066090	16.928100	6.247660	39.866822	0.000000
0	0	335	118.306000	-2.732820	-25.520300	4.740450	-48.056089	0.000000
0	0	336	96.434000	-31.221600	11.713900	-27.016100	79.717312	0.000000
0	0	337	116.015000	-1.291980	22.624700	-42.285700	46.634159	0.000000
0	0	338	101.678000	-8.723290	33.223000	-4.669090	52.355969	0.000000
0	0	339	114.529000	-12.651400	-32.513500	-50.972700	-55.630810	0.000000
0	0	340	94.820800	-25.771900	25.760800	-31.020600	67.506171	0.000000
0	0	341	107.087000	-4.490710	-8.662730	-21.394400	-58.700983	0.000000
0	0	342	122.231000	-10.384200	43.264800	6.872320	51.748272	0.000000
0	0	343	107.875000	-23.422500	-22.692500	5.123450	-67.953458	0.000000
0	0	344	49.982800	5.114720	2.955650	-3.957420	15.011193	0.000000
0	0	345	58.592500	-12.826000	6.408040	-20.754600	76.726339	0.000000
0	0	346	86.584600	29.012900	-20.383000	-5.094030	-17.544971	0.000000
0	0	347	89.832800	40.715200	3.026190	-2.906350	2.125369	0.000000
0	0	348	81.374500	-38.468500	-24.801400	-38.549100	-73.594663	0.000000
0	0	349	100.980000	-27.859600	-11.144200	22.240400	-79.098976	0.000000
0	0	350	72.599300	-16.525500	-2.605350	-13.656000	-85.520350	0.000000
0	0	351	128.515000	0.027433	3.386670	33.867900	44.767950	0.000000
0	0	352	58.747700	6.535310	1.749450	-17.210200	7.493124	0.000000
0	0	353	80.858200	22.405500	-9.663280	-54.569900	-11.665040	0.000000
0	0	354	73.476100	12.165800	36.316200	-42.920300	35.739665	0.000000
0	0	355	85.832000	-4.115090	22.185700	19.003900	50.254012	0.000000
0	0	356	116.116000	-20.426800	17.857500	-35.630700	69.419712	0.000000
0	0	357	120.595000	36.862600	-13.525400	1.817820	-10.074394	0.000000
0	0	358	85.213400	-25.387300	30.283800	9.388420	64.986769	0.000000
0	0	359	61.702400	-32.316700	-18.731400	-47.661800	-74.951284	0.000000
0	0	360	115.935000	1.187340	32.176300	-5.659600	43.943342	0.000000
0	0	361	55.742800	-24.492300	30.281900	-15.112900	64.483137	0.000000
0	0	362	80.100600	-31.238800	12.033000	34.516400	79.466806	0.000000
0	0	363	66.546700	35.593800	16.329500	11.157400	12.322207	0.000000
0	0	364	96.013700	-19.400000	2.540220	-9.586540	86.270089	0.000000
0	0	365	103.556000	-1.811760	16.872100	-2.621700	48.064525	0.000000
0	0	366	92.972700	-9.283770	-6.678210	-27.145100	-72.135466	0.000000
0	0	367	106.740000	-4.287430	-15.697500	19.016900	-52.638249	0.000000
0	0	368	107.377000	-49.997600	-15.303500	-1.253770	-81.490726	0.000000
0	0	369	72.950500	-3.714350	-5.569540	8.993430	-61.849746	0.000000
0	0	370	94.879100	32.509200	7.669360	7.566630	6.637072	0.000000
0	0	371	63.258300	-4.679780	3.555290	9.972410	71.387794	0.000000
0	0	372	71.273200	14.745800	6.366250	2.978130	11.675728	0.000000
0	0	373	29.788200	-22.588000	-60.479400	7.195420	-55.239891	0.000000
0	0	374	81.092000	4.078760	40.655600	-32.474600	42.135494	0.000000
0	0	375	37.559500	26.445700	-0.057892	-16.349500	-0.062712	0.000000
0	0	376	53.785600	-31.256300	23.618600	-21.579300	71.461871	0.000000
0	0	377	49.303500	17.466400	14.125900	-14.104600	19.482049	0.000000
0	0	378	66.826000	-3.088000	10.289200	-12.927800	53.352789	0.000000
0	0	379	96.779600	15.002400	8.299690	-5.400850	14.476214	0.000000
0	0	380	82.986800	-25.878800	-29.071300	49.421900	-65.837479	0.000000
0	0	381	83.492300	33.075400	-21.399400	3.020410	-16.451199	0.000000
0	0	382	39.999100	33.656300	-0.439705	-12.087800	-0.374251	0.000000
0	0	383	44.095400	15.318800	4.605460	31.725900	8.366467	0.000000
0	0	384	30.055700	8.537880	21.144600	2.346890	34.005932	0.000000
0	0	385	47.288400	30.029400	40.577100	16.416000	26.748209	0.000000
0	0	386	62.890400	-9.621920	21.758900	-2.438320	56.927655	0.000000
0	0	387	34.976800	23.878900	12.100300	30.654200	13.436489	0.000000
0	0	388	51.323600	-0.054029	-25.166000	13.836300	-45.061504	0.000000
0	0	389	89.830300	25.560100	11.121700	-14.894000	11.757401	0.000000
0	0	390	51.495900	2.230180	29.975600	-20.452600	42.872521	0.000000
0	0	391	69.853900	26.113000	-8.317400	-15.839000	-8.833746	0.000000
0	0	392	59.868200	3.307020	8.900810	13.608700	34.808940	0.000000
0	0	393	96.218600	4.026560	-8.158440	-12.861500	-31.865786	0.000000
0	0	394	77.955900	-4.622690	8.969760	-49.538200	58.632471	0.000000
0	0	395	45.564700	3.878030	-38.370900	-20.327200	-42.114443	0.000000
0	0	396	81.011000	2.487740	4.434460	-16.804200	30.353748	0.000000
0	0	397	29.530000	0.303686	34.856400	-0.169327	44.750412	0.000000
0	0	398	55.955800	-5.627920	-7.978360	-3.226280	-62.599535	0.000000
0	0	399	39.230600	-5.880790	16.635500	4.426930	54.734466	0.000000
0	0	400	98.990500	23.858600	-14.375500	53.012600	-15.535093	0.000000
0	0	401	65.408500	24.104800	-41.644600	26.211100	-29.968404	0.000000
0	0	402	63.946600	16.156400	11.015200	-64.826600	17.142800	0.000000
0	0	403	35.006200	33.823800	-20.396700	35.672100	-15.545578	0.000000
0	0	404	55.977100	30.102700	12.302700	-8.497500	11.114694	0.000000
0	0	405	60.762900	-28.216100	-13.126300	-21.748200	-77.525933	0.000000
0	0	406	47.512700	19.804700	13.246900	7.698690	16.888819	0.000000
0	0	407	67.644000	1.440140	27.294500	18.095500	43.489851	0.000000
0	0	408	74.667200	-0.329697	33.048800	7.696020	45.285784	0.000000
0	0	409	70.413300	34.345000	30.198300	-31.956700	20.661991	0.000000
0	0	410	76.888400	11.664500	22.400400	-25.537600	31.246388	0.000000
0	0	411	24.452400	-15.257000	15.839900	8.882340	66.963069	0.000000
0	0	412	89.069000	-3.555010	-21.267000	-29.194600	-49.744935	0.000000
0	0	413	57.944100	0.195793	-31.790500	-29.342500	-44.823564	0.000000
0	0	414	27.595600	7.847780	20.285900	-13.165100	34.425298	0.000000
0	0	415	29.057800	5.069820	-1.152340	19.465000	-6.402714	0.000000
0	0	416	76.961400	11.457700	-21.948800	38.712800	-31.217283	0.000000
0	0	417	28.031800	-6.097120	-3.202130	2.458430	-76.146058	0.000000
0	0	418	8.997270	12.583900	20.557500	13.591000	29.263937	0.000000
0	0	419	44.391200	26.379700	5.273210	14.885100	5.652115	0.000000
0	0	420	64.370900	9.034740	41.097000	-19.275200	38.800679	0.000000
0	0	421	52.567600	29.480000	-9.290370	24.930600	-8.745900	0.000000
0	0	422	42.737200	17.790400	-46.059400	0.679790	-34.440497	0.000000
0	0	423	95.403100	26.104100	-8.474720	-37.055100	-8.993035	0.000000
0	0	424	62.358100	8.967480	-3.728000	-2.039620	-11.286923	0.000000
0	0	425	19.621900	-20.450400	45.853000	7.392580	57.018416	0.000000
0	0	426	74.695000	-11.072700	27.385000	39.987400	56.007591	0.000000
0	0	427	32.284300	20.434400	15.721700	-8.576870	18.786877	0.000000
0	0	428	79.583700	-38.398100	20.428200	12.835700	75.993272	0.000000
0	0	429	29.426100	-13.287400	-17.470300	-22.426500	-63.627779	0.000000
0	0	430	34.015500	-23.867300	5.866690	-17.235300	83.095111	0.000000
0	0	431	18.234000	31.128600	-25.634600	-11.392300	-19.735836	0.000000
0	0	432	66.507400	13.533800	-4.354060	7.856700	-8.916945	0.000000
0	0	433	30.716300	-36.136100	-8.083010	22.662500	-83.695746	0.000000
0	0	434	47.194000	0.303588	-9.772830	-35.326200	-44.110354	0.000000
0	0	435	88.550300	19.535900	35.611600	-28.172300	30.625799	0.000000
0	0	436	48.544800	37.893200	28.142600	5.453780	18.300305	0.000000
0	0	437	60.078900	-11.714600	-21.624900	12.600000	-59.222604	0.000000
0	0	438	46.262100	3.822470	-57.960500	-17.109600	-43.113416	0.000000
0	0	439	75.480800	0.947235	23.760100	-22.330900	43.858510	0.000000
0	0	440	55.838100	-9.530590	10.857900	19.951000	65.637623	0.000000
0	0	441	25.487100	9.148820	6.718000	-17.552700	18.144963	0.000000
0	0	442	67.084500	-0.704541	26.274600	-6.686870	45.767996	0.000000
0	0	443	59.564200	-2.620940	31.334900	14.045200	47.390626	0.000000
0	0	444	78.581000	43.797700	11.907800	-18.407000	7.605012	0.000000
0	0	445	83.735600	7.638300	-22.365100	45.821400	-35.571773	0.000000
0	0	446	61.025800	4.521890	-13.152500	-9.280620	-35.513397	0.000000
0	0	447	55.820500	-10.467400	29.408700	-32.973100	54.796052	0.000000
0	0	448	33.579100	7.780470	-19.966500	-16.679200	-34.355160	0.000000
0	0	449	58.038200	-10.055200	-2.768160	3.332570	-82.303982	0.000000
0	0	450	77.735400	26.073100	-1.399490	-19.421000	-1.536219	0.000000
0	0	451	55.324300	52.131000	24.079300	4.600380	12.396104	0.000000
0	0	452	80.511600	23.524900	9.072250	6.573800	10.544431	0.000000
0	0	453	50.683000	12.748200	-47.923700	6.284490	-37.551848	0.000000
0	0	454	60.873600	-4.094320	-40.364200	-26.815000	-47.895978	0.000000
0	0	455	9.947410	27.198900	-19.603700	-13.573700	-17.891153	0.000000
0	0	456	66.349500	-9.185850	-5.741650	-5.740200	-73.996201	0.000000
0	0	457	43.405700	15.729400	-33.599300	-4.882010	-32.456757	0.000000
0	0	458	23.362500	-15.677900	-25.185900	-5.657760	-60.950867	0.000000
0	0	459	-1.551120	-11.030700	-27.232500	-14.394200	-56.025363	0.000000
0	0	460	64.329200	-26.426400	-12.404600	-26.809900	-77.427277	0.000000
0	0	461	22.368100	10.142100	21.411700	7.242260	32.327223	0.000000
0	0	462	70.648000	-7.190010	7.103850	-4.803400	67.672681	0.000000
0	0	463	47.717800	12.125200	-5.260560	5.498650	-11.726889	0.000000
0	0	464	4.821370	-23.947400	12.436700	12.737900	76.277806	0.000000
0	0	465	90.546100	3.781940	21.272000	-2.237780	39.959373	0.000000
0	0	466	17.080000	-9.293710	-14.867700	31.221700	-61.004628	0.000000
0	0	467	27.412700	32.566100	-32.064900	6.603570	-22.277846	0.000000
0	0	468	14.604700	-34.684600	-29.614000	10.288200	-69.754512	0.000000
0	0	469	56.383300	11.883400	9.327920	16.519900	19.065138	0.000000
0	0	470	7.527900	-2.625750	20.598800	-9.838840	48.632187	0.000000
0	0	471	6.602190	9.937910	12.765300	8.596970	26.049448	0.000000
0	0	472	71.785200	36.532800	-13.824200	17.595900	-10.363451	0.000000
0	0	473	-6.273020	33.603400	-17.783900	-6.860080	-13.944550	0.000000
0	0	474	55.618200	10.157700	4.988560	-2.740490	13.078085	0.000000
0	0	475	33.242000	6.434350	0.881548	-29.853900	3.900663	0.000000
0	0	476	42.801900	51.127200	16.624400	7.071830	9.006165	0.000000
0	0	477	49.902600	26.113400	4.547940	28.048800	4.939802	0.000000
0	0	478	35.513500	-0.957464	47.615300	-5.009100	45.575983	0.000000
0	0	479	31.113000	23.357400	-2.738430	-42.979800	-3.343426	0.000000
0	0	480	39.692500	-0.584356	11.830500	-20.148800	46.413885	0.000000
0	0	481	41.217100	-16.491600	1.470060	-29.709700	87.453061	0.000000
0	0	482	51.820700	-4.966940	-17.132200	7.093410	-53.083923	0.000000
0	0	483	-9.685600	20.533700	6.966230	3.968110	9.369968	0.000000
0	0	484	41.081300	4.223280	9.951050	20.048600	33.501683	0.000000
0	0	485	5.671140	39.125900	-5.038390	18.739400	-3.668906	0.000000
0	0	486	50.112100	42.662300	29.578000	4.399550	17.366888	0.000000
0	0	487	52.152500	43.524700	12.687700	12.530500	8.125853	0.000000
0	0	488	33.116300	3.555340	-35.387500	-10.607900	-42.131407	0.000000
0	0	489	7.691780	2.062140	-12.751500	-4.015450	-40.406901	0.000000
0	0	490	49.233500	26.995100	-15.067700	4.025050	-14.584347	0.000000
0	0	491	3.436980	-6.617130	-16.176200	-13.035200	-56.123895	0.000000
0	0	492	41.405200	-2.559200	-9.276600	18.649200	-52.711476	0.000000
0	0	493	85.708500	-4.498380	-34.572000	-14.471400	-48.706732	0.000000
0	0	494	55.306800	-31.339900	15.087300	46.257400	77.146716	0.000000
0	0	495	-13.204600	1.791030	24.363000	24.932600	42.897751	0.000000
0	0	496	35.458100	35.295400	0.967466	-17.753200	0.785058	0.000000
0	0	497	38.754900	-41.666200	-16.919800	26.038500	-78.949463	0.000000
0	0	498	14.640200	27.370600	10.317900	-18.953000	10.327473	0.000000
0	0	499	57.663500	46.027200	26.023300	-20.218000	14.741683	0.000000
0	0	500	37.584100	7.375770	14.308000	-13.612800	31.364454	0.000000
0	0	501	33.510700	25.506800	-9.798160	-43.619600	-10.506868	0.000000
0	0	502	41.359000	3.677210	6.653170	-8.036540	30.535276	0.000000
0	0	503	68.861800	20.578800	-17.460200	63.157900	-20.156564	0.000000
0	0	504	15.450200	-23.911300	12.170100	10.790800	76.512668	0.000000
0	0	505	36.823100	15.308200	41.535600	-26.384600	34.884163	0.000000
0	0	506	28.301400	-20.262200	34.162600	-4.459590	60.336314	0.000000
0	0	507	-8.023370	-1.215700	27.057500	19.501800	46.286292	0.000000
0	0	508	14.462400	4.980650	-6.631220	12.621400	-26.545058	0.000000
0	0	509	17.299900	5.397060	10.916700	8.529820	31.846434	0.000000
0	0	510	2.750950	5.779870	-28.493900	-14.749600	-39.266684	0.000000
0	0	511	37.277300	-4.297190	-32.947600	10.392600	-48.715428	0.000000
0	0	512	41.345700	19.605100	9.172880	-26.598200	12.537032	0.000000
0	0	513	23.931600	2.890190	18.105600	-15.606300	40.465208	0.000000
0	0	514	74.353900	7.032110	47.111600	14.159000	40.755214	0.000000
0	0	515	17.912700	12.988500	3.378440	-14.335400	7.290062	0.000000
0	0	516	-5.841960	35.891400	19.924500	4.741130	14.518050	0.000000
0	0	517	43.780100	3.821940	-2.103160	5.719790	-14.411686	0.000000
0	0	518	57.206400	23.228100	7.823140	-38.215500	9.306670	0.000000
0	0	519	10.042800	25.036500	17.251200	14.564900	17.284237	0.000000
0	0	520	53.365700	4.307590	29.031100	11.368300	40.780059	0.000000
0	0	521	41.901100	-7.612240	8.990150	24.470900	65.127814	0.000000
0	0	522	14.115800	-9.742860	-26.794100	-30.859700	-54.991129	0.000000
0	0	523	15.325300	11.570200	-0.871302	4.873600	-2.153285	0.000000
0	0	524	33.493200	13.909400	-19.904500	-1.143100	-27.526944	0.000000
0	0	525	18.847900	-14.595100	44.934900	12.400600	53.997039	0.000000
0	0	526	26.468300	2.451320	10.434900	24.181500	38.390018	0.000000
0	0	527	27.003100	12.537700	9.902290	29.841200	19.150860	0.000000
0	0	528	13.043800	4.437530	7.429270	40.550700	29.574987	0.000000
0	0	529	-12.087200	18.737000	-14.678800	3.407530	-19.037796	0.000000
0	0	530	63.333600	16.118200	-43.829600	-5.812530	-34.904579	0.000000
0	0	531	23.597900	22.939300	-5.302720	12.554400	-6.508021	0.000000
0	0	532	20.559200	20.739900	39.023800	10.610300	31.005393	0.000000
0	0	533	3.172260	9.313620	-11.172000	39.120800	-25.091737	0.000000
0	0	534	21.673900	-33.317800	2.559430	42.716700	87.803620	0.000000
0	0	535	27.799000	5.870100	-23.913700	23.017000	-38.104144	0.000000
0	0	536	33.588700	-7.425620	10.940900	8.330460	62.082425	0.000000
0	0	537	-11.331700	-18.828800	14.771800	-7.219140	70.942337	0.000000
0	0	538	44.607000	-0.898834	-2.699640	8.279150	-54.207483	0.000000
0	0	539	39.644600	-7.227070	17.815300	-3.841850	56.040373	0.000000
0	0	540	12.721700	-14.238000	31.559500	20.466600	57.141206	0.000000
0	0	541	25.411600	1.727950	-17.689700	-23.442900	-42.210491	0.000000
0	0	542	1.358560	-4.199790	-1.760060	7.595150	-78.631139	0.000000
0	0	543	25.567200	33.517200	4.082540	0.972057	3.472332	0.000000
0	0	544	-16.446100	-1.521640	15.613800	3.128200	47.783086	0.000000
0	0	545	-8.778510	9.155350	-20.558400	-58.461700	-32.997487	0.000000
0	0	546	0.333424	-4.173050	-32.170400	4.372340	-48.695485	0.000000
0	0	547	48.109000	7.929990	12.633400	16.776200	28.941746	0.000000
0	0	548	43.603200	19.046300	-47.655300	24.838600	-34.107495	0.000000
0	0	549	18.008100	1.577880	-0.159646	10.282900	-2.888692	0.000000
0	0	550	38.482100	33.714600	-11.683900	-0.628149	-9.556959	0.000000
0	0	551	37.188500	-2.666560	15.003000	19.457500	50.039114	0.000000
0	0	552	19.022200	-9.229080	6.199720	-9.552190	73.054201	0.000000
0	0	553	14.872000	-10.717500	-42.184000	31.127600	-52.127634	0.000000
0	0	554	11.791800	33.938700	-12.694000	30.039800	-10.253584	0.000000
0	0	555	11.782100	11.334400	-20.209700	20.012100	-30.357283	0.000000
0	0	556	19.063800	-24.969800	-26.757300	2.716080	-66.510427	0.000000
0	0	557	-16.144000	-8.977070	-16.400400	23.609700	-59.347464	0.000000
0	0	558	41.807800	11.916900	27.812100	2.437780	33.402943	0.000000
0	0	559	15.890000	3.529200	-40.320600	32.070000	-42.498869	0.000000
0	0	560	9.661440	27.906000	3.071260	-4.450750	3.140272	0.000000
0	0	561	17.268000	14.036000	-11.716600	-6.998720	-19.926779	0.000000
0	0	562	37.841400	-27.275400	-3.398900	-19.607400	-86.448377	0.000000
0	0	563	35.428900	15.703600	-40.925400	-0.473521	-34.503776	0.000000
0	0	564	20.982200	22.901100	-11.033700	-41.006100	-12.862333	0.000000
0	0	565	18.156800	19.970300	15.341200	24.873800	18.765749	0.000000
0	0	566	30.063000	47.987700	0.010719	-42.402400	0.006399	0.000000
0	0	567	27.199900	37.369500	48.383500	-9.939060	26.159461	0.000000
0	0	568	37.654600	24.234000	2.203280	-9.444370	2.597436	0.000000
0	0	569	31.275900	30.844300	-21.741200	41.226400	-17.589417	0.000000
0	0	570	26.799100	5.214850	-8.471060	27.375500	-29.191613	0.000000
0	0	571	43.981900	10.132300	22.386600	14.439700	32.824114	0.000000
0	0	572	-18.703500	18.587700	-26.273300	2.431320	-27.360776	0.000000
0	0	573	-2.820040	-19.073700	-24.636500	15.378700	-63.873607	0.000000
0	0	574	16.446400	-16.751400	13.641400	-22.711300	70.421281	0.000000
0	0	575	45.786100	-14.654900	8.809470	14.391400	74.494374	0.000000
0	0	576	34.445300	-21.577700	30.844300	48.421600	62.487712	0.000000
0	0	577	3.717920	37.877300	-2.437160	18.475600	-1.840769	0.000000
0	0	578	48.138300	23.193100	-40.400800	-2.523910	-30.070466	0.000000
0	0	579	25.065700	-28.396600	-11.788400	-11.564600	-78.727495	0.000000
0	0	580	15.039300	-32.662600	8.710060	-0.096431	82.534264	0.000000
0	0	581	25.827600	-27.640800	-28.244500	-20.624500	-67.190544	0.000000
0	0	582	29.912600	22.300600	21.527000	18.201200	21.994389	0.000000
0	0	583	48.179100	-12.534100	-24.318000	-14.147000	-58.633850	0.000000
0	0	584	0.058896	-3.310040	14.658400	3.661000	51.362324	0.000000
0	0	585	-1.455940	-8.599380	6.643930	-19.850900	71.155061	0.000000
0	0	586	25.950400	1.645070	-16.098200	-34.718100	-42.082608	0.000000
0	0	587	6.039810	-6.590250	2.254950	0.258770	80.555436	0.000000
0	0	588	-7.170040	-16.721900	16.321000	-12.880900	67.847560	0.000000
0	0	589	27.713700	43.738500	-0.259212	-1.257390	-0.169777	0.000000
0	0	590	11.656700	14.840700	-7.243480	67.507400	-13.008087	0.000000
0	0	591	62.555900	-16.150400	-7.946160	-21.782700	-76.901174	0.000000
0	0	592	-35.325700	-22.251900	29.742300	-15.989100	63.401122	0.000000
0	0	593	9.407560	11.379100	-18.384100	-8.625100	-29.121987	0.000000
0	0	594	-37.738000	6.165840	25.141100	36.686700	38.110110	0.000000
0	0	595	19.678500	22.827400	-22.007400	1.242420	-21.976107	0.000000
0	0	596	13.923500	0.710448	6.320710	-38.869400	41.793435	0.000000
0	0	597	1.930320	-21.283400	-21.292700	-31.415900	-67.493742	0.000000
0	0	598	7.573000	3.727830	-29.837200	6.880620	-41.439212	0.000000
0	0	599	-0.570301	30.443000	21.031900	33.154100	17.319553	0.000000
0	0	600	-4.491990	-24.881100	23.166400	18.929800	68.521941	0.000000
0	0	601	1.321090	-17.063800	10.634900	30.229400	74.033525	0.000000
0	0	602	-13.979100	-10.410300	51.390600	-47.366100	50.725781	0.000000
0	0	603	9.265460	8.954940	13.828800	5.623520	28.537316	0.000000
0	0	604	14.934900	-59.878800	16.612600	-19.013900	82.247006	0.000000
0	0	605	45.451700	-17.319400	-8.644620	-9.823190	-76.737436	0.000000
0	0	606	21.597800	21.196100	-35.832500	-16.181400	-29.697146	0.000000
0	0	607	19.282800	0.840286	-13.333300	0.719216	-43.196948	0.000000
0	0	608	2.075760	-0.186866	9.048350	-5.561000	45.591550	0.000000
0	0	609	16.103700	13.363800	30.756000	13.452100	33.257278	0.000000
0	0	610	-0.077734	5.897020	24.168100	-14.425900	38.143878	0.000000
0	0	611	-8.434420	-20.879100	-4.649030	-1.456960	-83.723529	0.000000
0	0	612	-19.478100	-32.529600	39.535900	-33.739600	64.723541	0.000000
0	0	613	-30.725600	-20.132300	-44.843600	18.304400	-57.088724	0.000000
0	0	614	-19.897700	15.042200	-22.329200	0.857717	-28.016792	0.000000
0	0	615	34.262900	26.217400	-16.930100	2.021610	-16.426341	0.000000
0	0	616	1.889900	3.733590	-1.646190	-7.360700	-11.896663	0.000000
0	0	617	-8.445670	50.978500	-2.480810	-19.307100	-1.393018	0.000000
0	0	618	-26.559700	-15.356300	-11.334400	-4.949620	-71.784585	0.000000
0	0	619	-52.070800	13.689000	4.972210	9.937280	9.981186	0.000000
0	0	620	25.702000	-7.569790	-32.969600	-0.375898	-51.465473	0.000000
0	0	621	-18.995600	2.453680	9.787560	3.456980	37.963176	0.000000
0	0	622	-5.641130	-4.746870	0.859828	-14.193900	84.866503	0.000000
0	0	623	28.623700	25.026100	-23.537800	19.990500	-21.622325	0.000000
0	0	624	13.088100	-3.942780	22.564700	20.138000	49.955679	0.000000
0	0	625	-26.476600	14.894300	-17.963700	46.331900	-25.168373	0.000000
0	0	626	2.885450	-0.298728	25.453400	-52.095100	45.336204	0.000000
0	0	627	4.023540	-48.151700	27.615700	-13.416600	75.082551	0.000000
0	0	628	16.358300	-8.817560	-8.328640	4.954200	-68.316667	0.000000
0	0	629	11.812200	-6.779060	22.264100	-26.290500	53.467324	0.000000
0	0	630	-8.607530	-13.896000	22.788100	17.206100	60.687251	0.000000
0	0	631	6.558450	-23.077600	-0.861299	-21.886600	-88.931303	0.000000
0	0	632	12.206900	-8.670150	-23.070600	23.062000	-55.298348	0.000000
0	0	633	-1.098470	13.002900	12.109300	0.045978	21.481015	0.000000
0	0	634	28.491200	19.132500	-3.155210	-11.534600	-4.682284	0.000000
0	0	635	27.031000	12.615000	3.420030	-31.095200	7.584370	0.000000
0	0	636	-23.835900	26.592600	36.787200	-19.080800	27.068860	0.000000
0	0	637	-4.216490	-38.308600	11.963300	35.472600	81.328532	0.000000
0	0	638	-3.960210	-17.886800	-4.823460	-2.328640	-82.454134	0.000000
0	0	639	28.515700	26.069100	22.552300	-16.271500	20.431492	0.000000
0	0	640	-11.521200	-8.511060	19.286300	6.469870	56.905954	0.000000
0	0	641	-2.925500	-74.898900	15.896600	5.955060	84.008656	0.000000
0	0	642	13.978000	-5.862040	16.253000	2.011250	54.916536	0.000000
0	0	643	-33.336800	1.836400	15.350000	-59.702700	41.588917	0.000000
0	0	644	27.556800	9.487060	4.865580	19.998600	13.575847	0.000000
0	0	645	24.348500	42.092000	7.945710	-37.727500	5.344969	0.000000
0	0	646	33.146700	11.373700	-7.476080	26.258700	-16.658718	0.000000
0	0	647	-15.254300	2.292080	31.788400	-0.247096	42.937933	0.000000
0	0	648	-42.742500	15.020800	40.744000	24.529600	34.881471	0.000000
0	0	649	-25.576900	-3.725080	8.916990	-5.233090	56.336387	0.000000
0	0	650	5.306490	4.353970	-16.948900	33.098700	-37.796461	0.000000
0	0	651	34.486400	2.795570	7.405450	12.100600	34.659196	0.000000
0	0	652	29.701100	-19.444400	6.541540	5.747450	80.702943	0.000000
0	0	653	9.505030	2.182460	-5.790670	23.970400	-34.674475	0.000000
0	0	654	39.372500	-27.379300	0.318495	-23.784400	89.666763	0.000000
0	0	655	24.419600	0.463898	-0.567467	-5.128400	-25.367191	0.000000
0	0	656	-8.115790	-2.398630	27.392600	32.456200	47.502167	0.000000
0	0	657	-16.943200	-9.534430	13.926700	-17.896100	62.198067	0.000000
0	0	658	21.958700	1.681530	8.569030	6.937840	39.448863	0.000000
0	0	659	43.166300	-0.180924	-31.886100	5.884460	-45.162548	0.000000
0	0	660	-23.633000	-14.498900	31.578200	-8.295810	57.330938	0.000000
0	0	661	-21.959500	-25.674300	8.041030	-13.221600	81.304885	0.000000
0	0	662	-17.193400	12.928500	-17.005600	-2.989580	-26.378052	0.000000
0	0	663	7.074250	-0.111989	10.607800	38.784500	45.302431	0.000000
0	0	664	1.818280	14.572300	-26.103900	-9.895280	-30.413950	0.000000
0	0	665	-29.179200	-31.489900	-15.412300	28.026500	-76.960598	0.000000
0	0	666	25.182600	10.525300	15.069200	25.294000	27.533535	0.000000
0	0	667	19.731400	-16.738300	10.934500	-17.085000	73.422465	0.000000
0	0	668	-6.036810	-1.318090	2.928250	-29.229800	57.116944	0.000000
0	0	669	-32.127900	-11.374700	-5.952640	8.190700	-76.187956	0.000000
0	0	670	-16.773600	-21.640800	-17.903600	-13.293600	-70.199392	0.000000
0	0	671	-4.855790	-4.408800	1.883830	-15.840900	78.431767	0.000000
0	0	672	-22.289800	-21.266000	-10.740900	-17.712500	-76.601427	0.000000
0	0	673	19.357700	6.242490	-15.437100	14.271300	-33.991232	0.000000
0	0	674	3.702310	-9.319780	1.406290	2.999370	85.709600	0.000000
0	0	675	15.423800	20.590900	8.352780	-33.338600	11.040065	0.000000
0	0	676	5.647380	12.842500	-13.200800	-15.397300	-22.894109	0.000000
0	0	677	8.822670	3.957670	-13.900300	30.257600	-37.053688	0.000000
0	0	678	-21.593500	43.415900	5.362470	-12.286900	3.520584	0.000000
0	0	679	-35.688200	-20.345000	32.581900	-52.763800	60.990873	0.000000
0	0	680	4.172400	11.013100	-15.610700	-33.448100	-27.398821	0.000000
0	0	681	10.836100	-10.048900	29.513900	-8.478500	54.401347	0.000000
0	0	682	19.601400	-25.125100	-2.831000	-30.714600	-86.785623	0.000000
0	0	683	-35.481500	13.025500	7.680010	33.143400	15.262087	0.000000
0	0	684	-2.567880	8.264690	0.258827	-10.687300	0.896879	0.000000
0	0	685	-2.543150	-25.608500	9.849230	7.526460	79.481433	0.000000
0	0	686	28.341300	19.296000	-4.356640	-33.982200	-6.361441	0.000000
0	0	687	6.204100	1.080500	27.280200	-4.496360	43.865922	0.000000
0	0	688	-13.618300	-24.503400	30.453600	-18.777100	64.410325	0.000000
0	0	689	-9.568200	-9.590370	-6.914130	37.859100	-72.105234	0.000000
0	0	690	13.811700	19.583200	40.541300	31.850700	32.108725	0.000000
0	0	691	-16.254800	2.292220	7.163360	-36.835200	36.127864	0.000000
0	0	692	3.213390	-6.715350	-11.675200	3.043560	-59.953342	0.000000
0	0	693	-0.288742	6.901000	18.287700	-23.433200	34.662813	0.000000
0	0	694	-61.117600	-46.539900	41.669400	19.317500	69.080196	0.000000
0	0	695	-14.691700	17.532100	4.333070	-28.283200	6.941244	0.000000
0	0	696	18.179200	-5.585960	-12.443800	23.997500	-57.087537	0.000000
0	0	697	21.808400	8.322060	-18.415000	-18.738300	-32.840479	0.000000
0	0	698	-11.790700	15.090000	7.028170	4.813430	12.486879	0.000000
0	0	699	-14.978400	23.133100	-20.313700	9.349470	-20.643551	0.000000
0	0	700	21.132600	-12.430200	-6.891610	-9.996580	-75.497466	0.000000
0	0	701	-40.306700	14.308600	1.017260	-25.472700	2.033281	0.000000
0	0	702	13.798900	9.755200	17.678800	14.596300	30.554996	0.000000
0	0	703	-31.543000	10.706500	-14.040100	-6.936700	-26.336048	0.000000
0	0	704	19.595700	-17.985800	10.631800	13.132200	74.705869	0.000000
0	0	705	-5.704770	0.881640	11.283500	-35.212900	42.766126	0.000000
0	0	706	-44.824000	-38.088700	-3.236940	-9.022980	-87.571216	0.000000
0	0	707	27.546000	6.194310	-18.734200	-8.172640	-35.851977	0.000000
0	0	708	-3.634880	-10.982500	14.335700	10.852200	63.727762	0.000000
0	0	709	-18.046500	-29.835700	40.233400	-4.627220	63.279677	0.000000
0	0	710	-13.020000	19.139200	-3.420670	4.854630	-5.066623	0.000000
0	0	711	31.152300	-3.146460	2.126520	-29.012900	72.973697	0.000000
0	0	712	-12.354700	6.835010	-19.164100	-16.546500	-35.185435	0.000000
0	0	713	8.579660	-16.014200	-1.468080	1.820560	-87.381064	0.000000
0	0	714	18.044700	-0.724177	44.206300	-7.280690	45.469261	0.000000
0	0	715	21.524500	-25.400700	41.335400	10.991000	60.785411	0.000000
0	0	716	26.145400	3.025570	-0.573557	1.107910	-5.367090	0.000000
0	0	717	-15.771400	20.969400	-16.209900	43.234800	-18.852485	0.000000
0	0	718	42.344000	44.091200	-22.348700	7.218740	-13.439641	0.000000
0	0	719	36.389000	-20.528200	-21.206600	0.290903	-67.034369	0.000000
0	0	720	-15.131100	-20.587900	-4.997270	-4.562470	-83.178271	0.000000
0	0	721	-4.266210	1.180450	-2.557920	20.108500	-32.613616	0.000000
0	0	722	-12.839700	3.107670	-59.103300	-2.148500	-43.495071	0.000000
0	0	723	8.103670	19.811200	1.211430	-8.413650	1.749604	0.000000
0	0	724	34.148900	-11.064600	8.488610	35.061200	71.252536	0.000000
0	0	725	12.131900	29.777900	5.563650	1.133030	5.291511	0.000000
0	0	726	-17.033000	-10.025700	21.311700	6.971660	57.596891	0.000000
0	0	727	33.617000	16.078700	-7.491080	-4.380520	-12.490426	0.000000
0	0	728	11.210900	1.834080	-4.564640	-5.635700	-34.054828	0.000000
0	0	729	-11.861500	13.802100	34.804800	-3.903830	34.184417	0.000000
0	0	730	-0.469077	11.446200	-5.859000	1.469170	-13.553339	0.000000
0	0	731	-6.163980	13.927800	-15.677800	-2.605580	-24.191421	0.000000
0	0	732	-5.042400	12.494800	5.370310	20.539600	11.629104	0.000000
0	0	733	11.956300	12.601500	-33.941200	-30.825500	-34.815663	0.000000
0	0	734	-18.390100	-18.107000	4.974860	-33.634900	82.318589	0.000000
0	0	735	-12.736600	-9.999160	-4.987810	-0.407559	-76.744464	0.000000
0	0	736	14.727800	-34.192100	-16.846900	-23.872000	-76.884961	0.000000
0	0	737	19.322800	9.449010	-5.302200	7.890380	-14.649223	0.000000
0	0	738	-20.331200	2.247000	13.204600	1.220680	40.171301	0.000000
0	0	739	47.863500	-7.318410	11.263000	11.647200	61.507392	0.000000
0	0	740	-14.787700	-11.201500	-4.470630	29.917400	-79.121283	0.000000
0	0	741	-13.389900	-8.880510	-4.082940	-0.634706	-77.654362	0.000000
0	0	742	0.403730	14.063800	-5.208430	26.345900	-10.160879	0.000000
0	0	743	25.775200	11.679800	-44.589400	-2.877230	-37.660827	0.000000
0	0	744	-12.783500	21.574500	-4.245990	1.094990	-5.566929	0.000000
0	0	745	32.839200	10.747900	-2.808660	-28.324600	-7.322564	0.000000
0	0	746	4.254040	31.350900	5.007410	-25.645900	4.537356	0.000000
0	0	747	30.211400	-13.696200	-15.942900	13.915800	-65.332581	0.000000
0	0	748	-2.863560	11.764300	-2.628460	17.850700	-6.297280	0.000000
0	0	749	16.758400	-15.273500	8.734170	14.050700	75.118433	0.000000
0	0	750	-7.861880	-22.823400	13.325300	-24.739900	74.860873	0.000000
0	0	751	24.012900	-21.574200	-41.303200	-7.281610	-58.789871	0.000000
0	0	752	-21.188700	19.593200	10.021500	38.763300	13.544383	0.000000
0	0	753	27.953800	-17.878400	-3.360190	16.012200	-84.677805	0.000000
0	0	754	19.535800	6.935730	-0.818583	-0.561895	-3.365571	0.000000
0	0	755	13.498600	15.485100	4.604780	-20.241400	8.280408	0.000000
0	0	756	-3.293520	7.650630	8.310030	-15.412400	23.682889	0.000000
0	0	757	-25.268700	-13.844900	16.260600	-30.960900	65.206175	0.000000
0	0	758	2.815430	7.694640	-14.289800	-9.128230	-30.849416	0.000000
0	0	759	10.408400	-38.268300	-13.616600	-1.221900	-80.206730	0.000000
0	0	760	-7.713540	16.943500	11.013100	2.567590	16.511726	0.000000
0	0	761	10.733600	-4.126300	0.385384	0.664624	87.332113	0.000000
0	0	762	8.556200	7.827140	9.224250	3.853370	24.842041	0.000000
0	0	763	-26.711300	15.193900	9.805340	41.308600	16.418030	0.000000
0	0	764	-9.977580	14.085600	-4.035890	3.946590	-7.994191	0.000000
0	0	765	-12.837100	-18.525600	39.724200	12.712300	57.501126	0.000000
0	0	766	-20.617600	-2.317960	10.138100	-16.507700	51.439327	0.000000
0	0	767	-6.467020	-0.950528	28.303000	12.019100	45.961749	0.000000
0	0	768	-5.022250	-23.054800	-32.564400	30.873800	-62.648781	0.000000
0	0	769	1.777880	-35.525800	-27.484000	-14.895500	-71.136606	0.000000
0	0	770	-47.792500	-21.288600	11.103400	-2.522560	76.227504	0.000000
0	0	771	7.700230	-3.291610	-20.870100	-12.890400	-49.481399	0.000000
0	0	772	25.444400	0.113308	12.732800	38.576600	44.745072	0.000000
0	0	773	4.067580	-6.998440	-7.346140	5.654000	-66.805736	0.000000
0	0	774	-13.293800	14.947600	-1.011100	13.414000	-1.934881	0.000000
0	0	775	-7.542620	-6.200670	-12.754500	-9.035450	-57.963479	0.000000
0	0	776	-2.254170	34.650600	-15.700100	57.840800	-12.187581	0.000000
0	0	777	-34.849500	26.281700	6.476020	26.812100	6.921189	0.000000
0	0	778	14.740100	18.829800	-3.626390	17.086900	-5.450502	0.000000
0	0	779	19.780300	13.659900	-36.056900	-25.676200	-34.625582	0.000000
0	0	780	-52.265500	-9.060310	-17.115000	22.606900	-58.947887	0.000000
0	0	781	-17.337200	21.987000	30.952600	30.212500	27.306069	0.000000
0	0	782	0.390639	13.446500	6.115740	-10.311800	12.228500	0.000000
0	0	783	-39.615400	18.606300	-13.480700	8.022280	-17.962105	0.000000
0	0	784	-24.532300	25.378500	-28.697900	20.609800	-24.256305	0.000000
0	0	785	-24.926700	-23.325300	0.324833	-0.559336	89.601069	0.000000
0	0	786	47.602900	-9.882390	35.427400	-12.460400	52.793160	0.000000
0	0	787	-5.908460	-11.934900	12.256100	-82.630800	67.119645	0.000000
0	0	788	-1.314500	-17.553100	-0.642611	17.524400	-88.951682	0.000000
0	0	789	-2.035450	-7.563580	9.524610	-24.948700	64.226705	0.000000
0	0	790	12.921300	4.400530	-4.516510	44.160500	-22.872589	0.000000
0	0	791	28.453500	21.592200	8.146200	5.753160	10.335122	0.000000
0	0	792	-8.365960	-1.305920	15.682500	-13.434000	47.380088	0.000000
0	0	793	-12.307800	6.393030	-39.566000	20.365200	-40.410770	0.000000
0	0	794	67.617600	4.844540	26.990200	17.911600	39.912095	0.000000
0	0	795	26.425300	-46.990800	-0.512542	-0.311798	-89.687542	0.000000
0	0	796	-8.740860	7.463350	-12.205100	16.013500	-29.277224	0.000000
0	0	797	-16.942500	13.374300	2.176280	15.045300	4.621112	0.000000
0	0	798	26.209300	4.138800	21.217600	-14.262500	39.481116	0.000000
0	0	799	-2.228760	17.401400	-12.213800	-4.784210	-17.532241	0.000000
0	0	800	-14.006300	-38.483600	5.484880	21.578900	85.944271	0.000000
0	0	801	11.521200	-43.344500	24.314000	-13.606000	75.354926	0.000000
0	0	802	-21.009900	10.549600	11.828100	14.070900	24.134956	0.000000
0	0	803	-0.733352	5.369630	8.490850	-3.969420	28.845330	0.000000
0	0	804	32.760400	-10.409400	-13.975900	6.989250	-63.339568	0.000000
0	0	805	-19.624300	-8.221490	-19.048100	22.227000	-56.672932	0.000000
0	0	806	-3.489640	2.135480	-15.501100	-35.720500	-41.078064	0.000000
0	0	807	-5.532470	14.098100	1.162210	35.615900	2.356328	0.000000
0	0	808	47.475900	-17.411100	48.227900	1.055250	54.925226	0.000000
0	0	809	33.179900	-21.860600	-41.970300	-35.376100	-58.756575	0.000000
0	0	810	-9.638880	46.767600	3.801830	-13.040700	2.323733	0.000000
0	0	811	22.935200	-3.604530	12.943700	10.147300	52.780663	0.000000
0	0	812	7.154940	-6.008190	13.652400	3.560560	56.876741	0.000000
0	0	813	-14.847500	7.232230	-14.938900	-18.865400	-32.083709	0.000000
0	0	814	2.056850	-4.777380	5.399380	9.582070	65.751226	0.000000
0	0	815	7.608640	58.115600	5.188860	2.986280	2.551067	0.000000
0	0	816	-39.451200	43.994000	-38.466300	2.658640	-20.582467	0.000000
0	0	817	-52.120800	-36.436500	-28.245300	25.971800	-71.108714	0.000000
0	0	818	-20.551800	-6.121150	-1.049380	-4.188400	-85.136029	0.000000
0	0	819	11.982800	-28.056400	-11.762300	23.827700	-78.627366	0.000000
0	0	820	2.205920	-19.493500	7.042770	19.314000	80.067907	0.000000
0	0	821	11.012500	-5.089720	63.011900	1.918030	47.308990	0.000000
0	0	822	19.432800	44.030200	-7.155420	-3.640980	-4.615268	0.000000
0	0	823	15.065100	0.620340	-6.700760	5.426430	-42.355386	0.000000
0	0	824	34.145300	-13.348100	-9.986260	28.260400	-71.599167	0.000000
0	0	825	-7.188990	-15.393500	7.559240	-42.561900	76.922934	0.000000
0	0	826	-20.019200	9.366700	-39.492500	-4.940770	-38.328659	0.000000
0	0	827	-34.574300	32.636500	-11.072800	28.962000	-9.370435	0.000000
0	0	828	-4.749450	6.766340	25.346300	-4.340690	37.526561	0.000000
0	0	829	31.662000	13.545400	-12.474600	16.287000	-21.321719	0.000000
0	0	830	45.474700	4.266030	-22.189700	22.146800	-39.558755	0.000000
0	0	831	-7.137130	24.218600	-7.980140	12.040200	-9.118645	0.000000
0	0	832	25.680700	4.318020	5.436480	-5.964850	25.770511	0.000000
0	0	833	-0.448355	34.332100	21.124800	-4.052620	15.802150	0.000000
0	0	834	20.565400	1.672180	52.962900	16.685200	44.095810	0.000000
0	0	835	8.240610	42.644800	-35.843900	-40.719000	-20.023898	0.000000
0	0	836	9.903810	5.244520	-1.831410	-31.091700	-9.624716	0.000000
0	0	837	1.168270	29.245200	12.081700	-21.244100	11.223185	0.000000
0	0	838	-20.491500	19.381500	-14.230800	44.588100	-18.143925	0.000000
0	0	839	8.273540	-17.609600	6.818930	-21.571300	79.416101	0.000000
0	0	840	52.517300	22.949400	-0.575544	29.728100	-0.718305	0.000000
0	0	841	10.344200	-24.328700	-1.181840	8.484330	-88.609435	0.000000
0	0	842	27.597800	1.331020	-46.384300	3.359660	-44.178160	0.000000
0	0	843	37.172500	0.284861	24.328100	22.610400	44.664573	0.000000
0	0	844	25.489400	24.142800	-39.167800	-20.119700	-29.175283	0.000000
0	0	845	-23.502900	27.211000	-59.347100	3.510620	-32.684131	0.000000
0	0	846	-3.248380	-15.763400	-4.883970	-0.261903	-81.392732	0.000000
0	0	847	18.675100	-22.158200	-2.786780	11.334000	-86.415847	0.000000
0	0	848	17.006500	21.744700	-7.947680	2.668730	-10.038670	0.000000
0	0	849	-15.353700	26.822400	5.547110	6.147680	5.842276	0.000000
0	0	850	5.604680	-21.193100	-17.083000	-10.224900	-70.564477	0.000000
0	0	851	-8.287970	-1.928010	-38.362200	11.197500	-46.438577	0.000000
0	0	852	-9.008820	23.226400	18.831300	-3.744570	19.517075	0.000000
0	0	853	-0.882203	0.854687	-3.097420	37.686500	-37.286974	0.000000
0	0	854	-0.138763	35.681400	7.802750	-3.343200	6.167585	0.000000
0	0	855	15.652500	21.728600	-14.886100	19.396800	-17.207374	0.000000
0	0	856	-36.655400	20.289100	-13.121500	13.687800	-16.445911	0.000000
0	0	857	26.793100	-1.091170	-4.130920	-4.368250	-52.398275	0.000000
0	0	858	-19.974300	11.405400	5.959070	2.951150	13.793038	0.000000
0	0	859	32.495300	8.998380	-25.277900	30.823500	-35.202691	0.000000
0	0	860	11.020500	25.688200	22.008200	-6.900010	20.294052	0.000000
0	0	861	8.876010	-13.641500	6.650030	-3.612950	77.005725	0.000000
0	0	862	43.504800	-35.159400	17.745400	2.535270	76.609668	0.000000
0	0	863	22.124300	-27.690700	-22.159200	15.400800	-70.665908	0.000000
0	0	864	4.089810	0.853664	-11.916200	30.378500	-42.951196	0.000000
0	0	865	18.025900	12.895100	-7.494250	-1.124910	-15.081943	0.000000
0	0	866	11.220900	21.032600	46.126000	24.646000	32.743947	0.000000
0	0	867	18.143300	13.139100	-0.170423	-6.214710	-0.371562	0.000000
0	0	868	-12.666600	-39.783400	-29.467300	17.559400	-71.736449	0.000000
0	0	869	57.775600	-8.534970	-23.313500	14.459600	-55.053728	0.000000
0	0	870	3.538840	-4.689580	-12.976500	-13.026600	-54.934680	0.000000
0	0	871	-4.605720	3.445460	-48.135400	47.949200	-42.952918	0.000000
0	0	872	-3.052250	4.852990	-7.683420	13.724500	-28.861368	0.000000
0	0	873	7.621840	30.709100	15.546900	12.495600	13.425717	0.000000
0	0	874	26.520500	-12.061400	30.072600	-3.223970	55.927270	0.000000
0	0	875	-10.889600	-36.780000	7.299700	38.589400	84.387212	0.000000
0	0	876	-4.009480	-15.389100	26.159200	23.246300	60.233859	0.000000
0	0	877	22.592900	-13.270700	-4.431230	-0.786852	-80.767639	0.000000
0	0	878	-43.380900	-11.510600	33.640100	4.137880	54.444679	0.000000
0	0	879	29.364600	13.635700	-18.234100	6.790370	-26.605188	0.000000
0	0	880	21.242400	12.573200	0.848486	-11.760200	1.930339	0.000000
0	0	881	49.324600	1.202100	18.563400	-38.517200	43.147451	0.000000
0	0	882	17.885400	-21.537800	24.611100	-3.460120	65.594998	0.000000
0	0	883	-23.112600	25.515400	-3.173130	-6.012150	-3.544493	0.000000
0	0	884	13.762500	-16.635000	2.669270	15.717600	85.441983	0.000000
0	0	885	53.480800	12.485200	7.637300	-12.673600	15.727235	0.000000
0	0	886	6.425050	-4.903070	8.295560	42.944400	60.292552	0.000000
0	0	887	53.716800	-11.467200	-44.023900	0.782474	-52.299898	0.000000
0	0	888	-2.062600	16.360800	9.629890	21.328500	15.240433	0.000000
0	0	889	-10.903900	6.055640	-31.594200	0.075369	-39.574873	0.000000
0	0	890	30.706100	40.041400	-4.202360	-65.670900	-2.995640	0.000000
0	0	891	25.626800	-10.629300	4.950080	4.069100	77.514269	0.000000
0	0	892	-12.156300	28.351600	-1.549470	24.236900	-1.564107	0.000000
0	0	893	-19.855600	20.216500	5.713550	-24.182500	7.890628	0.000000
0	0	894	-7.192520	-7.245980	-32.157200	11.022100	-51.349188	0.000000
0	0	895	-4.609640	11.390700	2.505040	-19.588800	6.201517	0.000000
0	0	896	-0.408263	-18.673600	-4.251690	21.155100	-83.586650	0.000000
0	0	897	24.970500	16.320400	-15.197300	5.345000	-21.479594	0.000000
0	0	898	57.924600	-8.728990	-11.407500	24.160400	-63.711562	0.000000
0	0	899	45.042300	5.502740	-8.441230	18.711600	-28.450068	0.000000
0	0	900	20.482300	1.532450	43.327000	-19.913400	43.987164	0.000000
0	0	901	-21.178600	-22.681000	7.871410	5.578600	80.430369	0.000000
0	0	902	35.213300	63.757900	-6.229830	-24.589400	-2.790348	0.000000
0	0	903	-14.858100	-32.420700	37.677000	-1.262020	65.355841	0.000000
0	0	904	-12.479900	-15.726100	-26.115400	-60.898100	-60.527697	0.000000
0	0	905	8.122550	-15.916100	-33.191700	4.060500	-57.809336	0.000000
0	0	906	40.528000	3.792590	-6.422390	1.716230	-29.718517	0.000000
0	0	907	29.978100	25.905900	-53.169000	16.449400	-32.011473	0.000000
0	0	908	-15.075100	15.348100	-10.397100	5.543910	-17.057236	0.000000
0	0	909	11.307900	-21.937000	8.457720	27.688900	79.458030	0.000000
0	0	910	28.003100	13.861700	11.091300	-5.934210	19.332349	0.000000
0	0	911	69.258900	10.138800	15.271200	-24.612800	28.209582	0.000000
0	0	912	21.331000	2.364040	-7.468460	2.599880	-36.217761	0.000000
0	0	913	19.668500	52.855700	35.482100	26.153700	16.936757	0.000000
0	0	914	14.584500	27.909900	-26.642000	-4.961220	-21.834283	0.000000
0	0	915	33.560100	-28.558000	-0.094421	-16.206400	-89.905282	0.000000
0	0	916	-7.927520	23.237000	7.886810	-24.125200	9.373797	0.000000
0	0	917	6.895470	1.468030	2.915710	-12.951500	31.637608	0.000000
0	0	918	25.351600	1.556250	-42.446300	17.654600	-43.950125	0.000000
0	0	919	-1.428840	-21.175000	12.324500	-5.786750	74.899641	0.000000
0	0	920	63.902700	-7.648420	0.269804	11.572000	88.989842	0.000000
0	0	921	33.551900	19.293200	-14.005900	-12.862200	-17.988888	0.000000
0	0	922	44.608300	10.577500	-5.771270	-0.723591	-14.308829	0.000000
0	0	923	10.895800	-30.404900	-18.055600	-17.758100	-74.648264	0.000000
0	0	924	23.205500	-66.077200	30.421600	-15.933600	77.639451	0.000000
0	0	925	-18.596000	-2.701630	-20.952100	-3.872850	-48.673679	0.000000
0	0	926	64.232100	13.377000	-6.538060	10.055000	-13.023625	0.000000
0	0	927	40.301800	-26.568800	4.901560	21.227300	84.773642	0.000000
0	0	928	26.865900	-25.525400	42.957400	26.200700	60.359446	0.000000
0	0	929	-11.258500	24.850100	-33.220100	-10.440400	-26.600945	0.000000
0	0	930	9.605210	27.411400	-18.142200	-42.279900	-16.749266	0.000000
0	0	931	26.290400	-33.626900	-22.591100	6.154830	-73.053075	0.000000
0	0	932	25.373900	17.542600	-12.589300	1.934570	-17.832398	0.000000
0	0	933	31.669200	-8.670740	10.421200	7.762670	64.880718	0.000000
0	0	934	-4.937990	-7.349360	30.461300	-32.921100	51.782224	0.000000
0	0	935	1.042410	44.469700	-20.905800	13.758300	-12.589422	0.000000
0	0	936	13.166800	43.499000	-3.593850	15.980300	-2.361501	0.000000
0	0	937	-34.930700	17.901500	16.856400	-2.036880	21.638875	0.000000
0	0	938	1.464100	-3.355650	9.144900	-0.939988	55.075110	0.000000
0	0	939	5.419960	9.837120	22.042000	-11.003200	32.974640	0.000000
0	0	940	12.778500	28.994700	-26.273900	-2.590310	-21.090840	0.000000
0	0	941	47.455000	49.684600	-4.435150	16.608000	-2.550525	0.000000
0	0	942	13.691000	-12.348000	-32.528900	-4.788210	-55.393404	0.000000
0	0	943	35.639500	7.750420	-0.508583	24.758300	-1.877185	0.000000
0	0	944	16.296400	-8.773170	-29.830900	-35.381100	-53.194219	0.000000
0	0	945	-3.927010	4.222940	-21.399800	-19.365200	-39.418468	0.000000
0	0	946	17.579200	31.472000	21.728500	3.898960	17.310742	0.000000
0	0	947	76.591400	16.165600	4.225580	-13.434700	7.324484	0.000000
0	0	948	6.426440	-18.102500	-47.926800	-13.229200	-55.346062	0.000000
0	0	949	47.077800	-41.033100	-35.858000	-7.619260	-69.425222	0.000000
0	0	950	55.774900	27.331900	-8.490030	1.405120	-8.628106	0.000000
0	0	951	40.623100	27.504300	-8.942180	-3.768420	-9.005173	0.000000
0	0	952	37.539300	-7.633920	-15.455800	35.038800	-58.142831	0.000000
0	0	953	33.900400	41.401100	1.462190	-7.443680	1.011356	0.000000
0	0	954	19.549700	13.150900	-11.166400	-10.311600	-20.167256	0.000000
0	0	955	32.925200	52.130500	-30.041200	-18.364300	-14.976761	0.000000
0	0	956	20.154800	0.560553	4.345210	17.499200	41.324584	0.000000
0	0	957	51.198300	32.600300	4.714550	16.371800	4.114440	0.000000
0	0	958	16.694600	8.149300	12.127200	15.234500	28.049740	0.000000
0	0	959	-9.872080	21.204500	-8.084200	-5.246440	-10.434655	0.000000
0	0	960	24.314800	4.031800	-25.017200	-3.158940	-40.422434	0.000000
0	0	961	37.396900	-8.703680	-5.330620	10.613200	-74.257184	0.000000
0	0	962	17.226800	31.595600	11.261600	-21.468900	9.808780	0.000000
0	0	963	48.947000	29.117300	-49.263200	15.209600	-29.707272	0.000000
0	0	964	7.537390	41.116600	-14.285500	-5.587210	-9.579604	0.000000
0	0	965	58.842400	1.666110	-22.267800	-9.870730	-42.860509	0.000000
0	0	966	18.962200	23.491100	-28.980800	5.882010	-25.486327	0.000000
0	0	967	86.259600	55.878300	1.608900	-6.845100	0.824629	0.000000
0	0	968	31.974500	24.223800	-18.035500	-4.373470	-18.334512	0.000000
0	0	969	28.519900	37.351300	-22.560100	5.601950	-15.565940	0.000000
0	0	970	8.034870	-6.559250	29.234400	-18.059200	51.322943	0.000000
0	0	971	13.897800	34.925100	-6.247240	-15.954600	-5.070773	0.000000
0	0	972	24.040300	8.969670	6.300710	6.771930	17.542987	0.000000
0	0	973	24.312100	-19.930200	7.558550	19.597600	79.615357	0.000000
0	0	974	67.340800	-11.702700	-11.827000	-36.966300	-67.348664	0.000000
0	0	975	43.367400	-8.628040	-19.529600	6.804650	-56.917752	0.000000
0	0	976	43.707400	38.846700	-2.056400	-41.424600	-1.515099	0.000000
0	0	977	17.736100	21.173400	1.110510	32.454300	1.501159	0.000000
0	0	978	25.900900	-23.400100	-5.864250	5.718590	-82.965490	0.000000
0	0	979	35.830200	-1.131070	-3.322780	-9.888010	-54.399254	0.000000
0	0	980	24.883000	16.180500	-18.451300	-27.051400	-24.375751	0.000000
0	0	981	39.177000	8.850660	-33.539300	-58.598600	-37.608628	0.000000
0	0	982	86.512700	26.163800	9.994970	-20.625300	10.453809	0.000000
0	0	983	15.351100	38.421500	-8.327760	-12.890000	-6.114770	0.000000
0	0	984	57.257000	1.104060	-26.607200	26.288500	-43.811944	0.000000
0	0	985	63.485400	4.043860	-1.901210	28.509700	-12.590219	0.000000
0	0	986	73.287700	18.896400	-54.908400	-16.397800	-35.504701	0.000000
0	0	987	19.922400	6.806810	7.519150	-19.595600	23.923307	0.000000
0	0	988	44.831300	36.872100	43.738000	-1.860200	24.934186	0.000000
0	0	989	63.480100	20.396700	-37.572600	-22.649800	-30.752095	0.000000
0	0	990	29.528700	28.290500	2.347370	-10.755800	2.371591	0.000000
0	0	991	66.171400	50.839900	-7.561850	-7.997140	-4.230032	0.000000
0	0	992	42.833800	32.144900	38.640500	18.595300	25.121523	0.000000
0	0	993	58.744900	41.270700	17.729200	-22.770800	11.623774	0.000000
0	0	994	25.409200	6.273750	-11.266900	8.895180	-30.444810	0.000000
0	0	995	37.366500	2.218220	21.856700	14.611700	42.102468	0.000000
0	0	996	60.758700	2.851870	-9.964780	24.546600	-37.014572	0.000000
0	0	997	55.196400	41.702800	-27.416800	6.214960	-16.661121	0.000000
0	0	998	39.531900	10.010900	12.679000	-7.256750	25.853299	0.000000
0	0	999	17.916700	-4.625210	0.568828	8.572770	86.494364	0.000000
0	0	1000	51.646400	4.112130	14.666200	8.232870	37.168745	0.000000
0	0	1001	18.747800	-4.547620	-9.648040	-29.974300	-57.618463	0.000000
0	0	1002	24.136900	-1.936280	-16.188100	-21.192400	-48.410409	0.000000
0	0	1003	45.528600	8.382800	-15.197200	17.416600	-30.559400	0.000000
0	0	1004	50.035200	6.130930	20.642900	0.597215	36.729305	0.000000
0	0	1005	11.384900	47.068700	-24.341300	24.715600	-13.672739	0.000000
0	0	1006	63.222100	-3.274930	-7.709250	-32.560400	-56.508020	0.000000
0	0	1007	46.427400	4.051350	-20.818100	-34.656900	-39.493740	0.000000
0	0	1008	48.312000	67.976600	-10.509800	1.240450	-4.394430	0.000000
0	0	1009	40.652400	3.796590	-13.807500	-20.796100	-37.312786	0.000000
0	0	1010	34.050000	-3.846950	-15.659000	-43.150200	-51.901261	0.000000
0	0	1011	45.914100	32.258300	3.555060	-17.776900	3.144482	0.000000
0	0	1012	65.547000	2.560350	-33.179200	1.802100	-42.793692	0.000000
0	0	1013	43.681000	-9.872550	-17.755000	-29.675300	-59.537979	0.000000
0	0	1014	2.472460	-16.660800	-4.106850	-4.373260	-83.076386	0.000000
0	0	1015	47.020500	10.340800	-40.555400	-7.767690	-37.847773	0.000000
0	0	1016	15.466200	41.918800	-13.221600	-36.822200	-8.752892	0.000000
0	0	1017	49.477300	-16.978600	-22.652000	-12.927900	-63.426529	0.000000
0	0	1018	41.596900	-29.669100	-53.943500	-13.816800	-59.405468	0.000000
0	0	1019	94.401300	-8.279020	-21.035000	-36.878700	-55.741880	0.000000
0	0	1020	39.201100	0.372673	-8.661020	-24.574800	-43.768077	0.000000
0	0	1021	67.035300	2.830180	-4.841170	1.386230	-29.844581	0.000000
0	0	1022	51.175000	0.889308	-14.511400	10.276300	-43.246553	0.000000
0	0	1023	61.271000	-30.126100	-13.922800	8.606680	-77.597972	0.000000
