0	0	0	57.635200	31.438300	10.059600	-36.667800	8.871794	0.000000
0	0	1	67.516900	35.167100	2.804680	-26.651800	2.279928	0.000000
0	0	2	32.650600	12.060700	53.322500	0.852859	38.627530	0.000000
0	0	3	47.354600	20.735800	-20.871800	-47.421600	-22.593639	0.000000
0	0	4	30.029800	-2.018200	-21.596200	-4.835100	-47.669439	0.000000
0	0	5	72.658000	25.009400	-34.075400	-33.536700	-26.861727	0.000000
0	0	6	60.965500	6.057400	-23.139900	-17.697900	-37.665337	0.000000
0	0	7	98.748900	-0.683646	-4.031980	-21.448200	-49.811657	0.000000
0	0	8	37.072200	42.881200	25.293100	-33.926500	15.266928	0.000000
0	0	9	54.372900	-7.013780	-20.356300	-0.019867	-54.505716	0.000000
0	0	10	52.433500	12.231000	-37.957000	-18.113600	-36.069672	0.000000
0	0	11	44.175200	-10.806100	3.187900	-33.754300	81.781725	0.000000
0	0	12	53.588500	11.791100	12.354300	-16.320400	23.168101	0.000000
0	0	13	56.053400	5.272790	6.494050	9.946470	25.462707	0.000000
0	0	14	13.354300	13.475100	27.434300	-31.433600	31.920393	0.000000
0	0	15	47.437100	22.894400	8.418770	-8.007750	10.094788	0.000000
0	0	16	108.631000	1.813410	-52.639800	-21.105000	-44.013487	0.000000
0	0	17	70.054200	-33.904400	-34.200900	-23.524800	-67.375281	0.000000
0	0	18	73.390200	2.146030	-5.246660	-19.243000	-33.877036	0.000000
0	0	19	60.065900	19.948400	22.997500	-21.261800	24.530554	0.000000
0	0	20	63.518400	11.126600	-10.094400	-4.508090	-21.107650	0.000000
0	0	21	87.021800	7.353040	-24.867200	-38.187600	-36.763728	0.000000
0	0	22	62.188500	22.173100	1.918990	-33.026500	2.473194	0.000000
0	0	23	77.305500	41.257800	-33.612700	6.160430	-19.584840	0.000000
0	0	24	80.060400	10.491400	26.279200	0.200749	34.118359	0.000000
0	0	25	63.582300	0.788429	-12.772200	-29.745100	-43.233804	0.000000
0	0	26	66.570600	-3.821410	6.942930	-6.230930	59.414261	0.000000
0	0	27	101.592000	0.115071	-37.568100	-29.495900	-44.912252	0.000000
0	0	28	105.438000	2.806970	15.634300	-16.392300	39.910800	0.000000
0	0	29	105.982000	-5.665580	11.833300	13.582900	57.792148	0.000000
0	0	30	150.079000	-27.782100	-55.802400	-36.069100	-58.233569	0.000000
0	0	31	105.912000	-5.775700	-29.912000	6.456550	-50.464365	0.000000
0	0	32	108.046000	-14.221300	-57.743000	-7.050810	-51.917899	0.000000
0	0	33	97.889000	28.278500	-11.751300	-11.007200	-11.282810	0.000000
0	0	34	60.105300	1.224440	-44.228000	-17.785000	-44.207094	0.000000
0	0	35	89.115700	-29.554100	-8.885250	14.629700	-81.633466	0.000000
0	0	36	106.348000	10.229800	-25.307400	-17.542100	-33.995186	0.000000
0	0	37	48.575900	-1.584750	-10.468800	-14.425600	-49.303994	0.000000
0	0	38	89.505800	26.280300	-45.748400	-15.034000	-30.062331	0.000000
0	0	39	95.203700	-7.475780	22.473900	-18.560000	54.199665	0.000000
0	0	40	101.135000	17.894500	-8.135130	-38.999900	-12.223658	0.000000
0	0	41	93.734900	-19.916700	-31.377800	-17.815200	-61.202436	0.000000
0	0	42	84.917000	-0.211199	3.057660	-23.199600	46.975632	0.000000
0	0	43	104.058000	-4.505090	11.133000	-25.990300	56.015628	0.000000
0	0	44	111.083000	-2.534340	-25.903900	-12.729200	-47.793910	0.000000
0	0	45	114.653000	44.280600	-24.098800	-48.453600	-14.278164	0.000000
0	0	46	150.327000	11.053500	-4.900960	15.190300	-11.955898	0.000000
0	0	47	148.126000	-0.517403	-61.213100	39.664600	-45.242140	0.000000
0	0	48	135.757000	16.823300	2.788360	8.116030	4.705437	0.000000
0	0	49	149.723000	49.292200	-34.014400	22.013000	-17.303933	0.000000
0	0	50	121.646000	20.462800	-38.040900	26.569100	-30.861746	0.000000
0	0	51	80.996200	20.824400	-5.212680	-38.970200	-7.026641	0.000000
0	0	52	99.178700	14.663900	-3.746800	-18.228100	-7.166542	0.000000
0	0	53	75.614600	-11.067700	-6.819260	-44.236400	-74.180544	0.000000
0	0	54	127.282000	11.346500	-17.279800	26.969000	-28.354873	0.000000
0	0	55	85.074800	18.623900	31.068500	-4.009210	29.529786	0.000000
0	0	56	111.195000	7.505490	-2.961710	-28.558400	-10.767240	0.000000
0	0	57	140.427000	-1.767380	-25.814400	-13.909400	-46.958319	0.000000
0	0	58	75.731700	13.196000	16.193100	-4.235160	25.411446	0.000000
0	0	59	84.725700	-34.157200	-19.489100	-43.961000	-75.146091	0.000000
0	0	60	125.861000	8.025770	-12.037800	-3.939910	-28.154027	0.000000
0	0	61	81.483200	-17.985500	-28.190700	-22.091300	-61.268817	0.000000
0	0	62	83.316800	-9.196280	-10.948900	-3.799550	-65.013908	0.000000
0	0	63	106.293000	15.193400	6.212760	-12.955600	11.120115	0.000000
0	0	64	98.985900	16.611800	8.176260	-14.241300	13.103111	0.000000
0	0	65	108.710000	-5.727020	-34.265200	-67.071200	-49.744300	0.000000
0	0	66	118.739000	17.710300	0.756815	-29.249500	1.223467	0.000000
0	0	67	107.390000	24.828400	-33.520700	-24.152500	-26.736537	0.000000
0	0	68	138.476000	18.400300	-16.811100	-5.433370	-21.207908	0.000000
0	0	69	100.905000	27.435600	13.240500	-42.340200	12.881046	0.000000
0	0	70	111.925000	20.059300	13.678300	-43.081700	17.144905	0.000000
0	0	71	112.449000	-4.876860	-21.688100	-56.172600	-51.336467	0.000000
0	0	72	112.290000	-24.641800	-24.748600	-42.503200	-67.438053	0.000000
0	0	73	89.953700	-41.972600	-21.792800	-22.769100	-76.280494	0.000000
0	0	74	91.654700	21.971000	-12.139800	-16.006900	-14.461147	0.000000
0	0	75	76.780400	1.434530	-3.911210	19.261700	-34.929139	0.000000
0	0	76	110.353000	-15.931400	-33.403000	-26.122100	-57.749292	0.000000
0	0	77	78.650500	-24.819500	-33.435200	-24.167700	-63.293554	0.000000
0	0	78	101.286000	36.289400	-22.059400	-24.716200	-15.647175	0.000000
0	0	79	136.066000	0.243973	-15.736200	-18.960400	-44.555881	0.000000
0	0	80	99.549900	1.266810	2.786370	-28.170000	32.775652	0.000000
0	0	81	100.580000	5.091020	-12.636400	-29.016100	-34.028109	0.000000
0	0	82	104.403000	-9.406210	-9.693630	2.942860	-67.068931	0.000000
0	0	83	145.372000	-9.930860	20.182100	1.755770	58.100041	0.000000
0	0	84	116.016000	3.607530	19.138300	-17.600600	39.662560	0.000000
0	0	85	113.926000	-14.249500	-14.526900	-7.692420	-67.223847	0.000000
0	0	86	125.146000	22.434100	-22.822800	-29.997600	-22.746043	0.000000
0	0	87	127.771000	4.933380	-10.170700	-40.456500	-32.061961	0.000000
0	0	88	128.800000	-2.128020	-23.613900	9.083950	-47.574715	0.000000
0	0	89	147.168000	-15.731400	-11.109400	-35.134800	-72.385270	0.000000
0	0	90	128.903000	-3.761130	-13.238700	-32.049600	-52.929955	0.000000
0	0	91	110.091000	-3.390390	-50.383900	-27.996600	-46.924847	0.000000
0	0	92	117.255000	-10.890100	5.451320	2.706580	76.704282	0.000000
0	0	93	144.793000	24.622000	3.041780	8.231760	3.521293	0.000000
0	0	94	126.924000	2.640890	-16.526200	30.540100	-40.460443	0.000000
0	0	95	99.992800	-4.466810	4.559740	14.183400	67.205075	0.000000
0	0	96	122.497000	30.117000	-30.622500	-7.358970	-22.738414	0.000000
0	0	97	110.938000	-32.620100	-0.633042	-2.264280	-89.444114	0.000000
0	0	98	153.280000	10.971500	-11.501100	6.426960	-23.175005	0.000000
0	0	99	114.153000	6.588010	24.189500	27.144000	37.382502	0.000000
0	0	100	115.108000	-18.725500	-20.529800	-27.111900	-66.184177	0.000000
0	0	101	148.835000	42.082200	20.422100	-0.721748	12.943434	0.000000
0	0	102	110.124000	-10.513900	-1.256340	-8.933820	-86.592926	0.000000
0	0	103	150.037000	-13.800100	-29.098200	-42.182900	-57.686547	0.000000
0	0	104	106.189000	13.849000	2.121790	-49.377600	4.355245	0.000000
0	0	105	131.429000	2.292470	-22.536400	-7.054740	-42.095840	0.000000
0	0	106	138.178000	0.672273	-50.236800	-15.614800	-44.616654	0.000000
0	0	107	108.761000	-13.562900	17.473000	-23.031300	63.909673	0.000000
0	0	108	138.651000	11.439400	28.757100	-11.519400	34.153819	0.000000
0	0	109	121.295000	-2.455880	5.309630	-27.942100	57.411053	0.000000
0	0	110	158.528000	-4.943870	-15.675400	18.032500	-53.752386	0.000000
0	0	111	155.632000	-3.400540	8.901630	19.679500	55.453758	0.000000
0	0	112	135.163000	-10.458800	-31.924600	22.690500	-54.069642	0.000000
0	0	113	120.587000	-44.123800	-7.784850	1.292390	-84.997082	0.000000
0	0	114	111.988000	5.451020	-2.463720	7.338320	-12.160869	0.000000
0	0	115	144.867000	-18.289300	-11.158600	-15.895900	-74.305976	0.000000
0	0	116	160.508000	-25.530300	-25.068900	23.020300	-67.761225	0.000000
0	0	117	133.439000	-44.871700	-18.195700	23.497600	-78.963599	0.000000
0	0	118	155.348000	-22.438100	-25.934600	-35.945300	-65.432854	0.000000
0	0	119	103.549000	7.795560	-27.460400	-17.412700	-37.075810	0.000000
0	0	120	129.691000	0.869162	-14.203800	13.774300	-43.249155	0.000000
0	0	121	105.233000	-14.860800	-52.701200	-10.472400	-52.873753	0.000000
0	0	122	147.877000	-10.315700	-10.117600	33.414800	-67.777731	0.000000
0	0	123	152.937000	-9.958580	8.735450	-6.445300	69.371732	0.000000
0	0	124	112.833000	1.939370	26.929400	-14.794000	42.940426	0.000000
0	0	125	135.275000	-1.092940	-15.643200	-2.595930	-46.998289	0.000000
0	0	126	188.746000	-2.997540	-9.805990	-11.867100	-53.498792	0.000000
0	0	127	133.386000	2.147920	-13.519500	23.728000	-40.486272	0.000000
0	0	128	132.477000	-6.967340	10.258100	-21.040400	62.092247	0.000000
0	0	129	164.761000	-7.219410	-33.832700	-13.895400	-51.022719	0.000000
0	0	130	149.439000	-7.239090	-26.962500	25.387800	-52.514382	0.000000
0	0	131	143.711000	-12.024800	-36.667100	0.058973	-54.078328	0.000000
0	0	132	143.253000	-22.410400	-22.329400	-35.688300	-67.551866	0.000000
0	0	133	138.176000	33.837200	-0.005620	-16.891800	-0.004758	0.000000
0	0	134	148.877000	-17.037600	-26.680700	1.660690	-61.280621	0.000000
0	0	135	154.331000	-12.436900	-29.115800	3.831680	-56.564947	0.000000
0	0	136	123.253000	26.650500	-35.471300	-6.229560	-26.540760	0.000000
0	0	137	148.249000	22.304900	-33.543400	29.477000	-28.188912	0.000000
0	0	138	162.309000	11.129800	-32.905200	2.455100	-35.656246	0.000000
0	0	139	179.962000	57.088900	-51.806300	0.344682	-21.111355	0.000000
0	0	140	115.031000	-21.819600	-41.749300	-3.370930	-58.796547	0.000000
0	0	141	146.921000	5.853140	-38.461800	6.796770	-40.673542	0.000000
0	0	142	168.816000	1.811810	-28.138000	10.667600	-43.157901	0.000000
0	0	143	203.395000	18.193200	-40.511600	-16.968900	-32.907905	0.000000
0	0	144	158.688000	-16.443700	-27.774700	-20.221900	-60.313589	0.000000
0	0	145	139.035000	22.734100	-0.686907	-17.477800	-0.865328	0.000000
0	0	146	162.210000	11.838800	-43.754100	-14.862100	-37.429840	0.000000
0	0	147	161.201000	3.947400	-33.395200	24.362600	-41.629384	0.000000
0	0	148	127.496000	30.438600	-35.161600	-10.367100	-24.559002	0.000000
0	0	149	162.941000	12.503800	-34.124000	-39.696300	-34.938016	0.000000
0	0	150	157.646000	7.195560	-43.698700	-4.033410	-40.324706	0.000000
0	0	151	204.210000	-42.851800	-38.626800	7.973980	-68.984181	0.000000
0	0	152	195.129000	-18.512600	-12.815500	20.700000	-72.653381	0.000000
0	0	153	225.045000	12.824400	-18.192800	5.405430	-27.409685	0.000000
0	0	154	202.260000	21.312600	-38.369900	3.098530	-30.474987	0.000000
0	0	155	202.141000	0.417185	-13.137800	-14.816500	-44.090605	0.000000
0	0	156	190.714000	5.513600	-42.673200	45.829800	-41.318937	0.000000
0	0	157	207.186000	27.976700	-11.776900	-3.488730	-11.414424	0.000000
0	0	158	201.005000	27.920100	-13.939800	-0.673055	-13.265898	0.000000
0	0	159	167.612000	-2.411650	-7.201420	-4.664930	-54.257471	0.000000
0	0	160	152.227000	-13.285200	-16.280900	-12.472600	-64.607207	0.000000
0	0	161	153.182000	22.667000	-27.739000	-14.212200	-25.372965	0.000000
0	0	162	161.577000	-12.254200	-40.899900	-9.159400	-53.339487	0.000000
0	0	163	185.318000	-11.635400	-19.268700	-22.788000	-60.562834	0.000000
0	0	164	203.811000	-3.025870	-14.317100	19.055300	-50.966827	0.000000
0	0	165	173.967000	2.364040	-52.210200	-1.364200	-43.703730	0.000000
0	0	166	174.090000	4.864020	-21.058400	8.938960	-38.497023	0.000000
0	0	167	181.165000	26.826600	-1.134720	-1.360350	-1.211036	0.000000
0	0	168	196.351000	32.514800	-24.391300	-8.724220	-18.437881	0.000000
0	0	169	219.199000	19.973900	1.693300	32.190900	2.422850	0.000000
0	0	170	217.994000	22.602800	-40.253900	26.123900	-30.342767	0.000000
0	0	171	212.480000	4.065490	-55.088900	12.574600	-42.889648	0.000000
0	0	172	248.330000	-13.947100	-46.301700	50.223400	-53.381734	0.000000
0	0	173	147.238000	6.556640	-24.575500	15.410500	-37.530838	0.000000
0	0	174	192.047000	-25.377700	-34.861400	14.765500	-63.026558	0.000000
0	0	175	170.571000	-12.096000	-27.565700	16.702700	-56.846082	0.000000
0	0	176	182.015000	-11.307600	-40.937600	-9.512080	-52.720489	0.000000
0	0	177	178.569000	21.653100	-14.662400	4.011040	-17.051950	0.000000
0	0	178	166.140000	-14.120800	-13.979700	29.779500	-67.643847	0.000000
0	0	179	176.890000	-22.724600	-32.269100	53.046800	-62.577019	0.000000
0	0	180	143.067000	15.666900	16.684900	1.211060	23.401153	0.000000
0	0	181	162.825000	-2.542810	-7.287880	-32.215300	-54.617180	0.000000
0	0	182	119.306000	-16.213000	-47.417600	3.928630	-54.438278	0.000000
0	0	183	188.434000	6.224420	-13.788600	9.302540	-32.852367	0.000000
0	0	184	149.733000	-12.230000	25.020200	20.514800	58.024809	0.000000
0	0	185	165.915000	10.200400	-0.987471	35.283400	-2.764704	0.000000
0	0	186	181.657000	1.753470	4.682490	-15.875500	34.735195	0.000000
0	0	187	150.202000	-5.016170	11.442300	-4.973700	56.836041	0.000000
0	0	188	187.494000	-9.439770	-7.918470	25.919000	-70.004342	0.000000
0	0	189	210.860000	25.038000	-16.734000	28.408700	-16.878277	0.000000
0	0	190	179.416000	-3.108610	-26.732200	-8.551460	-48.316484	0.000000
0	0	191	189.446000	4.833230	3.893260	8.488280	19.426057	0.000000
0	0	192	205.998000	-36.092600	-24.604200	-22.555600	-72.858941	0.000000
0	0	193	170.830000	-23.762500	-24.906800	22.773400	-66.826562	0.000000
0	0	194	173.761000	-32.696500	-69.658100	32.353000	-57.572339	0.000000
0	0	195	186.834000	12.343400	-34.162300	12.174300	-35.067190	0.000000
0	0	196	205.696000	-38.832700	-31.672900	-30.290300	-70.399237	0.000000
0	0	197	164.297000	-24.513500	-22.803700	-6.374630	-68.534737	0.000000
0	0	198	169.060000	-5.697790	-18.136200	-2.827840	-53.720491	0.000000
0	0	199	147.222000	-6.768140	-50.900200	-9.624400	-48.787061	0.000000
0	0	200	157.685000	6.018190	-42.022800	13.031400	-40.924973	0.000000
0	0	201	218.205000	30.254400	-13.316000	-0.827723	-11.877971	0.000000
0	0	202	184.956000	-13.830300	-12.906900	-23.909900	-68.488995	0.000000
0	0	203	203.077000	-7.749490	-51.690400	-13.293300	-49.263177	0.000000
0	0	204	187.153000	20.047600	-41.989700	-21.406300	-32.239141	0.000000
0	0	205	196.853000	-60.949100	-22.101300	8.852950	-80.034197	0.000000
0	0	206	200.218000	16.533400	-28.453700	-13.349500	-29.920351	0.000000
0	0	207	212.839000	4.026120	-40.801400	21.752300	-42.182262	0.000000
0	0	208	172.041000	3.669860	-35.219100	33.396500	-42.025600	0.000000
0	0	209	196.356000	22.606400	-51.326100	-29.536300	-33.114538	0.000000
0	0	210	225.388000	4.298570	-43.353900	-39.736900	-42.168795	0.000000
0	0	211	179.218000	-3.975260	-17.794600	-18.444500	-51.296467	0.000000
0	0	212	230.156000	-54.106500	-30.549800	-18.853100	-75.274954	0.000000
0	0	213	229.055000	-12.436600	-73.671800	-23.200800	-49.790907	0.000000
0	0	214	248.464000	-18.345000	-61.107700	-27.396400	-53.355080	0.000000
0	0	215	207.544000	-12.460500	-70.651400	-34.637200	-50.001082	0.000000
0	0	216	246.185000	-36.626100	-22.299300	-29.097000	-74.332713	0.000000
0	0	217	240.391000	-23.664700	-37.175100	-36.618600	-61.239884	0.000000
0	0	218	249.073000	-45.342100	-34.676800	-26.703200	-71.295954	0.000000
0	0	219	204.387000	22.188100	-64.671300	2.225460	-35.531700	0.000000
0	0	220	246.023000	0.099634	-45.831700	12.649200	-44.937722	0.000000
0	0	221	236.090000	-9.596290	-49.991200	-26.963700	-50.433146	0.000000
0	0	222	274.495000	-27.684200	-58.352100	0.026998	-57.690618	0.000000
0	0	223	230.454000	0.457202	-19.533000	-20.589100	-44.329571	0.000000
0	0	224	277.251000	-39.198400	-30.502900	0.669769	-71.055563	0.000000
0	0	225	262.478000	-16.364700	-7.177000	-23.378900	-78.159690	0.000000
0	0	226	247.891000	-36.463300	-8.008200	-24.617100	-83.806578	0.000000
0	0	227	277.196000	-32.479900	12.079900	-39.576800	79.799432	0.000000
0	0	228	249.297000	-53.377700	-45.491500	-45.949000	-69.780242	0.000000
0	0	229	272.186000	-80.647300	-22.136400	-61.882800	-82.325617	0.000000
0	0	230	262.160000	-22.798700	-6.219750	-41.191800	-82.370192	0.000000
0	0	231	256.212000	-12.215500	-10.479200	-27.277000	-69.687498	0.000000
0	0	232	299.515000	-55.434300	5.322910	-16.136500	87.257581	0.000000
0	0	233	287.432000	-28.942800	-1.218230	-67.396700	-88.794894	0.000000
0	0	234	286.862000	-19.877600	7.126040	-34.416700	80.138723	0.000000
0	0	235	261.211000	-11.558500	-6.171870	-58.433400	-75.949603	0.000000
0	0	236	223.750000	-52.651300	0.169575	-32.629800	89.907734	0.000000
0	0	237	266.126000	-12.640600	-36.679500	-30.099400	-54.507565	0.000000
0	0	238	245.567000	-29.509900	-16.169400	-20.921300	-75.640141	0.000000
0	0	239	251.725000	9.904460	-18.138400	3.983270	-30.681643	0.000000
0	0	240	227.473000	3.445710	-17.495500	-46.455300	-39.429144	0.000000
0	0	241	241.742000	-4.298430	-8.397050	-67.056500	-58.553900	0.000000
0	0	242	212.032000	-5.817410	10.709000	8.759570	59.255986	0.000000
0	0	243	215.604000	-12.862500	10.580300	-64.589200	70.280164	0.000000
0	0	244	218.010000	3.266850	-27.557300	-28.165500	-41.619640	0.000000
0	0	245	211.492000	-64.138400	53.999300	-38.489100	69.952678	0.000000
0	0	246	187.805000	-12.461600	18.127400	-16.786700	62.253202	0.000000
0	0	247	217.018000	-60.371100	1.753770	-43.261700	89.168018	0.000000
0	0	248	222.138000	-3.372970	-0.671664	-49.270500	-84.368966	0.000000
0	0	249	286.796000	28.841800	-1.630790	-47.269000	-1.618103	0.000000
0	0	250	233.764000	-2.611580	-15.797800	-53.062900	-49.693418	0.000000
0	0	251	195.214000	17.143100	-0.708843	-59.551200	-1.183875	0.000000
0	0	252	220.675000	28.713100	-4.441350	-70.789000	-4.396421	0.000000
0	0	253	250.966000	-11.201200	-47.422900	-7.595160	-51.644794	0.000000
0	0	254	251.787000	-19.512300	3.708390	-59.739100	84.619524	0.000000
0	0	255	231.433000	6.772620	-12.554600	-26.015300	-30.827606	0.000000
0	0	256	218.775000	-12.473600	17.029500	-8.263510	63.110831	0.000000
0	0	257	231.178000	1.253480	11.384800	-22.313600	41.858487	0.000000
0	0	258	261.057000	13.744800	3.774520	-93.626400	7.677855	0.000000
0	0	259	231.686000	-31.891300	0.569805	-69.854700	89.488200	0.000000
0	0	260	255.453000	-5.325320	29.717500	-61.239100	50.079732	0.000000
0	0	261	257.318000	4.234470	-14.658600	-32.940800	-36.943718	0.000000
0	0	262	232.953000	-4.531860	-25.935100	-50.036400	-49.955853	0.000000
0	0	263	242.801000	-0.165982	-4.280780	-67.817100	-46.110231	0.000000
0	0	264	245.290000	-3.079790	14.564000	-97.782300	50.970100	0.000000
0	0	265	239.205000	-18.138200	-31.129000	-49.908800	-60.114218	0.000000
0	0	266	248.740000	-25.348800	16.559000	-49.412000	73.422793	0.000000
0	0	267	279.338000	6.132310	-38.566600	-87.556600	-40.482639	0.000000
0	0	268	224.469000	5.342260	-9.306870	-70.169700	-30.071818	0.000000
0	0	269	256.128000	-46.054400	-55.867200	-79.307800	-64.750316	0.000000
0	0	270	218.960000	-6.460260	33.004500	-85.018100	50.537490	0.000000
0	0	271	270.044000	10.494300	-17.175700	-21.395600	-29.287599	0.000000
0	0	272	268.796000	-15.526900	-50.077800	-66.176400	-53.613170	0.000000
0	0	273	284.571000	5.505590	13.230900	-37.305000	33.703510	0.000000
0	0	274	247.935000	20.225300	-43.560400	-65.413100	-32.547167	0.000000
0	0	275	225.070000	11.448600	-33.722200	-36.937200	-35.623891	0.000000
0	0	276	272.106000	19.354300	-28.052900	-64.538600	-27.698685	0.000000
0	0	277	325.486000	-2.168490	-52.420800	-66.762500	-46.184401	0.000000
0	0	278	332.016000	13.690100	-21.998000	-36.098700	-29.052299	0.000000
0	0	279	320.707000	12.485400	-27.150500	-38.999100	-32.652121	0.000000
0	0	280	260.958000	2.851890	-26.690000	-75.716600	-41.950476	0.000000
0	0	281	261.759000	0.050218	-60.093600	-52.257900	-44.976060	0.000000
0	0	282	253.935000	27.785700	-16.061700	-39.987800	-15.015166	0.000000
0	0	283	288.254000	-13.899700	-34.447000	-49.555300	-55.987278	0.000000
0	0	284	301.671000	16.654600	-33.088800	-44.847500	-31.641248	0.000000
0	0	285	262.239000	-23.471200	-52.948000	-72.480400	-56.953562	0.000000
0	0	286	295.969000	-9.379040	-33.920100	-45.869900	-52.728165	0.000000
0	0	287	274.023000	-8.590940	-61.430000	-44.404200	-48.980570	0.000000
0	0	288	262.563000	-20.072400	-55.524000	-25.563800	-54.937678	0.000000
0	0	289	296.775000	5.574290	-48.219900	-31.818000	-41.702898	0.000000
0	0	290	255.815000	0.089335	-92.499700	-37.046600	-44.972332	0.000000
0	0	291	314.682000	35.839000	-72.030500	3.966940	-31.773608	0.000000
0	0	292	383.973000	39.760500	-32.168600	32.846800	-19.487455	0.000000
0	0	293	354.123000	24.554600	-49.336400	1.422590	-31.770294	0.000000
0	0	294	327.908000	19.113400	-57.634200	-14.923900	-35.826389	0.000000
0	0	295	312.999000	-7.883720	-21.974700	6.452950	-54.868067	0.000000
0	0	296	320.490000	-17.211800	-59.022300	-10.987000	-53.128744	0.000000
0	0	297	301.900000	-24.254100	-63.714400	-33.565800	-55.420140	0.000000
0	0	298	302.495000	-40.185200	-82.637900	23.107100	-57.966376	0.000000
0	0	299	306.093000	-50.588200	-49.580100	-28.750100	-67.788304	0.000000
0	0	300	344.253000	-17.060100	-31.614300	3.609870	-59.176368	0.000000
0	0	301	316.940000	-60.938300	-58.772400	10.712100	-68.018264	0.000000
0	0	302	318.380000	-25.064600	-80.614500	-2.540730	-53.635738	0.000000
0	0	303	289.720000	-22.917400	-82.170400	-43.763600	-52.791918	0.000000
0	0	304	304.172000	-20.947800	-81.735100	-2.914190	-52.187435	0.000000
0	0	305	297.759000	-45.433000	-84.637300	40.427900	-59.113372	0.000000
0	0	306	321.994000	-29.654400	-95.812200	0.608366	-53.598791	0.000000
0	0	307	310.118000	-15.587000	-55.776200	4.694620	-52.806673	0.000000
0	0	308	321.845000	-14.187400	-84.834600	-2.435790	-49.747029	0.000000
0	0	309	280.715000	-26.345400	-31.457600	44.919400	-64.972905	0.000000
0	0	310	291.734000	-7.571050	-74.387700	12.920100	-47.905726	0.000000
0	0	311	286.548000	-20.890200	-71.740200	48.282500	-53.117579	0.000000
0	0	312	298.930000	-0.417493	-89.331400	33.776700	-45.133886	0.000000
0	0	313	307.264000	16.946600	-66.007600	52.321600	-37.800518	0.000000
0	0	314	262.895000	13.664000	-49.762100	64.948900	-37.322889	0.000000
0	0	315	302.107000	17.809400	-90.455400	29.431400	-39.430864	0.000000
0	0	316	241.627000	55.281000	-48.328100	-0.956512	-20.580403	0.000000
0	0	317	309.817000	42.031400	-84.800000	42.757300	-31.817266	0.000000
0	0	318	237.748000	19.928600	-72.946300	15.463000	-37.359957	0.000000
0	0	319	258.416000	25.647100	-47.495000	32.241200	-30.815570	0.000000
0	0	320	246.522000	49.611500	-57.967700	48.942400	-24.720762	0.000000
0	0	321	230.991000	37.196600	-54.110500	-2.559310	-27.747309	0.000000
0	0	322	268.325000	30.676200	-35.715100	24.918700	-24.670128	0.000000
0	0	323	248.786000	30.414700	11.583700	7.429080	10.424883	0.000000
0	0	324	223.996000	85.454600	13.132800	16.767900	4.368476	0.000000
0	0	325	191.932000	61.653700	4.847330	29.488700	2.247727	0.000000
0	0	326	232.618000	38.986800	30.332300	30.565600	18.941719	0.000000
0	0	327	210.113000	21.003900	61.164000	24.631600	35.523688	0.000000
0	0	328	192.272000	35.287200	19.996700	19.486900	14.769772	0.000000
0	0	329	207.297000	41.903200	40.933400	-17.264800	22.164623	0.000000
0	0	330	202.663000	50.103000	50.139000	-3.750460	22.510288	0.000000
0	0	331	209.735000	22.218400	62.945900	9.409270	35.279092	0.000000
0	0	332	186.364000	50.180500	63.539700	14.034300	25.850036	0.000000
0	0	333	168.441000	24.105800	62.395400	-4.462060	34.438245	0.000000
0	0	334	218.469000	54.563900	80.912400	-14.935800	28.002970	0.000000
0	0	335	189.612000	-8.502540	60.502200	15.973100	48.999773	0.000000
0	0	336	189.488000	9.974740	65.754300	10.840900	40.687079	0.000000
0	0	337	202.723000	32.937600	45.030300	21.817000	26.908121	0.000000
0	0	338	191.435000	40.275200	86.766700	45.982400	32.550152	0.000000
0	0	339	174.832000	-30.550000	71.002500	-0.077024	56.640296	0.000000
0	0	340	183.752000	-21.782400	63.310800	20.348000	54.493019	0.000000
0	0	341	202.721000	15.106800	79.083500	-8.176980	39.592725	0.000000
0	0	342	178.193000	38.724300	80.862100	-5.637170	32.205281	0.000000
0	0	343	207.503000	-10.986700	65.570400	5.807100	49.755941	0.000000
0	0	344	163.735000	1.686140	68.007500	-8.370510	44.289866	0.000000
0	0	345	183.937000	-5.058760	62.101200	-15.667300	47.328514	0.000000
0	0	346	213.084000	-5.648970	51.959200	11.202800	48.102395	0.000000
0	0	347	249.353000	-14.041600	47.621400	-22.668200	53.214314	0.000000
0	0	348	190.650000	-26.472000	47.986900	-8.928480	59.441675	0.000000
0	0	349	200.596000	-35.400200	65.163600	-0.859888	59.256536	0.000000
0	0	350	189.608000	-32.430200	45.785900	-23.514300	62.654990	0.000000
0	0	351	197.401000	-38.465500	95.267300	-6.174040	55.993540	0.000000
0	0	352	202.374000	-69.149400	78.146800	-37.511700	65.752252	0.000000
0	0	353	195.330000	-35.975700	29.900500	-25.747700	70.134499	0.000000
0	0	354	166.071000	-65.601200	56.236700	2.812800	69.697565	0.000000
0	0	355	129.953000	-31.815800	29.382300	-9.957370	68.638564	0.000000
0	0	356	33.031900	-42.403600	-14.556000	6.085290	-80.527025	0.000000
0	0	357	-0.002380	-2.463940	-12.107300	18.441700	-50.751550	0.000000
0	0	358	-8.873530	17.579800	49.988800	6.566990	35.312256	0.000000
0	0	359	-1.332260	-2.872320	11.528800	16.346300	51.995010	0.000000
0	0	360	10.814400	-20.894700	10.999800	-17.053900	76.117950	0.000000
0	0	361	-31.476700	14.244100	25.901000	-8.559280	30.595834	0.000000
0	0	362	-24.646700	4.228130	7.154820	-28.639900	29.709550	0.000000
0	0	363	-23.476900	24.073900	-4.709690	0.814518	-5.534619	0.000000
0	0	364	-2.308760	21.129100	-9.703960	19.241000	-12.333948	0.000000
0	0	365	0.852520	19.960200	-22.904000	3.900050	-24.464377	0.000000
0	0	366	-28.485400	23.665000	-0.909723	28.862100	-1.100732	0.000000
0	0	367	-6.388370	-9.541840	2.568720	16.978600	82.466419	0.000000
0	0	368	29.448500	-2.078880	-18.373800	-31.240100	-48.227603	0.000000
0	0	369	6.528650	21.390100	-20.281600	-25.184900	-21.738123	0.000000
0	0	370	-17.007000	17.654200	15.345200	-18.020700	20.498741	0.000000
0	0	371	-32.514100	-21.979500	-12.372500	-17.956300	-75.312183	0.000000
0	0	372	-60.428100	-25.651800	-11.305500	-5.294030	-78.107753	0.000000
0	0	373	-13.096500	7.030790	-0.387744	-13.318400	-1.578316	0.000000
0	0	374	-16.480700	4.228340	-40.963300	-7.422420	-42.053325	0.000000
0	0	375	-6.368210	18.741300	31.547600	-12.760800	29.643484	0.000000
0	0	376	16.482600	-13.349300	-22.919900	25.247300	-60.108961	0.000000
0	0	377	-2.674090	8.286460	-18.067100	-5.450770	-32.680742	0.000000
0	0	378	25.443000	12.690700	-9.733820	-2.631880	-18.744179	0.000000
0	0	379	41.856400	22.027600	-8.605030	30.672200	-10.668992	0.000000
0	0	380	39.003100	23.957100	-42.187900	26.919400	-30.204602	0.000000
0	0	381	45.629000	-20.900000	6.707000	-31.152500	81.104046	0.000000
0	0	382	-58.194500	-31.034500	-8.732170	-4.478610	-82.142502	0.000000
0	0	383	-10.931000	-26.246800	22.610600	-3.810890	69.628189	0.000000
0	0	384	-7.920040	-40.657700	20.701500	9.118110	76.508187	0.000000
0	0	385	-33.624700	14.580800	-11.694400	16.058300	-19.365522	0.000000
0	0	386	-18.311500	36.168500	-23.603000	-4.719040	-16.563920	0.000000
0	0	387	-9.994500	-5.888130	8.696680	26.168500	62.050079	0.000000
0	0	388	-20.299900	21.746100	20.685600	18.702900	21.784149	0.000000
0	0	389	18.124100	-9.676210	-7.128720	24.225400	-71.809971	0.000000
0	0	390	-13.802100	-24.025700	5.224800	-1.483100	83.865539	0.000000
0	0	391	-19.044400	5.418280	-6.125470	28.516600	-24.252828	0.000000
0	0	392	2.781960	32.956700	-3.793440	-10.195500	-3.283032	0.000000
0	0	393	-28.029800	-8.418960	-8.612580	8.322250	-67.174336	0.000000
0	0	394	-17.355500	-24.160000	26.470600	-17.229500	66.193519	0.000000
0	0	395	-46.773500	26.409200	1.561750	-9.820630	1.692168	0.000000
0	0	396	-11.307800	21.825000	-1.949100	-1.052510	-2.551655	0.000000
0	0	397	-7.048630	-10.349000	-4.468330	-0.987687	-78.323516	0.000000
0	0	398	-14.761900	6.123700	28.824900	-33.827700	39.003064	0.000000
0	0	399	-7.278550	-17.292900	-0.210187	12.903300	-89.651816	0.000000
0	0	400	-24.552100	12.577700	-9.268440	-7.625720	-18.193152	0.000000
0	0	401	-23.549400	24.578900	-14.822900	4.139380	-15.546547	0.000000
0	0	402	5.317360	-35.283700	-4.609020	-1.175170	-86.278869	0.000000
0	0	403	-4.380820	4.184440	-19.414000	22.202100	-38.918351	0.000000
0	0	404	-1.966460	15.444000	-0.878771	27.636200	-1.628323	0.000000
0	0	405	-12.412800	-21.067000	-14.428500	-3.852640	-72.796645	0.000000
0	0	406	-51.645600	16.007600	-20.764800	-27.158900	-26.185672	0.000000
0	0	407	-11.439500	-3.653340	-19.609100	-40.731500	-50.276843	0.000000
0	0	408	-23.973000	-2.776160	14.843900	-14.687300	50.296643	0.000000
0	0	409	-7.328040	6.834300	-5.816940	-25.168000	-20.201203	0.000000
0	0	410	-29.409800	-14.598000	1.329920	36.377700	87.397279	0.000000
0	0	411	-50.654300	-4.934850	15.439200	6.987650	53.862751	0.000000
0	0	412	-50.455700	-4.554230	-35.568800	-21.808700	-48.648226	0.000000
0	0	413	-16.693900	8.911560	-3.712360	6.021210	-11.307768	0.000000
0	0	414	7.120940	23.755700	1.198310	35.627000	1.443863	0.000000
0	0	415	-17.343800	36.849800	-0.851165	27.789300	-0.661598	0.000000
0	0	416	6.992960	-4.915870	-8.290430	-4.433130	-60.333063	0.000000
0	0	417	-4.320070	-4.420290	-1.565110	20.431300	-80.251133	0.000000
0	0	418	20.243100	5.826600	-7.393690	-28.528600	-25.880055	0.000000
0	0	419	-25.168800	-19.434100	-13.166600	24.759500	-72.941183	0.000000
0	0	420	-33.410800	-5.548070	30.993000	-19.224100	50.074522	0.000000
0	0	421	13.469200	7.462770	18.682200	25.426800	34.112662	0.000000
0	0	422	-15.300700	-8.370590	-2.437020	-22.614800	-81.883784	0.000000
0	0	423	-28.203600	13.489700	37.603700	11.703500	35.132699	0.000000
0	0	424	-7.094160	0.667102	0.096700	0.946392	4.123936	0.000000
0	0	425	-18.171700	-10.503100	-15.625600	-21.075800	-61.953956	0.000000
0	0	426	28.850900	-1.729200	44.324700	-8.906330	46.117048	0.000000
0	0	427	-37.823100	-1.860020	-33.968700	19.065000	-46.567104	0.000000
0	0	428	8.529530	-10.318300	-3.650120	1.172400	-80.259331	0.000000
0	0	429	-45.595900	18.812900	1.215430	-21.608300	1.848263	0.000000
0	0	430	-7.216740	-8.540760	10.048800	-12.132400	65.181077	0.000000
0	0	431	12.311500	12.334800	-24.272300	-8.686430	-31.530520	0.000000
0	0	432	0.007446	-3.240960	-4.864850	-24.430800	-61.835764	0.000000
0	0	433	-18.702200	-5.610450	31.343900	-8.803300	50.074137	0.000000
0	0	434	-24.709900	-28.251600	-2.024740	9.957980	-87.950363	0.000000
0	0	435	-15.844000	13.073500	-32.039300	-15.855400	-33.901147	0.000000
0	0	436	-13.990000	-1.693890	9.866680	-19.934300	49.870725	0.000000
0	0	437	31.482300	7.986250	-5.782370	-6.523220	-17.953034	0.000000
0	0	438	8.695170	-15.089600	20.032100	2.841470	63.494827	0.000000
0	0	439	16.019000	45.118800	6.639220	-6.088380	4.185493	0.000000
0	0	440	17.828500	-30.625500	23.990800	17.260200	70.963131	0.000000
0	0	441	-10.940400	-15.190500	-11.257500	-9.656780	-71.729146	0.000000
0	0	442	7.847770	-21.047700	-23.133200	3.078580	-66.148718	0.000000
0	0	443	-20.456900	13.820700	26.161400	-5.414450	31.076568	0.000000
0	0	444	-15.403400	15.362800	-10.577100	-20.536100	-17.273468	0.000000
0	0	445	-19.024300	-19.325000	-17.770600	-16.075400	-68.699718	0.000000
0	0	446	12.630700	-36.637000	-42.488300	5.553910	-65.385343	0.000000
0	0	447	-7.688520	36.083300	-1.773840	21.617900	-1.407185	0.000000
0	0	448	35.651600	38.194200	5.165520	-17.618400	3.851077	0.000000
0	0	449	15.496400	1.182560	-18.964000	38.723000	-43.215881	0.000000
0	0	450	2.395280	-29.952000	-29.223000	-10.802500	-67.852907	0.000000
0	0	451	14.401900	-19.795900	-18.260100	-18.106600	-68.655496	0.000000
0	0	452	22.233400	-22.304500	-16.711900	25.701900	-71.578599	0.000000
0	0	453	-4.634520	19.911900	1.615400	16.615300	2.319049	0.000000
0	0	454	13.257000	13.677200	-26.158400	3.370530	-31.198350	0.000000
0	0	455	42.850300	15.501800	-46.182800	28.663600	-35.722533	0.000000
0	0	456	76.661800	27.338100	-45.118900	-0.720928	-29.393904	0.000000
0	0	457	-3.415560	-19.463000	17.193900	44.613500	69.271074	0.000000
0	0	458	20.451200	24.608600	0.194876	10.323600	0.226858	0.000000
0	0	459	24.270000	31.215900	-30.808400	33.821900	-22.311786	0.000000
0	0	460	-31.596800	46.150200	3.814740	-1.034590	2.362641	0.000000
0	0	461	-13.641800	15.736400	33.258000	21.763700	32.339148	0.000000
0	0	462	-1.287120	-13.073400	4.024440	-51.369700	81.444922	0.000000
0	0	463	10.766100	-26.284300	-13.271400	-16.353500	-76.604998	0.000000
0	0	464	1.131220	-15.516700	37.591400	-20.195100	56.214747	0.000000
0	0	465	-45.688200	-5.514530	24.676300	22.095600	51.298589	0.000000
0	0	466	18.349400	9.371710	24.793700	20.213000	34.647016	0.000000
0	0	467	24.543600	0.103356	18.134800	1.475720	44.836728	0.000000
0	0	468	-12.729300	-5.677100	-4.387500	0.489215	-71.150826	0.000000
0	0	469	-7.256730	2.636710	13.422200	-31.363900	39.443056	0.000000
0	0	470	10.764800	8.204980	27.431200	-26.524800	36.673743	0.000000
0	0	471	7.489040	-2.377880	-2.251100	-13.409100	-68.284422	0.000000
0	0	472	3.677550	-1.139950	-29.805100	26.772600	-46.095157	0.000000
0	0	473	25.721100	-12.556600	39.273300	34.873600	53.865152	0.000000
0	0	474	1.005600	5.052200	1.524410	-9.240850	8.395119	0.000000
0	0	475	-8.886720	-30.244200	15.375300	25.834500	76.526249	0.000000
0	0	476	-14.437700	11.806600	4.206970	-3.193990	9.806091	0.000000
0	0	477	-0.766243	-20.910600	18.107300	8.115160	69.554720	0.000000
0	0	478	26.790600	3.960500	39.963600	20.976700	42.170157	0.000000
0	0	479	-32.840900	-25.814000	2.230200	-6.813960	87.531097	0.000000
0	0	480	-18.607900	9.116930	34.230200	-22.162400	37.542983	0.000000
0	0	481	9.430920	-1.548220	-13.191600	-5.169620	-48.346922	0.000000
0	0	482	-11.121700	19.581100	-2.654570	-2.494840	-3.860203	0.000000
0	0	483	-8.388710	24.718100	24.698900	-20.825200	22.488869	0.000000
0	0	484	-13.199300	3.313970	11.288900	-1.766650	36.819934	0.000000
0	0	485	18.645600	17.048600	34.810100	6.984010	31.953114	0.000000
0	0	486	18.911200	4.585330	1.203490	-31.310100	7.353222	0.000000
0	0	487	40.845700	25.734200	39.981600	-30.021000	28.616299	0.000000
0	0	488	7.949340	-38.789300	-7.396610	4.285290	-84.602027	0.000000
0	0	489	-17.882100	5.921720	36.977200	-26.886100	40.450807	0.000000
0	0	490	16.007100	-14.640200	-8.902380	0.095131	-74.348573	0.000000
0	0	491	15.256400	10.600000	35.480900	-5.858910	36.683182	0.000000
0	0	492	-9.997780	11.097200	1.751010	11.543000	4.483342	0.000000
0	0	493	3.721960	-10.081300	-15.057000	-13.887800	-61.901993	0.000000
0	0	494	42.765700	-11.787800	16.615300	-18.497900	62.676984	0.000000
0	0	495	8.402040	14.111400	-24.149500	-0.541684	-29.850379	0.000000
0	0	496	30.179000	9.792190	-16.023100	-5.141970	-29.284832	0.000000
0	0	497	3.446820	13.145000	1.884920	35.078600	4.080135	0.000000
0	0	498	39.358700	17.847800	-8.197850	-30.007200	-12.335131	0.000000
0	0	499	30.252500	-17.332500	-22.052300	14.791900	-64.083185	0.000000
0	0	500	26.977100	-9.476280	-7.846350	22.448700	-70.187639	0.000000
0	0	501	54.423500	-1.105560	2.016860	43.708600	59.364874	0.000000
0	0	502	63.967400	-7.980640	-14.754000	-25.734600	-59.204780	0.000000
0	0	503	1.357540	-19.380800	-6.494690	2.357170	-80.736755	0.000000
0	0	504	29.229800	-42.154500	11.763800	5.235460	82.203750	0.000000
0	0	505	33.282200	-29.848600	-12.908800	-10.850900	-78.306341	0.000000
0	0	506	23.566500	-54.696100	-7.151410	18.091600	-86.275471	0.000000
0	0	507	38.231900	13.903000	1.730240	-0.853944	3.547017	0.000000
0	0	508	34.500800	25.435700	-5.010680	-5.841400	-5.572115	0.000000
0	0	509	61.398900	-1.991770	-4.379490	15.118800	-57.227901	0.000000
0	0	510	23.807100	21.528000	7.196770	-3.931180	9.242342	0.000000
0	0	511	5.703230	-11.531000	-2.257110	-1.577800	-84.462399	0.000000
0	0	512	49.626300	3.999270	-6.621180	20.137400	-29.433767	0.000000
0	0	513	17.289200	13.836600	-43.462700	40.416100	-36.170414	0.000000
0	0	514	39.775900	46.037600	20.399200	-23.940700	11.949035	0.000000
0	0	515	40.745200	2.029580	-0.048718	23.368700	-0.687536	0.000000
0	0	516	29.325600	2.011900	-19.224300	16.127900	-42.012758	0.000000
0	0	517	43.910200	12.399500	19.719600	29.570500	28.919351	0.000000
0	0	518	46.331500	-1.035080	-21.089700	-4.790850	-46.404908	0.000000
0	0	519	33.613300	7.480760	-1.321630	50.346700	-5.009545	0.000000
0	0	520	9.141390	3.914340	-54.275100	3.589630	-42.937475	0.000000
0	0	521	36.366800	0.165457	-22.931800	3.902490	-44.793304	0.000000
0	0	522	43.828000	-12.322900	-10.314300	-30.868700	-70.035289	0.000000
0	0	523	22.742700	12.685500	-10.414600	13.187100	-19.692734	0.000000
0	0	524	11.982500	7.444210	-23.814600	-12.315900	-36.320634	0.000000
0	0	525	9.425950	-11.585500	-25.010100	-7.631290	-57.427561	0.000000
0	0	526	18.318200	-6.156940	-10.816500	-3.400060	-59.824642	0.000000
0	0	527	57.066800	12.839700	-10.206500	-24.926000	-19.240898	0.000000
0	0	528	22.554300	2.031200	-19.050400	-9.719970	-41.956989	0.000000
0	0	529	42.314900	6.884730	-19.403400	15.339500	-35.232128	0.000000
0	0	530	54.329700	12.584300	-25.985900	-26.027100	-32.080146	0.000000
0	0	531	56.272200	0.918412	14.507500	-5.766570	43.188833	0.000000
0	0	532	16.579700	11.862800	-17.278500	15.270800	-27.763950	0.000000
0	0	533	55.179100	3.767730	-22.429600	25.072900	-40.232232	0.000000
0	0	534	27.416900	12.549900	-2.198010	21.543600	-4.967060	0.000000
0	0	535	45.509300	1.408700	-15.085100	-26.117200	-42.332495	0.000000
0	0	536	38.747000	26.800800	-3.696730	-8.506310	-3.926728	0.000000
0	0	537	69.343300	24.208200	1.462950	-24.076900	1.729146	0.000000
0	0	538	58.257600	-2.725120	-47.676700	-17.377200	-46.635685	0.000000
0	0	539	21.156700	10.708300	5.092540	-43.906500	12.717166	0.000000
0	0	540	37.204900	2.290260	-7.096620	-9.185630	-36.056894	0.000000
0	0	541	40.016500	21.632900	-15.782100	3.857720	-18.056153	0.000000
0	0	542	-1.233770	0.168925	3.624880	-14.514400	43.665929	0.000000
0	0	543	25.788500	0.885643	-15.709000	-15.368200	-43.386595	0.000000
0	0	544	32.403900	27.104400	-4.610150	4.442220	-4.826490	0.000000
0	0	545	25.733900	7.617410	-29.345200	-0.087590	-37.724179	0.000000
0	0	546	54.239500	27.461500	-31.497200	-17.563700	-24.457883	0.000000
0	0	547	34.554600	8.473980	2.984880	-31.740000	9.702167	0.000000
0	0	548	65.704000	28.289800	-11.569600	4.243230	-11.121476	0.000000
0	0	549	34.649500	25.700500	4.765580	22.826000	5.252450	0.000000
0	0	550	11.346500	-12.051900	16.165300	-19.677700	63.353026	0.000000
0	0	551	37.031100	52.816700	0.921579	-4.775670	0.499816	0.000000
0	0	552	5.549760	28.001800	-28.489800	-17.029100	-22.747467	0.000000
0	0	553	9.780770	23.599200	-17.694300	-25.714300	-18.430986	0.000000
0	0	554	35.493200	13.610300	-25.221500	-7.132180	-30.823665	0.000000
0	0	555	42.988100	5.861320	5.873550	-17.922200	22.529857	0.000000
0	0	556	46.542300	5.030700	-8.401360	7.498050	-29.543499	0.000000
0	0	557	51.611400	35.745200	8.389080	9.132410	6.603889	0.000000
0	0	558	4.306570	-14.680000	-45.404200	-42.609000	-53.958480	0.000000
0	0	559	63.638100	-17.155200	10.383700	24.185900	74.407159	0.000000
0	0	560	71.112000	3.493540	-16.351200	8.218640	-38.969858	0.000000
0	0	561	128.851000	-37.552300	-63.566800	30.001200	-60.286306	0.000000
0	0	562	77.657100	-6.560070	-15.059200	-0.279753	-56.769422	0.000000
0	0	563	72.125100	23.395700	-8.371800	-1.723440	-9.844493	0.000000
0	0	564	100.627000	7.544080	-6.109710	16.084000	-19.501455	0.000000
0	0	565	29.031600	-11.004600	-3.699320	7.085160	-80.709675	0.000000
0	0	566	23.056800	41.786300	-1.423990	6.709940	-0.975883	0.000000
0	0	567	80.922500	-2.580320	-22.315500	13.861300	-48.297883	0.000000
0	0	568	19.829700	12.109500	5.518910	8.164250	12.250574	0.000000
0	0	569	43.350800	3.256240	-4.726190	61.745000	-27.717010	0.000000
0	0	570	32.946600	28.844700	-7.783680	50.240900	-7.550725	0.000000
0	0	571	58.281800	14.265500	-10.372100	-18.700200	-18.009997	0.000000
0	0	572	10.518500	3.695330	-13.414900	-6.620150	-37.299502	0.000000
0	0	573	32.667900	-7.342830	4.649900	7.802090	73.827835	0.000000
0	0	574	69.130300	2.010030	21.906200	6.138510	42.378718	0.000000
0	0	575	41.569200	-19.118600	-17.282300	-10.505200	-68.943963	0.000000
0	0	576	55.543200	0.679396	12.762800	-10.458000	43.476439	0.000000
0	0	577	21.484600	-28.779500	-36.990000	-5.057100	-63.942076	0.000000
0	0	578	83.767800	23.249900	-17.264900	12.146800	-18.298412	0.000000
0	0	579	73.272300	-11.087300	-41.014800	-4.359530	-52.563448	0.000000
0	0	580	36.843500	-8.838220	-26.925100	17.860700	-54.086265	0.000000
0	0	581	20.085600	-0.248177	-7.293810	-11.096700	-45.974389	0.000000
0	0	582	58.982800	-1.173360	-15.907900	28.486900	-47.109237	0.000000
0	0	583	64.237300	24.471000	5.101870	-4.164410	5.888346	0.000000
0	0	584	27.041700	5.412230	22.914700	7.058740	38.355418	0.000000
0	0	585	18.477500	1.488060	-26.626500	32.543100	-43.400635	0.000000
0	0	586	32.094800	26.635400	-25.640400	28.546100	-21.954792	0.000000
0	0	587	58.707400	60.200600	-8.375870	8.869210	-3.960433	0.000000
0	0	588	44.302000	-6.664500	16.552200	-15.855000	55.965728	0.000000
0	0	589	57.461200	31.651800	-28.639500	-6.844350	-21.069871	0.000000
0	0	590	48.555500	-9.358120	7.519620	-19.503000	70.608372	0.000000
0	0	591	27.912100	-44.549100	9.820190	24.515500	83.784400	0.000000
0	0	592	28.568900	17.109900	9.872420	21.491400	14.992483	0.000000
0	0	593	50.702000	21.566100	-17.289600	8.859660	-19.359622	0.000000
0	0	594	30.828200	-27.218300	-4.191740	-26.166700	-85.622488	0.000000
0	0	595	71.283000	-1.011430	-19.984300	6.774880	-46.448669	0.000000
0	0	596	55.464500	26.602800	10.280000	3.317170	10.563901	0.000000
0	0	597	27.905200	24.120900	-24.805000	-0.193963	-22.900539	0.000000
0	0	598	38.399100	-22.296200	-4.033720	1.917790	-84.872623	0.000000
0	0	599	13.192200	38.153500	0.642840	-29.500200	0.482636	0.000000
0	0	600	5.763580	-5.419490	2.566030	-18.111100	77.331648	0.000000
0	0	601	7.197510	51.733700	-24.464400	-4.835780	-12.654522	0.000000
0	0	602	25.594800	33.647000	-16.607400	20.993600	-13.134953	0.000000
0	0	603	43.028100	3.663960	-6.574530	-26.136800	-30.434623	0.000000
0	0	604	27.812900	2.110690	-20.290300	-33.794900	-42.030595	0.000000
0	0	605	18.690800	15.268400	-2.414620	-10.375500	-4.493306	0.000000
0	0	606	43.698000	-11.762900	-18.808800	-5.924310	-61.010795	0.000000
0	0	607	40.271600	15.089200	4.039620	-21.217000	7.493766	0.000000
0	0	608	65.898500	7.250740	-32.342000	3.366290	-38.681910	0.000000
0	0	609	40.136100	40.321000	13.178100	-9.909440	9.049464	0.000000
0	0	610	36.575500	12.436600	-20.017900	-3.751040	-29.074196	0.000000
0	0	611	38.843900	3.803320	16.643600	12.319400	38.564023	0.000000
0	0	612	25.246500	-3.470360	2.780410	-12.334400	70.649360	0.000000
0	0	613	16.973800	31.489900	1.661280	-3.149320	1.509947	0.000000
0	0	614	20.829500	-24.922600	-10.834800	-15.575200	-78.251793	0.000000
0	0	615	29.599400	-6.392100	-27.268400	13.206600	-51.596370	0.000000
0	0	616	43.972700	37.424000	0.734435	-1.781240	0.562134	0.000000
0	0	617	85.598600	10.329300	-10.169200	-4.467400	-22.276255	0.000000
0	0	618	13.463400	27.028800	42.485900	-15.152400	28.768091	0.000000
0	0	619	31.808500	17.526400	-2.374890	7.690400	-3.858391	0.000000
0	0	620	21.231400	21.588100	-0.450106	-5.309570	-0.597214	0.000000
0	0	621	54.908500	13.226500	-23.147300	18.869000	-30.128053	0.000000
0	0	622	82.364400	9.313360	-29.336600	-6.373790	-36.193575	0.000000
0	0	623	73.691700	8.459300	-38.698400	33.736700	-38.834678	0.000000
0	0	624	93.537400	-3.838160	-70.751600	47.066600	-46.552580	0.000000
0	0	625	104.686000	-12.446000	-52.482100	73.553400	-51.670550	0.000000
0	0	626	144.748000	-52.201800	-99.057700	78.353300	-58.894251	5.077140
0	0	627	121.459000	-5.704930	-60.730100	31.470500	-47.683282	0.000000
0	0	628	14.189900	47.521800	-28.187500	25.274400	-15.337125	0.000000
0	0	629	20.360900	21.185800	-4.664050	-4.593100	-6.207803	0.000000
0	0	630	37.251800	15.175900	23.037500	35.477300	28.312599	0.000000
0	0	631	39.319000	-2.635160	-16.828500	-19.194600	-49.449813	0.000000
0	0	632	69.719400	25.149700	-26.608300	6.680540	-23.307117	0.000000
0	0	633	27.660800	-4.621010	22.054900	-11.382300	50.916802	0.000000
0	0	634	38.865000	13.768400	-16.936500	33.216200	-25.445437	0.000000
0	0	635	3.839050	25.060000	3.566640	29.689200	4.050083	0.000000
0	0	636	51.591700	-7.344090	3.903460	-14.596800	76.004446	0.000000
0	0	637	60.495500	-8.933960	-34.167300	36.707900	-52.326725	0.000000
0	0	638	51.486600	-0.164110	-35.910700	-17.460700	-45.130918	0.000000
0	0	639	64.354100	28.391500	-12.016900	-1.506810	-11.470425	0.000000
0	0	640	41.876600	18.127500	-29.517400	-19.861000	-29.222348	0.000000
0	0	641	42.140800	8.651040	-48.334000	-6.214720	-39.926195	0.000000
0	0	642	62.776100	40.496700	-22.480500	-1.857680	-14.517750	0.000000
0	0	643	66.944100	26.553300	-12.783300	-20.317200	-12.853556	0.000000
0	0	644	17.146700	36.355300	-19.126300	24.627700	-13.874291	0.000000
0	0	645	22.531700	13.654000	9.694990	2.071050	17.688283	0.000000
0	0	646	37.263400	-4.717100	-43.731200	21.901800	-48.078225	0.000000
0	0	647	61.902200	22.926200	-17.660400	-7.014350	-18.803803	0.000000
0	0	648	28.529800	-17.568000	8.204800	11.730000	77.482984	0.000000
0	0	649	44.014600	22.648500	6.617810	-12.303400	8.144086	0.000000
0	0	650	31.028100	33.351900	11.069700	0.139309	9.180661	0.000000
0	0	651	41.331200	4.278070	-31.108300	-24.197800	-41.084848	0.000000
0	0	652	16.047400	29.302800	-1.476960	-18.641300	-1.442729	0.000000
0	0	653	38.872400	4.245580	-30.280900	-13.136500	-41.009392	0.000000
0	0	654	42.547100	-0.833868	-35.262000	14.054900	-45.677333	0.000000
0	0	655	29.390300	-3.665710	-19.282100	-14.794200	-50.382011	0.000000
0	0	656	38.631500	40.650400	-11.466600	-14.868000	-7.876307	0.000000
0	0	657	26.082100	8.617670	12.567300	18.027800	27.780361	0.000000
0	0	658	82.602200	25.037100	-10.361400	-17.861100	-11.240910	0.000000
0	0	659	92.985500	20.673700	25.294300	-12.306900	25.369981	0.000000
0	0	660	40.342500	8.860540	14.382400	17.387700	29.182048	0.000000
0	0	661	60.318600	-4.600660	-27.904500	-9.906680	-49.681112	0.000000
0	0	662	69.964800	11.015200	-22.405300	30.663800	-31.909857	0.000000
0	0	663	66.713000	23.704400	-34.290700	-9.132800	-27.672378	0.000000
0	0	664	61.985800	-7.433890	-7.184380	2.508610	-67.988925	0.000000
0	0	665	43.642400	-13.646000	4.397960	10.837900	81.068212	0.000000
0	0	666	76.900000	-31.279700	-4.925040	33.396400	-85.526073	0.000000
0	0	667	71.197400	3.499700	-16.174200	14.259200	-38.895407	0.000000
0	0	668	40.358300	23.025000	9.369670	9.490710	11.071555	0.000000
0	0	669	43.390300	11.556100	0.734486	-3.956750	1.818365	0.000000
0	0	670	34.399200	22.693200	-7.863450	21.430700	-9.555889	0.000000
0	0	671	23.070200	19.632800	1.341600	10.030100	1.954604	0.000000
0	0	672	28.075600	19.137400	-15.193300	-2.200690	-19.223139	0.000000
0	0	673	59.127300	2.482640	12.468100	-8.366320	39.369296	0.000000
0	0	674	55.358400	31.621500	2.275670	-12.568800	2.058123	0.000000
0	0	675	42.780500	3.180260	-17.506400	-6.898990	-39.851888	0.000000
0	0	676	58.067600	34.165300	0.138423	19.354300	0.116068	0.000000
0	0	677	25.645900	0.675313	6.593620	1.201540	42.076102	0.000000
0	0	678	66.087200	43.286900	38.838500	6.038280	20.949775	0.000000
0	0	679	48.595100	36.987900	-8.717460	7.557360	-6.630845	0.000000
0	0	680	31.682400	15.607500	-3.801870	10.917100	-6.845099	0.000000
0	0	681	54.190100	9.095180	-20.710200	-12.253000	-33.145317	0.000000
0	0	682	42.925000	-6.369410	20.857900	20.670900	53.490591	0.000000
0	0	683	122.087000	33.443000	-34.571400	18.587500	-22.975242	0.000000
0	0	684	169.548000	23.577400	-27.551700	60.991600	-24.722351	0.000000
0	0	685	163.338000	11.592100	-54.689800	29.817700	-39.016328	0.000000
0	0	686	153.060000	20.769200	-33.544800	84.071000	-29.118178	0.000000
0	0	687	180.264000	-11.521300	-7.684080	85.557100	-73.149435	0.000000
0	0	688	114.277000	46.495800	-40.208000	49.756900	-20.426072	0.000000
0	0	689	51.197700	5.156920	-8.491100	15.721600	-29.364167	0.000000
0	0	690	64.464100	-25.583000	-6.511660	-1.817610	-82.859848	0.000000
0	0	691	95.152900	-18.826200	27.076600	17.285600	62.405330	0.000000
0	0	692	37.222500	22.651300	-16.420900	-5.905880	-17.969984	0.000000
0	0	693	65.894800	4.606580	-21.017200	19.753200	-38.818662	0.000000
0	0	694	40.568900	-1.169830	-15.738700	23.490200	-47.125439	0.000000
0	0	695	54.285200	-3.464950	2.196110	-26.049600	73.816593	0.000000
0	0	696	62.444300	25.834600	-26.799200	1.018490	-23.024960	0.000000
0	0	697	8.328440	0.885856	8.712200	16.670800	42.097061	0.000000
0	0	698	61.312300	-14.346500	-10.155800	11.370500	-72.352778	0.000000
0	0	699	3.565360	-5.508370	25.997800	-17.823000	50.981407	0.000000
0	0	700	54.624100	1.824810	-33.075000	42.000900	-43.421043	0.000000
0	0	701	129.860000	27.745200	26.137200	10.725700	21.645321	0.000000
0	0	702	108.733000	77.509200	-17.554400	-2.403740	-6.380576	0.000000
0	0	703	102.031000	18.540200	1.511540	55.613700	2.330443	0.000000
0	0	704	87.756300	56.423500	-22.972200	49.218200	-11.076574	0.000000
0	0	705	111.857000	75.977500	-4.814100	61.567800	-1.812769	0.000000
0	0	706	34.217000	-20.641700	-14.892200	15.346500	-72.095494	0.000000
0	0	707	17.804500	20.249300	-3.303480	8.191130	-4.632817	0.000000
0	0	708	34.431900	-0.808852	-7.575270	11.465300	-48.047342	0.000000
0	0	709	41.988400	-3.143110	5.922870	-18.798700	58.976853	0.000000
0	0	710	19.540200	-18.453800	-6.512420	8.627890	-80.280929	0.000000
0	0	711	80.755400	32.754600	-32.098900	32.965100	-22.210366	0.000000
0	0	712	50.782500	-0.247100	17.347900	-23.766000	45.408027	0.000000
0	0	713	43.206000	11.515700	-7.898140	10.853100	-17.222303	0.000000
0	0	714	41.879200	6.241740	-5.126520	-2.526520	-19.698621	0.000000
0	0	715	28.728900	2.377880	18.670800	3.907380	41.370992	0.000000
0	0	716	53.016200	51.525000	-25.725000	-20.380200	-13.265841	0.000000
0	0	717	33.163400	7.420020	0.325158	19.871100	1.254597	0.000000
0	0	718	8.567040	-1.371800	-5.484600	30.077500	-52.021317	0.000000
0	0	719	40.850300	1.276610	-28.397900	4.376950	-43.713018	0.000000
0	0	720	35.530200	5.013090	6.970810	-3.026490	27.139013	0.000000
0	0	721	45.103700	41.650000	-19.869900	-27.237000	-12.752168	0.000000
0	0	722	67.566500	27.888400	5.882940	-5.802540	5.955835	0.000000
0	0	723	28.086300	5.705410	-0.456747	5.911170	-2.288528	0.000000
0	0	724	28.661200	7.432660	14.025500	-9.149610	31.039569	0.000000
0	0	725	55.511900	16.387500	-21.209200	11.038100	-26.154087	0.000000
0	0	726	52.715800	57.299400	-14.345400	-34.611600	-7.027791	0.000000
0	0	727	36.882600	-5.298480	-10.844900	1.910840	-58.019346	0.000000
0	0	728	7.986570	30.996100	-34.583200	-18.856300	-24.065441	0.000000
0	0	729	26.305400	6.963810	1.382470	4.786400	5.614244	0.000000
0	0	730	35.931100	20.387100	-23.162100	15.819800	-24.323008	0.000000
0	0	731	50.630600	-3.884480	7.822390	9.205830	58.204148	0.000000
0	0	732	74.409100	20.143900	-9.259000	-2.071910	-12.342770	0.000000
0	0	733	29.696200	23.569300	22.481200	9.719520	21.823222	0.000000
0	0	734	28.050800	-5.815940	-3.954790	-2.265990	-72.892315	0.000000
0	0	735	5.928630	-0.031523	9.987110	22.596500	45.090422	0.000000
0	0	736	44.121900	6.688580	-20.792400	-6.379310	-36.083927	0.000000
0	0	737	22.611300	16.205600	-18.456600	-24.579300	-24.357816	0.000000
0	0	738	40.228700	23.353300	-24.130500	-6.150550	-22.968858	0.000000
0	0	739	72.155100	23.861000	-13.854500	11.811400	-15.070447	0.000000
0	0	740	44.956700	0.548180	11.993300	-9.677330	43.691496	0.000000
0	0	741	16.587100	11.752900	15.365600	-13.109100	26.294104	0.000000
0	0	742	-15.903800	-6.883440	7.072300	33.805600	67.112338	0.000000
0	0	743	33.927300	-4.201500	30.640200	12.405700	48.903960	0.000000
0	0	744	84.271500	19.333800	8.672140	-10.021700	12.079265	0.000000
0	0	745	71.704900	-28.693900	-32.255100	32.248400	-65.828028	0.000000
0	0	746	86.280300	-7.258050	-11.054900	20.422500	-61.643370	0.000000
0	0	747	71.688500	18.163300	-20.683800	35.983400	-24.356147	0.000000
0	0	748	76.273000	2.770110	-44.826500	30.092500	-43.231916	0.000000
0	0	749	49.505500	6.700670	-29.262800	46.062600	-38.551308	0.000000
0	0	750	39.210800	2.032400	1.643170	8.195630	19.477553	0.000000
0	0	751	55.782700	16.863400	3.368740	16.602400	5.648530	0.000000
0	0	752	39.843100	25.565500	-15.455200	41.072200	-15.577183	0.000000
0	0	753	-8.127340	31.502400	18.083600	-6.874560	14.928748	0.000000
0	0	754	51.442900	18.230700	-30.198200	-14.234700	-29.440277	0.000000
0	0	755	47.096300	-14.346000	-9.161520	13.283100	-73.718616	0.000000
0	0	756	10.303400	7.574360	-8.765380	-10.414700	-24.584487	0.000000
0	0	757	24.040100	-11.269400	-4.398540	-10.985500	-79.339444	0.000000
0	0	758	37.931600	-16.357300	3.672320	-3.681410	83.673266	0.000000
0	0	759	12.487500	28.997900	-3.746050	1.700230	-3.680451	0.000000
0	0	760	11.027200	6.814980	2.877560	-1.949920	11.445718	0.000000
0	0	761	33.242700	-9.085640	13.339100	13.376200	62.129945	0.000000
0	0	762	60.267600	36.787800	-15.794200	10.777300	-11.617711	0.000000
0	0	763	19.674100	39.745200	-20.827600	12.505600	-13.827900	0.000000
0	0	764	50.737800	8.350120	-15.987100	-10.648100	-31.210886	0.000000
0	0	765	37.837500	17.888700	3.159500	15.024000	5.008137	0.000000
0	0	766	52.661700	-32.897800	37.458700	28.652800	65.645479	0.000000
0	0	767	31.237900	19.017600	-6.696830	-0.176951	-9.699566	0.000000
0	0	768	34.417800	-33.473600	8.303280	-14.036100	83.034356	0.000000
0	0	769	21.937000	10.173400	-1.067070	-28.955200	-2.993880	0.000000
0	0	770	17.419700	5.342780	-21.548100	16.100000	-38.037268	0.000000
0	0	771	5.474010	-21.908900	-37.672400	-24.114700	-60.090364	0.000000
0	0	772	31.974300	6.183350	20.378700	-41.938700	36.560519	0.000000
0	0	773	28.081400	23.076100	3.515710	-16.756200	4.331281	0.000000
0	0	774	18.843700	30.733200	-29.532800	-5.910610	-21.929456	0.000000
0	0	775	9.670570	5.509730	4.647970	-6.438810	20.075373	0.000000
0	0	776	54.092000	-15.648100	45.926600	3.486700	54.407495	0.000000
0	0	777	23.034800	-6.689300	-8.480910	-22.367200	-64.132268	0.000000
0	0	778	5.924190	13.760300	-5.736440	-17.748500	-11.315221	0.000000
0	0	779	30.115100	-11.072700	-20.159400	-10.644400	-59.389059	0.000000
0	0	780	-19.281400	-23.819000	17.655700	19.747900	71.726258	0.000000
0	0	781	10.570700	-33.897700	21.654400	-2.243830	73.714450	0.000000
0	0	782	12.556000	-14.255100	-23.897300	10.645500	-60.408357	0.000000
0	0	783	19.887000	-2.675230	-8.433900	2.138440	-53.799504	0.000000
0	0	784	16.110700	23.791400	7.461020	-1.423780	8.705753	0.000000
0	0	785	0.878018	3.343460	-9.611610	-44.011200	-35.409721	0.000000
0	0	786	28.244000	29.537900	22.085800	1.572320	18.392927	0.000000
0	0	787	22.137300	-19.306000	6.315990	2.990480	80.942203	0.000000
0	0	788	15.418000	39.509800	13.047000	-0.829020	9.137176	0.000000
0	0	789	29.940000	24.340300	-23.807400	-19.332900	-22.182937	0.000000
0	0	790	50.653800	-26.292500	8.398570	-14.976500	81.142522	0.000000
0	0	791	33.773000	29.342900	-5.564950	-0.530037	-5.369371	0.000000
0	0	792	17.706600	25.385000	-17.930200	7.760430	-17.617364	0.000000
0	0	793	7.699810	-1.330660	14.665200	48.022300	47.592293	0.000000
0	0	794	21.363300	7.728370	10.180700	17.729400	26.398575	0.000000
0	0	795	-15.727800	0.597798	19.279800	15.217700	44.112015	0.000000
0	0	796	1.105890	12.026900	9.457320	40.035200	19.089822	0.000000
0	0	797	-26.742200	-22.321000	-2.600490	24.296100	-86.677380	0.000000
0	0	798	-8.178840	-15.236100	-12.274900	-50.528200	-70.571745	0.000000
0	0	799	32.098300	4.629500	-20.209400	7.475420	-38.548748	0.000000
0	0	800	16.677900	33.167900	-3.568460	-21.152500	-3.070352	0.000000
0	0	801	4.491540	-6.471490	17.533300	12.246300	55.129478	0.000000
0	0	802	28.827500	-7.173470	9.590910	-17.287300	63.397228	0.000000
0	0	803	0.447442	27.427900	4.877820	-2.816700	5.042070	0.000000
0	0	804	-26.234300	6.176920	-30.877000	-7.560010	-39.343678	0.000000
0	0	805	-0.880240	33.251600	-12.430800	6.324570	-10.248894	0.000000
0	0	806	20.283500	25.024700	-31.793300	25.086600	-25.896751	0.000000
0	0	807	94.886400	-14.654400	-12.574800	22.357300	-69.683712	0.000000
0	0	808	53.999100	30.707500	-20.063200	35.867300	-16.579594	0.000000
0	0	809	28.953900	-48.626400	-34.157400	-2.985680	-72.457023	0.000000
0	0	810	50.279800	2.574930	-5.441890	14.747200	-32.338985	0.000000
0	0	811	51.052100	-10.123200	-37.662800	0.159080	-52.522339	0.000000
0	0	812	20.295600	25.955800	-22.068000	-0.284783	-20.185837	0.000000
0	0	813	-2.949820	-4.512110	-49.399800	13.918300	-47.609418	0.000000
0	0	814	28.049800	10.139300	-16.075700	-22.281800	-28.879731	0.000000
0	0	815	43.882900	-26.422300	-11.037100	-1.403460	-78.664387	0.000000
0	0	816	-17.379500	23.838400	-21.058300	-6.031590	-20.728323	0.000000
0	0	817	26.133900	31.425700	19.133700	3.649450	15.667681	0.000000
0	0	818	-3.701260	30.000700	8.878180	-2.031920	8.242597	0.000000
0	0	819	12.556500	8.428870	-14.100600	-9.305230	-29.565210	0.000000
0	0	820	-4.376190	-12.759200	-9.371950	-9.690860	-71.850896	0.000000
0	0	821	13.187700	-17.501800	-3.507930	15.087500	-84.333120	0.000000
0	0	822	-1.523860	14.154600	0.830671	13.396200	1.679292	0.000000
0	0	823	38.714800	56.032600	-5.095930	28.702400	-2.598258	0.000000
0	0	824	17.154900	25.162400	-4.258810	12.121000	-4.803219	0.000000
0	0	825	61.720000	-6.640720	40.163700	14.218000	49.694212	0.000000
0	0	826	48.424800	26.725900	11.226500	23.736800	11.392681	0.000000
0	0	827	21.406600	22.253400	-21.345200	-0.568584	-21.903324	0.000000
0	0	828	41.930700	13.864800	12.801500	11.529300	21.358290	0.000000
0	0	829	-1.967620	4.205920	-2.646690	-6.549370	-16.090638	0.000000
0	0	830	38.742700	8.651520	17.519800	16.321400	31.859601	0.000000
0	0	831	-11.047300	-36.367700	-7.306090	21.454800	-84.320384	0.000000
0	0	832	7.004990	7.944400	33.017700	19.432900	38.235603	0.000000
0	0	833	-4.192580	0.195696	-5.856090	35.933800	-44.043015	0.000000
0	0	834	-13.659100	22.713700	-6.181250	31.127000	-7.611832	0.000000
0	0	835	42.314700	39.840700	-28.811200	21.173400	-17.936474	0.000000
0	0	836	-1.414850	16.573900	-21.565800	-10.292600	-26.228374	0.000000
0	0	837	6.334570	37.690000	26.002700	-13.736000	17.301087	0.000000
0	0	838	2.869730	8.911000	-12.665600	-21.823200	-27.435671	0.000000
0	0	839	-10.316900	7.006120	20.634400	22.948000	35.622902	0.000000
0	0	840	-2.345760	15.124400	39.289500	32.623200	34.472954	0.000000
0	0	841	32.507400	-26.855800	17.027500	-11.368000	73.811949	0.000000
0	0	842	9.116670	15.629700	-6.703620	22.667700	-11.607311	0.000000
0	0	843	-26.956100	-5.021350	23.161200	8.535050	51.116212	0.000000
0	0	844	30.719900	3.324220	6.289310	14.618100	31.070636	0.000000
0	0	845	-3.068240	7.561090	-5.321690	-3.564750	-17.569435	0.000000
0	0	846	-19.805000	24.353300	-2.480660	27.649600	-2.908083	0.000000
0	0	847	-11.750000	52.005100	8.542640	12.851000	4.664204	0.000000
0	0	848	25.068100	6.905690	-16.245900	18.443300	-33.485488	0.000000
0	0	849	29.400100	12.904000	2.476620	13.436200	5.432233	0.000000
0	0	850	-9.447470	4.289610	10.403000	15.181000	33.795757	0.000000
0	0	851	10.369700	16.981500	28.229400	10.082700	29.485416	0.000000
0	0	852	-38.898400	-27.170400	-15.441800	-7.462900	-75.194529	0.000000
0	0	853	-8.279650	-25.376800	-1.191300	5.794100	-88.656127	0.000000
0	0	854	-24.641200	27.639400	8.967200	-21.521600	8.987449	0.000000
0	0	855	-14.480300	8.709350	21.721500	14.265100	34.075711	0.000000
0	0	856	-15.959500	15.770300	6.362790	-7.955350	10.986216	0.000000
0	0	857	3.752010	-17.384200	3.454000	2.715890	84.381234	0.000000
0	0	858	-0.221322	-4.748390	-6.960010	-11.357500	-62.151666	0.000000
0	0	859	-23.049000	-42.805300	0.397443	6.621930	89.734015	0.000000
0	0	860	17.554700	-22.017100	3.805410	-15.186400	85.096972	0.000000
0	0	861	-25.577600	36.957100	-34.099000	-17.096600	-21.348313	0.000000
0	0	862	5.362680	-8.157340	5.852540	-0.424976	72.171095	0.000000
0	0	863	-6.686990	-33.510100	16.716500	3.575870	76.743852	0.000000
0	0	864	25.454200	-1.749020	20.518200	-2.470050	47.436125	0.000000
0	0	865	12.772500	-14.236300	-8.638950	-5.579130	-74.374778	0.000000
0	0	866	21.788600	-0.824100	4.009750	-16.539200	50.806969	0.000000
0	0	867	32.433600	-16.576100	-45.965700	-16.051900	-54.915131	0.000000
0	0	868	118.497000	-8.446210	-90.176700	38.748300	-47.675439	0.000000
0	0	869	88.102900	-13.565700	-74.206100	57.695800	-50.179954	0.000000
0	0	870	67.042400	-35.409700	-41.504400	58.670300	-65.234665	0.000000
0	0	871	91.442000	-25.184300	-84.012300	18.063500	-53.343556	0.000000
0	0	872	102.153000	-60.943900	-75.596400	35.468300	-64.437440	0.000000
0	0	873	57.887400	-32.149300	-13.840200	23.070000	-78.354116	0.000000
0	0	874	-1.406350	-16.944900	-22.043200	-29.385500	-63.774979	0.000000
0	0	875	-10.176400	1.725330	3.130330	21.890700	30.568980	0.000000
0	0	876	-14.475800	3.504270	21.467500	-17.551000	40.364515	0.000000
0	0	877	30.796300	8.433260	25.850500	-17.983200	35.966009	0.000000
0	0	878	-2.698660	8.443310	7.182320	-7.058220	20.193111	0.000000
0	0	879	0.546303	-7.086680	4.135840	4.753280	74.865921	0.000000
0	0	880	-13.497000	45.808100	-9.976370	6.518840	-6.143187	0.000000
0	0	881	22.751500	3.120350	-14.792000	38.940600	-39.044091	0.000000
0	0	882	28.805200	-5.635770	-35.110300	7.761580	-49.559555	0.000000
0	0	883	27.625500	1.170200	5.295190	9.682160	38.769162	0.000000
0	0	884	-6.214540	-9.520060	10.967500	5.676200	65.479393	0.000000
0	0	885	-14.283800	9.626740	-29.075400	-21.473300	-35.840257	0.000000
0	0	886	48.658700	-21.358600	-6.368690	-5.258020	-81.698257	0.000000
0	0	887	-16.334500	-7.671180	-12.803200	11.825900	-60.464202	0.000000
0	0	888	5.262190	-10.418300	-24.893100	1.575010	-56.355182	0.000000
0	0	889	5.425620	-18.316100	2.033660	20.537500	86.832163	0.000000
0	0	890	21.848400	-41.268300	29.826900	46.707400	72.071132	0.000000
0	0	891	8.645420	5.267160	29.544900	-3.303620	39.945854	0.000000
0	0	892	4.212650	-25.483600	-11.521500	22.580000	-77.835797	0.000000
0	0	893	-11.459700	-4.515720	2.633290	42.099900	74.875947	0.000000
0	0	894	26.533200	-22.334400	-26.190000	11.432200	-65.228499	0.000000
0	0	895	-12.152700	-25.171400	7.738000	9.277110	81.455962	0.000000
0	0	896	-5.076670	-3.811960	-1.727050	27.412300	-77.813289	0.000000
0	0	897	12.583100	-22.831300	17.064100	36.865000	71.612792	0.000000
0	0	898	5.482440	-14.681600	16.885400	10.565200	65.503233	0.000000
0	0	899	23.988900	-17.859000	5.777550	7.289630	81.036565	0.000000
0	0	900	-5.284640	-13.122900	-1.421420	9.659340	-86.909026	0.000000
0	0	901	-12.288000	-2.032040	13.294700	24.822500	49.345084	0.000000
0	0	902	15.017800	-10.206700	-5.007200	6.466350	-76.934184	0.000000
0	0	903	-32.378600	36.884600	32.542100	14.577300	20.710464	0.000000
0	0	904	-20.565100	2.987890	1.068790	19.734800	9.841250	0.000000
0	0	905	9.654210	-26.389400	13.320800	-36.045400	76.608170	0.000000
0	0	906	-16.425000	8.643290	-8.167510	30.958900	-21.689423	0.000000
0	0	907	23.627300	1.631330	-8.542440	3.022820	-39.594265	0.000000
0	0	908	3.995400	-30.670700	-24.090300	2.521930	-70.926069	0.000000
0	0	909	-21.990100	-25.791400	-14.835400	20.468700	-75.046088	0.000000
0	0	910	31.468100	28.525100	-16.133400	18.528600	-14.745948	0.000000
0	0	911	3.786450	-2.459550	-17.572400	13.187700	-48.983868	0.000000
0	0	912	26.283400	-15.885100	-12.020900	21.926400	-71.441864	0.000000
0	0	913	6.063230	34.885000	-7.291450	-12.273300	-5.902828	0.000000
0	0	914	25.406900	17.509400	19.708600	16.776600	24.190829	0.000000
0	0	915	28.499300	5.709990	20.785600	12.763700	37.319627	0.000000
0	0	916	6.734890	17.754700	-2.294230	3.552260	-3.681429	0.000000
0	0	917	9.091670	24.115000	-12.289300	13.824000	-13.501975	0.000000
0	0	918	50.552300	1.906290	1.742210	27.404700	21.212517	0.000000
0	0	919	-19.947300	11.418200	33.347400	-8.719410	35.549359	0.000000
0	0	920	-1.804780	-10.170400	10.655500	-3.424990	66.832822	0.000000
0	0	921	40.155300	-5.026840	-41.195200	28.311700	-48.478558	0.000000
0	0	922	22.777400	-5.663080	-6.817260	23.016000	-64.858162	0.000000
0	0	923	25.730000	18.166400	-26.468200	24.978000	-27.768158	0.000000
0	0	924	-2.351100	-10.911800	24.397000	19.989900	57.048527	0.000000
0	0	925	35.521000	-14.524600	-33.695400	-14.323000	-56.659371	0.000000
0	0	926	22.113400	20.333900	3.355530	16.958300	4.685291	0.000000
0	0	927	-2.243940	10.069600	-10.636400	-0.807901	-23.284003	0.000000
0	0	928	41.781800	16.515000	7.112630	-5.899040	11.650216	0.000000
0	0	929	60.457500	-10.266000	-21.459600	-0.400847	-57.782930	0.000000
0	0	930	31.046400	-14.406700	8.242050	34.648100	75.113098	0.000000
0	0	931	64.087200	2.004100	-1.070320	44.685800	-14.052561	0.000000
0	0	932	95.672300	13.385900	-3.872610	27.186300	-8.067715	0.000000
0	0	933	86.873500	14.000900	-9.035610	7.574690	-16.418274	0.000000
0	0	934	56.558800	23.274300	-9.766670	53.237100	-11.382270	0.000000
0	0	935	54.326100	20.144400	4.065810	55.114300	5.705448	0.000000
0	0	936	45.833900	10.066200	30.433900	4.101260	35.849024	0.000000
0	0	937	47.500300	-9.468680	-4.615640	38.186500	-77.006218	0.000000
0	0	938	25.385700	3.061080	-21.975600	1.578510	-41.035020	0.000000
0	0	939	23.418000	-21.021400	-6.584280	35.338800	-81.304253	0.000000
0	0	940	67.471900	10.835900	40.769600	-15.927600	37.557909	0.000000
0	0	941	38.150500	26.612800	-10.326100	-0.781023	-10.603439	0.000000
0	0	942	40.410700	5.494160	-25.567300	11.350600	-38.936069	0.000000
0	0	943	52.478000	18.902500	-16.668500	14.736200	-20.703159	0.000000
0	0	944	60.374000	6.319850	-42.867800	53.203900	-40.806747	0.000000
0	0	945	19.672700	-5.977840	6.276370	31.705100	66.802235	0.000000
0	0	946	32.636800	24.184700	3.021620	24.609200	3.560797	0.000000
0	0	947	59.017000	16.909000	-14.175700	12.721600	-19.987433	0.000000
0	0	948	73.782700	22.844900	7.028280	35.524900	8.550311	0.000000
0	0	949	44.890600	0.248648	-16.037600	21.117100	-44.555877	0.000000
0	0	950	48.334700	31.992800	6.550600	-9.166460	5.785753	0.000000
0	0	951	45.232700	24.488700	-8.494740	40.618600	-9.565423	0.000000
0	0	952	25.079700	18.752500	-11.139700	3.952690	-15.355963	0.000000
0	0	953	9.274710	26.855900	-17.888000	36.630200	-16.833264	0.000000
0	0	954	39.931200	37.572300	4.819040	9.541190	3.654439	0.000000
0	0	955	-16.788700	8.343680	-8.773340	4.994010	-23.218949	0.000000
0	0	956	21.498200	20.130100	-12.547800	40.226500	-15.968370	0.000000
0	0	957	46.985800	11.035900	-3.178910	-30.728600	-8.034568	0.000000
0	0	958	35.911600	39.859000	-16.347600	-18.404300	-11.150143	0.000000
0	0	959	59.714700	-22.442500	15.222300	-13.571800	72.925869	0.000000
0	0	960	35.219200	24.590200	16.173200	12.217900	16.666643	0.000000
0	0	961	44.075000	24.207600	-9.578980	13.159400	-10.794386	0.000000
0	0	962	21.441300	26.493200	-8.372580	14.844400	-8.768985	0.000000
0	0	963	32.731500	29.390400	31.814200	26.093500	23.633910	0.000000
0	0	964	26.642800	6.149440	8.173200	-10.912400	26.521268	0.000000
0	0	965	48.711300	27.593200	-22.817400	42.460300	-19.794032	0.000000
0	0	966	37.585900	-7.216430	-23.929200	-18.370800	-53.390979	0.000000
0	0	967	41.972500	18.650900	9.673260	3.090620	13.706721	0.000000
0	0	968	38.100300	12.063800	27.532600	19.448600	33.169344	0.000000
0	0	969	55.822300	49.255800	-24.873300	17.020300	-13.396480	0.000000
0	0	970	47.535400	17.642000	3.437340	14.308200	5.512646	0.000000
0	0	971	42.554500	21.385300	-1.610860	14.966900	-2.153851	0.000000
0	0	972	38.877700	28.797600	13.023100	10.641000	12.166923	0.000000
0	0	973	41.632600	18.217300	-27.239800	12.697600	-28.113190	0.000000
0	0	974	41.912600	23.055900	-21.783400	41.697800	-21.687216	0.000000
0	0	975	65.065200	18.193800	2.667450	10.296800	4.170444	0.000000
0	0	976	47.969000	-1.697290	-11.951500	9.365890	-49.041400	0.000000
0	0	977	59.265000	33.779600	-26.414800	-23.878200	-19.012258	0.000000
0	0	978	26.741300	16.396800	26.065600	-11.495500	28.913843	0.000000
0	0	979	31.798100	56.507500	22.495400	9.718700	10.853648	0.000000
0	0	980	29.268500	20.727400	-18.729400	-5.110110	-21.050576	0.000000
0	0	981	42.593800	5.356110	-20.363300	2.014070	-37.631710	0.000000
0	0	982	45.137800	11.166600	-13.142200	-37.692900	-24.823136	0.000000
0	0	983	45.722000	1.242210	-24.847800	37.450500	-43.569004	0.000000
0	0	984	67.195600	12.041700	-14.892000	-14.914200	-25.520465	0.000000
0	0	985	73.029300	51.391300	-20.476500	0.255084	-10.862230	0.000000
0	0	986	10.680700	24.865900	-12.321700	0.741023	-13.179806	0.000000
0	0	987	49.754700	32.151400	23.818000	-4.049670	18.265664	0.000000
0	0	988	69.586300	5.488300	32.729400	-18.035500	40.240399	0.000000
0	0	989	38.702000	-42.268200	14.252400	-1.504900	80.683213	0.000000
0	0	990	47.238300	22.568800	11.980600	-25.135000	13.980752	0.000000
0	0	991	6.982510	61.172300	-8.570840	28.466700	-3.987891	0.000000
0	0	992	41.582100	55.257000	-28.359500	-17.026700	-13.584107	0.000000
0	0	993	48.190300	6.180010	-52.561400	1.248150	-41.647062	0.000000
0	0	994	27.984800	57.458100	17.582000	-4.447170	8.506974	0.000000
0	0	995	45.702500	39.271300	-43.971700	14.132900	-24.115916	0.000000
0	0	996	48.299700	7.980280	-35.028900	-20.913000	-38.582964	0.000000
0	0	997	58.839200	-4.445050	-40.930200	11.354800	-48.099037	0.000000
0	0	998	67.756900	-4.638200	-17.295600	21.712700	-52.505962	0.000000
0	0	999	54.720800	16.844000	-34.365500	-0.455786	-31.944276	0.000000
0	0	1000	60.327400	-10.969800	-23.823900	19.533800	-57.361938	0.000000
0	0	1001	60.071500	29.705400	19.233300	-27.371200	16.460885	0.000000
0	0	1002	50.899400	1.515290	16.201500	-1.736740	42.328399	0.000000
0	0	1003	23.771800	9.696440	-11.308600	0.721329	-24.694455	0.000000
0	0	1004	57.668900	44.460800	-52.928700	1.685840	-24.984651	0.000000
0	0	1005	52.413200	34.099600	-1.086140	17.480200	-0.912184	0.000000
0	0	1006	56.013300	20.199100	-20.020000	-37.631600	-22.372429	0.000000
0	0	1007	62.884100	40.393400	-0.366004	-1.739240	-0.259571	0.000000
0	0	1008	39.319800	21.421100	-7.931710	-22.803200	-10.159180	0.000000
0	0	1009	76.589800	2.924210	32.746600	-20.625300	42.448565	0.000000
0	0	1010	106.052000	49.096400	4.332730	-12.196300	2.521628	0.000000
0	0	1011	46.271300	-2.329880	-36.037900	-11.973200	-46.849536	0.000000
0	0	1012	52.612100	24.312200	-17.509400	-22.134100	-17.880525	0.000000
0	0	1013	27.568900	2.032130	-13.932200	9.261560	-40.850721	0.000000
0	0	1014	49.798600	39.258600	-20.961500	-28.962800	-14.049636	0.000000
0	0	1015	72.053000	32.538500	0.378696	-30.270300	0.333400	0.000000
0	0	1016	62.488100	44.642600	-10.830400	-25.238500	-6.818317	0.000000
0	0	1017	60.242000	17.655700	3.390600	-24.122500	5.435367	0.000000
0	0	1018	99.646700	27.154100	1.221930	-23.378700	1.288281	0.000000
0	0	1019	45.583800	-29.160500	1.255190	-12.024300	88.767636	0.000000
0	0	1020	63.966200	41.706900	13.933400	-13.531200	9.236696	0.000000
0	0	1021	72.783200	0.887960	-36.212800	-32.077900	-44.297677	0.000000
0	0	1022	41.695200	46.495100	-25.500900	-39.370000	-14.371597	0.000000
0	0	1023	52.770300	10.395800	-12.165700	-42.506000	-24.742771	0.000000
