0	0	0	26.840100	-1.579750	-9.533660	-3.359340	-49.704278	0.000000
0	0	1	38.950600	-0.059804	-18.820200	-29.538000	-45.091033	0.000000
0	0	2	88.692000	44.514000	-38.965400	-19.462900	-20.598666	0.000000
0	0	3	-3.872860	-0.126178	-5.107260	-27.863500	-45.707620	0.000000
0	0	4	-0.369549	51.460700	-16.270800	4.386350	-8.772934	0.000000
0	0	5	30.092300	-18.871400	-30.673500	-27.506000	-60.800635	0.000000
0	0	6	39.830400	-10.141400	-10.289400	-10.938400	-67.292479	0.000000
0	0	7	47.940900	20.099600	-14.660500	6.136770	-18.053368	0.000000
0	0	8	64.302200	1.893960	-45.943100	19.417000	-43.819687	0.000000
0	0	9	46.197600	0.185209	8.431030	-8.927170	44.370777	0.000000
0	0	10	56.218300	9.862890	-35.373400	-2.781710	-37.210174	0.000000
0	0	11	39.721900	7.868770	-12.169800	-49.370300	-28.557015	0.000000
0	0	12	45.707000	30.587700	-3.072820	-7.846260	-2.868325	0.000000
0	0	13	3.002040	9.160390	-25.254300	-4.044230	-35.031489	0.000000
0	0	14	44.089400	-15.212600	8.508490	-17.075000	75.390739	0.000000
0	0	15	53.993200	34.551200	-42.165900	-12.852600	-25.334217	0.000000
0	0	16	26.034800	25.896400	-52.951300	9.540300	-31.969280	0.000000
0	0	17	68.519400	4.135830	-19.166000	-57.596200	-38.911433	0.000000
0	0	18	33.564200	0.060936	2.296580	-34.920000	44.240050	0.000000
0	0	19	53.887100	-20.500400	-26.213100	-33.613200	-64.013894	0.000000
0	0	20	45.489400	14.932300	-25.271700	-4.915980	-29.711208	0.000000
0	0	21	52.740900	16.321000	-41.645000	-15.794500	-34.299700	0.000000
0	0	22	55.186900	17.095300	-32.698500	-0.742356	-31.199355	0.000000
0	0	23	64.088900	-6.990510	-5.897570	-23.021500	-69.923611	0.000000
0	0	24	15.890800	12.774700	-38.753500	-20.128700	-35.877859	0.000000
0	0	25	71.483000	11.266900	-26.478700	-9.056740	-33.474928	0.000000
0	0	26	56.730700	17.227300	-48.715900	20.903300	-35.262493	0.000000
0	0	27	60.340600	20.387400	-62.761900	-37.381500	-36.002138	0.000000
0	0	28	51.412800	5.651900	-14.530700	-14.718600	-34.372911	0.000000
0	0	29	62.845100	-3.430140	-16.387300	12.209600	-50.911146	0.000000
0	0	30	64.194000	-11.050400	-12.374600	3.414020	-65.882275	0.000000
0	0	31	29.144200	29.153900	-1.149700	-25.876400	-1.129160	0.000000
0	0	32	27.817100	11.143100	0.425580	4.980680	1.093596	0.000000
0	0	33	49.594000	7.730450	-23.916500	-24.107000	-36.043893	0.000000
0	0	34	50.889600	-26.805600	11.206400	21.364300	78.656027	0.000000
0	0	35	25.128500	28.498800	1.518610	-17.326900	1.525112	0.000000
0	0	36	29.582300	26.024900	-22.704900	16.976500	-20.551208	0.000000
0	0	37	8.533710	2.652690	-24.366100	6.523890	-41.893395	0.000000
0	0	38	30.991900	-17.178100	-10.542900	-19.689100	-74.230432	0.000000
0	0	39	48.193100	-1.538670	-37.962200	1.958570	-46.160511	0.000000
0	0	40	68.695300	-12.504600	-22.050800	18.382000	-59.778384	0.000000
0	0	41	92.374200	34.210500	13.178600	1.498290	10.533864	0.000000
0	0	42	11.479800	21.075900	-14.395200	-22.607000	-17.166872	0.000000
0	0	43	75.511000	-9.096200	-1.754670	-12.548800	-84.540836	0.000000
0	0	44	35.913300	-2.966990	4.789530	-3.566360	60.888572	0.000000
0	0	45	52.489700	21.199500	-8.600320	16.951300	-11.040829	0.000000
0	0	46	-1.195610	-9.352770	-28.511300	5.367770	-54.080710	0.000000
0	0	47	28.510500	30.744700	17.390100	-8.231270	14.746884	0.000000
0	0	48	18.088100	24.692000	-45.112900	20.139900	-30.653221	0.000000
0	0	49	54.364400	5.443750	-2.764040	4.757630	-13.459491	0.000000
0	0	50	39.910600	3.719950	-45.704000	-11.308600	-42.673413	0.000000
0	0	51	68.792000	11.077400	12.377900	-53.655600	24.086783	0.000000
0	0	52	17.892700	11.668200	15.807400	-10.537500	26.783593	0.000000
0	0	53	45.146100	-10.286100	-32.306300	-45.444800	-53.830556	0.000000
0	0	54	33.605900	-3.189220	-43.861300	1.601980	-47.079371	0.000000
0	0	55	47.048200	16.411000	-9.924610	-3.951900	-15.581799	0.000000
0	0	56	55.781400	44.301300	-1.353330	-29.405200	-0.874873	0.000000
0	0	57	15.452100	22.997500	-34.333800	-13.046500	-28.092497	0.000000
0	0	58	105.349000	11.859900	-2.969860	-44.131300	-7.029226	0.000000
0	0	59	81.556400	-10.706300	30.054100	10.514900	54.803820	0.000000
0	0	60	26.751900	9.710330	-25.570000	-39.968800	-34.602743	0.000000
0	0	61	65.597500	42.099600	-37.402600	-31.392200	-20.809444	0.000000
0	0	62	50.244800	8.256500	-58.154400	28.547300	-40.959704	0.000000
0	0	63	43.980000	-21.029000	-36.525100	-48.772300	-59.965401	0.000000
0	0	64	63.599900	-6.664880	-38.219100	-21.931200	-49.946057	0.000000
0	0	65	93.909800	2.096250	7.056980	-15.945300	36.728071	0.000000
0	0	66	51.468000	3.098270	0.184114	-42.143200	1.700395	0.000000
0	0	67	64.731500	22.072800	-3.079580	-32.310800	-3.971296	0.000000
0	0	68	68.575300	26.288600	-51.170400	-12.343100	-31.404169	0.000000
0	0	69	37.658600	3.429270	-33.100600	-37.286600	-42.042588	0.000000
0	0	70	78.867600	6.881670	-28.962400	-66.192500	-38.316988	0.000000
0	0	71	54.673000	17.978600	-24.628900	-22.001600	-26.935655	0.000000
0	0	72	65.038900	6.660380	-51.392100	-55.726500	-41.307833	0.000000
0	0	73	72.008000	0.353609	-48.071400	-38.390700	-44.789272	0.000000
0	0	74	51.313700	2.415730	-26.732700	-46.409200	-42.418214	0.000000
0	0	75	74.792100	-8.519370	-26.356500	-43.341000	-53.956350	0.000000
0	0	76	62.256300	-6.902690	-16.226800	-9.132510	-56.522165	0.000000
0	0	77	58.831200	-8.527440	1.891330	-24.304500	83.747304	0.000000
0	0	78	67.401800	-4.053610	-28.686100	-43.647500	-49.021584	0.000000
0	0	79	35.399800	-31.515800	-18.798000	11.507600	-74.592749	0.000000
0	0	80	82.130900	-8.591350	-3.607320	-9.618060	-78.611765	0.000000
0	0	81	40.844700	4.276260	-18.330700	-64.731000	-38.434328	0.000000
0	0	82	71.357500	17.492100	-20.780600	-28.606600	-24.955478	0.000000
0	0	83	15.999300	-11.186600	-7.033480	-42.677000	-73.920360	0.000000
0	0	84	96.076600	22.067200	18.065000	-43.765500	19.652492	0.000000
0	0	85	70.182900	-0.102171	-3.149990	-31.336500	-45.928878	0.000000
0	0	86	67.830500	-2.875380	-14.262900	-7.224160	-50.698986	0.000000
0	0	87	81.363100	-4.446160	-13.983800	-6.529520	-53.819051	0.000000
0	0	88	98.628400	-4.033740	-64.312000	-42.285100	-46.794486	0.000000
0	0	89	85.910300	-33.572200	-5.270520	-17.054800	-85.538962	0.000000
0	0	90	56.426700	15.532200	-27.448500	-7.150300	-30.247956	0.000000
0	0	91	69.084700	-26.350200	-26.678000	-30.313400	-67.322912	0.000000
0	0	92	57.587600	-27.109900	-38.660300	-19.070900	-62.519714	0.000000
0	0	93	46.858500	-15.375200	-43.472000	-14.404000	-54.738848	0.000000
0	0	94	70.528200	-22.468800	-4.584990	-28.558100	-84.233276	0.000000
0	0	95	93.420500	-51.704700	-7.378600	-25.826700	-85.939176	0.000000
0	0	96	69.459800	-20.262000	13.454200	-20.359200	73.207692	0.000000
0	0	97	23.939700	-19.392400	-17.325800	-41.017400	-69.110682	0.000000
0	0	98	31.466600	-37.514100	-18.141500	-12.757600	-77.095992	0.000000
0	0	99	16.297900	-4.451980	10.903300	1.347510	56.105463	0.000000
0	0	100	39.393400	-21.212700	-39.800800	-38.117600	-59.028176	0.000000
0	0	101	35.792000	-11.228700	-54.629700	-13.930900	-50.807464	0.000000
0	0	102	30.644000	-6.526280	-45.848200	-0.305673	-49.050683	0.000000
0	0	103	57.626300	-17.046800	-18.403000	-38.409000	-66.404554	0.000000
0	0	104	37.921300	-13.176900	-42.356000	-4.044390	-53.640427	0.000000
0	0	105	72.015200	-55.246500	-23.125200	-30.146600	-78.643342	0.000000
0	0	106	48.064000	-1.501400	-39.445600	-19.835200	-46.089886	0.000000
0	0	107	64.861700	-1.883640	-44.523000	4.234950	-46.211287	0.000000
0	0	108	62.640700	-7.430050	-56.615500	-16.868900	-48.738300	0.000000
0	0	109	58.388800	-26.687100	-8.476200	23.330900	-81.189708	0.000000
0	0	110	81.221900	-26.670500	-24.930400	28.494400	-68.465706	0.000000
0	0	111	46.555700	-14.468900	-26.620200	-20.543900	-59.262722	0.000000
0	0	112	63.445800	0.643638	-41.511300	-17.919300	-44.555846	0.000000
0	0	113	65.147200	-20.639800	-18.314300	-8.868580	-69.208208	0.000000
0	0	114	82.663700	8.330850	-49.790400	5.231600	-40.250675	0.000000
0	0	115	51.448000	5.183810	-47.920800	-4.411940	-41.913032	0.000000
0	0	116	72.071900	-6.098600	-59.852100	-18.678200	-47.909023	0.000000
0	0	117	49.414000	29.991200	-18.295700	-47.170600	-15.692339	0.000000
0	0	118	44.088100	13.535200	-7.390680	-17.236200	-14.318021	0.000000
0	0	119	71.714000	9.981430	-7.669970	-8.650390	-18.769769	0.000000
0	0	120	47.004200	-2.413210	-30.943300	-35.593000	-47.229682	0.000000
0	0	121	52.441900	-2.527180	-30.064500	-1.288550	-47.402454	0.000000
0	0	122	54.712100	9.100960	-7.687200	-54.099800	-20.093190	0.000000
0	0	123	14.680000	-15.759100	2.843920	-32.816400	84.885192	0.000000
0	0	124	24.647400	41.352300	-30.526900	-14.821600	-18.217655	0.000000
0	0	125	36.467500	24.015300	-25.314500	-8.919780	-23.254326	0.000000
0	0	126	70.979900	47.157800	-35.019400	-0.730978	-18.298797	0.000000
0	0	127	71.017400	16.571100	-40.286600	32.331400	-33.820574	0.000000
0	0	128	78.529900	22.387900	-23.067100	11.262500	-22.928032	0.000000
0	0	129	73.606100	9.226790	-24.356800	6.739840	-34.626210	0.000000
0	0	130	57.388200	-2.330950	-26.977900	29.131400	-47.469109	0.000000
0	0	131	62.722300	0.086496	-81.329300	-22.798100	-44.969532	0.000000
0	0	132	79.540100	22.411900	-36.291500	-46.339500	-29.151250	0.000000
0	0	133	43.775500	1.913830	-38.413500	-7.949210	-43.573890	0.000000
0	0	134	63.146300	62.174500	-31.980100	0.500789	-13.609748	0.000000
0	0	135	91.435600	17.399000	-24.724000	-38.015200	-27.432416	0.000000
0	0	136	98.582200	25.271700	-48.784500	21.498100	-31.307306	0.000000
0	0	137	85.746700	7.850720	-17.402600	22.244100	-32.859375	0.000000
0	0	138	94.597100	22.308200	-2.849180	-1.798040	-3.639176	0.000000
0	0	139	64.183000	-28.029300	-73.541600	19.342900	-55.431805	0.000000
0	0	140	114.422000	14.037100	-30.807300	-11.760100	-32.751999	0.000000
0	0	141	114.343000	21.002100	-42.047800	20.586400	-31.729359	0.000000
0	0	142	120.069000	25.509900	-41.375400	1.371760	-29.172098	0.000000
0	0	143	128.890000	33.625000	-63.972400	-3.691570	-31.136404	0.000000
0	0	144	120.439000	13.696000	-39.280800	9.397410	-35.388958	0.000000
0	0	145	114.790000	30.485400	18.719300	24.299200	15.775825	0.000000
0	0	146	116.364000	13.750700	-1.835590	11.374500	-3.801750	0.000000
0	0	147	97.322500	23.260200	-64.422100	-1.917720	-35.073705	0.000000
0	0	148	149.466000	12.811500	-27.341600	4.036770	-32.446771	0.000000
0	0	149	129.166000	47.448700	-42.303100	2.474970	-20.859371	0.000000
0	0	150	118.018000	3.395170	-7.024070	28.041000	-32.101316	0.000000
0	0	151	114.304000	46.084400	-26.495400	8.110540	-14.947989	0.000000
0	0	152	111.751000	11.384400	5.626780	-2.230870	13.150524	0.000000
0	0	153	119.513000	25.493600	-27.472700	14.902500	-23.569938	0.000000
0	0	154	142.099000	28.713800	2.785890	0.349306	2.770823	0.000000
0	0	155	101.384000	40.199600	-9.397780	8.478220	-6.579090	0.000000
0	0	156	92.188000	11.358300	1.138300	21.294600	2.861465	0.000000
0	0	157	147.313000	43.457300	-4.751480	13.667000	-3.119874	0.000000
0	0	158	123.829000	-9.117560	-18.796300	11.230500	-57.938364	0.000000
0	0	159	174.536000	-2.162960	-10.557600	36.380800	-50.789053	0.000000
0	0	160	126.884000	14.695800	-26.837500	30.807100	-30.647784	0.000000
0	0	161	119.951000	-4.543180	29.289000	21.153400	49.408600	0.000000
0	0	162	94.726900	3.308920	-16.596300	18.274900	-39.362198	0.000000
0	0	163	108.248000	-6.218510	-23.663700	3.843030	-52.361840	0.000000
0	0	164	102.693000	-20.141600	-21.809700	6.754970	-66.361480	0.000000
0	0	165	113.393000	-17.601900	-48.965100	0.390025	-54.886210	0.000000
0	0	166	78.821100	26.227300	-12.398700	1.653800	-12.650993	0.000000
0	0	167	114.296000	-11.186000	-26.565300	38.310400	-56.417386	0.000000
0	0	168	81.268400	9.485820	-31.080200	24.560200	-36.513785	0.000000
0	0	169	116.111000	-6.929850	-11.413700	8.032060	-60.632056	0.000000
0	0	170	131.722000	1.647740	-53.878000	0.535254	-44.124140	0.000000
0	0	171	150.742000	16.405700	-31.579400	44.513500	-31.273918	0.000000
0	0	172	83.822100	24.533600	-27.095300	6.737820	-23.920274	0.000000
0	0	173	113.087000	-11.968400	-49.704200	19.900500	-51.769331	0.000000
0	0	174	134.428000	24.360700	-44.690200	31.692600	-30.702564	0.000000
0	0	175	126.086000	-13.511300	-82.000400	39.469700	-49.678310	0.000000
0	0	176	114.281000	11.847900	-38.910000	40.524900	-36.532385	0.000000
0	0	177	129.138000	-16.670400	-29.425400	23.602700	-59.766448	0.000000
0	0	178	119.077000	-1.645830	-50.548400	-9.439830	-45.932431	0.000000
0	0	179	143.535000	-1.393990	-63.040900	19.111200	-45.633372	0.000000
0	0	180	152.780000	-26.445800	-32.241100	10.824300	-64.680178	0.000000
0	0	181	136.741000	-15.288700	-46.546900	-2.495090	-54.091589	0.000000
0	0	182	129.555000	7.413930	-73.265000	29.093800	-42.110859	0.000000
0	0	183	125.460000	-13.915800	-53.932900	7.325310	-52.233968	0.000000
0	0	184	117.216000	-11.429200	-39.586600	5.256040	-53.052081	0.000000
0	0	185	144.894000	-11.156300	-89.768700	58.156100	-48.542149	0.000000
0	0	186	152.441000	2.896860	-59.184300	-3.928830	-43.598906	0.000000
0	0	187	126.792000	-17.994100	-30.316800	-3.711980	-60.345320	0.000000
0	0	188	115.533000	-51.885600	-38.936800	17.219000	-71.557067	0.000000
0	0	189	106.281000	-13.224500	-56.051300	2.719580	-51.637672	0.000000
0	0	190	102.992000	-9.695780	-61.329800	17.290600	-49.491840	0.000000
0	0	191	75.369500	10.130300	-50.987800	4.974950	-39.381380	0.000000
0	0	192	125.238000	15.594900	-22.981700	17.774300	-27.920003	0.000000
0	0	193	98.193100	11.439000	-47.128900	34.496500	-38.178573	0.000000
0	0	194	99.869500	-8.837420	-7.568640	26.012400	-69.711114	0.000000
0	0	195	55.172000	-25.752900	-11.783100	3.156450	-77.706896	0.000000
0	0	196	112.156000	2.152390	-43.736100	36.475200	-43.591284	0.000000
0	0	197	61.051300	-1.042970	-45.222100	62.323800	-45.660597	0.000000
0	0	198	127.792000	5.306360	-16.017800	-1.704690	-35.835527	0.000000
0	0	199	71.828600	2.841590	5.232850	1.420510	30.748375	0.000000
0	0	200	64.936100	24.188000	-7.806990	25.904400	-8.944078	0.000000
0	0	201	58.134200	4.325720	-32.895300	-1.024700	-41.254305	0.000000
0	0	202	65.756000	12.973200	-20.387100	13.197900	-28.764813	0.000000
0	0	203	100.901000	1.076770	-20.980900	14.824800	-43.531038	0.000000
0	0	204	107.320000	9.313510	-28.042900	-11.728000	-35.813911	0.000000
0	0	205	120.254000	11.299000	-18.605600	13.936000	-29.365049	0.000000
0	0	206	80.275400	3.965770	-15.488600	-1.148850	-37.819137	0.000000
0	0	207	80.056400	-1.562030	-25.204100	28.308300	-46.773192	0.000000
0	0	208	113.529000	5.544090	-20.665300	-19.285100	-37.491154	0.000000
0	0	209	112.695000	-9.450180	-1.579330	-18.658700	-85.256157	0.000000
0	0	210	128.758000	0.544125	-30.824800	50.998700	-44.494355	0.000000
0	0	211	154.308000	15.236300	-46.145200	10.492100	-35.863861	0.000000
0	0	212	121.869000	23.380500	-40.027900	16.043600	-29.855291	0.000000
0	0	213	144.546000	47.222800	-28.995400	19.964300	-15.775227	0.000000
0	0	214	120.572000	-12.400400	-5.421080	42.422000	-78.193253	0.000000
0	0	215	125.962000	7.025200	-17.835900	0.370863	-34.250762	0.000000
0	0	216	143.567000	27.584400	-46.206200	20.616000	-29.581720	0.000000
0	0	217	122.816000	26.825700	-24.683800	18.470900	-21.309432	0.000000
0	0	218	155.509000	29.888800	-8.974540	15.133500	-8.356568	0.000000
0	0	219	138.443000	11.923800	-23.074500	32.101700	-31.336119	0.000000
0	0	220	128.363000	5.450510	-48.698900	24.819000	-41.806941	0.000000
0	0	221	125.491000	30.261800	-27.521100	19.612800	-21.142220	0.000000
0	0	222	104.281000	-15.702000	-13.899500	15.953700	-69.242281	0.000000
0	0	223	124.029000	8.875890	-4.719500	25.960400	-14.000266	0.000000
0	0	224	110.841000	14.934000	-42.737000	8.914190	-35.369282	0.000000
0	0	225	160.066000	-22.075600	-27.984300	30.285400	-64.134188	0.000000
0	0	226	149.896000	14.741000	-26.946700	56.336800	-30.659725	0.000000
0	0	227	151.920000	58.421800	-50.766000	18.470900	-20.494610	0.000000
0	0	228	142.946000	32.784400	-3.920980	38.903400	-3.410060	0.000000
0	0	229	165.466000	6.064840	-3.363280	35.412600	-14.505363	0.000000
0	0	230	174.767000	28.791100	-19.874200	-0.791211	-17.308460	0.000000
0	0	231	132.993000	3.041740	-8.790060	38.534600	-35.456086	0.000000
0	0	232	168.835000	4.328730	-8.655750	28.248600	-31.715211	0.000000
0	0	233	156.257000	33.869400	-15.155800	56.377700	-12.053725	0.000000
0	0	234	199.405000	15.605000	-69.919100	49.467600	-38.709277	0.000000
0	0	235	152.522000	8.118660	-16.082900	11.547300	-31.607661	0.000000
0	0	236	130.078000	10.832900	-39.662800	14.093300	-37.361838	0.000000
0	0	237	160.791000	7.196040	-3.390090	9.642930	-12.612678	0.000000
0	0	238	132.084000	5.895590	-42.175700	31.732700	-41.021196	0.000000
0	0	239	193.221000	30.223800	-43.820800	5.369770	-27.702722	0.000000
0	0	240	102.167000	-7.026790	-33.901800	30.191200	-50.854914	0.000000
0	0	241	151.123000	21.301300	-24.600600	-0.581192	-24.555595	0.000000
0	0	242	150.753000	7.085990	-16.534000	3.731950	-33.400719	0.000000
0	0	243	157.659000	15.808200	-28.835900	46.959900	-30.633949	0.000000
0	0	244	143.806000	27.123600	-19.053700	38.726700	-17.543576	0.000000
0	0	245	137.431000	2.932140	-11.745000	22.504000	-37.991314	0.000000
0	0	246	180.791000	-14.004900	-46.024800	53.982000	-53.462248	0.000000
0	0	247	164.093000	3.071330	-10.628400	0.492154	-36.941044	0.000000
0	0	248	143.000000	19.026400	14.139000	20.772400	18.308488	0.000000
0	0	249	176.369000	31.609900	-47.399500	12.861500	-28.150685	0.000000
0	0	250	160.654000	-0.939907	-38.769500	46.761400	-45.694388	0.000000
0	0	251	153.789000	20.387600	-15.279400	29.999500	-18.424784	0.000000
0	0	252	172.792000	15.768700	0.371808	-5.250180	0.675359	0.000000
0	0	253	133.567000	17.317900	-39.113000	62.981200	-33.058937	0.000000
0	0	254	156.240000	5.707380	-12.979700	-14.560600	-33.132073	0.000000
0	0	255	165.621000	31.416100	-29.602400	9.759260	-21.648727	0.000000
0	0	256	153.259000	1.015490	-20.247300	16.059900	-43.564387	0.000000
0	0	257	158.791000	24.192300	-5.908620	17.146900	-6.862487	0.000000
0	0	258	182.323000	11.332700	6.115930	-33.219700	14.177226	0.000000
0	0	259	167.374000	1.407420	-18.922400	45.566100	-42.873129	0.000000
0	0	260	202.182000	29.410100	-41.549000	14.517700	-27.353781	0.000000
0	0	261	182.060000	13.044400	-21.541900	2.858570	-29.401789	0.000000
0	0	262	170.314000	-12.452700	-56.410700	8.030190	-51.224218	0.000000
0	0	263	161.936000	-17.715600	-27.624500	-29.130600	-61.336032	0.000000
0	0	264	199.349000	-9.451850	8.350970	6.607290	69.269258	0.000000
0	0	265	174.945000	-16.600900	-39.677200	0.684503	-56.352192	0.000000
0	0	266	169.168000	-29.140800	-48.033600	16.197000	-60.622078	0.000000
0	0	267	178.362000	-9.465730	-35.145100	3.711630	-52.536971	0.000000
0	0	268	183.604000	-0.013339	5.970120	19.526200	45.064009	0.000000
0	0	269	158.464000	-26.702200	-62.950200	-6.309820	-56.492837	0.000000
0	0	270	176.663000	-15.602600	-29.081100	28.616500	-59.107230	0.000000
0	0	271	140.494000	-0.352724	-56.010100	29.743100	-45.180408	0.000000
0	0	272	180.073000	-4.403790	-31.786200	3.345920	-48.943890	0.000000
0	0	273	129.192000	5.197050	-24.136500	21.156800	-38.924322	0.000000
0	0	274	167.276000	16.666500	-32.670200	-7.524150	-31.485940	0.000000
0	0	275	153.620000	26.281900	-34.326000	-25.716100	-26.280158	0.000000
0	0	276	224.048000	0.097902	-24.614100	-20.832100	-44.886055	0.000000
0	0	277	175.474000	22.210800	-69.010800	-29.940100	-36.079737	0.000000
0	0	278	170.240000	27.415100	-6.018720	3.259490	-6.191147	0.000000
0	0	279	189.226000	25.385600	-27.861800	-15.250300	-23.831273	0.000000
0	0	280	173.342000	-3.551680	-19.352800	0.879864	-50.199680	0.000000
0	0	281	184.455000	-1.607320	-41.980100	-17.886900	-46.096325	0.000000
0	0	282	173.892000	-25.677800	-52.296400	-17.254800	-58.075637	0.000000
0	0	283	138.667000	12.058700	-60.889900	-7.435510	-39.399015	0.000000
0	0	284	201.139000	44.912000	-48.310800	-26.370300	-23.544008	0.000000
0	0	285	192.448000	37.265900	-56.559800	-17.429800	-28.310034	0.000000
0	0	286	195.398000	16.791900	-44.301500	-26.072700	-34.620723	0.000000
0	0	287	181.469000	6.943850	-62.829700	-10.797700	-41.846673	0.000000
0	0	288	184.492000	23.895300	-62.912300	-20.985100	-34.601131	0.000000
0	0	289	187.683000	-4.827420	-40.721700	-24.014800	-48.380335	0.000000
0	0	290	198.064000	16.109400	-23.936100	-1.368090	-28.029390	0.000000
0	0	291	185.485000	4.561120	-45.974700	-3.772800	-42.167131	0.000000
0	0	292	201.845000	22.727300	-91.222100	-15.476100	-38.005004	0.000000
0	0	293	194.227000	7.527820	-45.025400	-12.009500	-40.254238	0.000000
0	0	294	218.915000	5.775660	-58.671700	-9.946200	-42.188950	0.000000
0	0	295	169.979000	13.221800	-81.570700	-3.766880	-40.396499	0.000000
0	0	296	198.179000	49.920100	-34.655100	10.425000	-17.384410	0.000000
0	0	297	155.060000	35.194000	-30.231700	38.914000	-20.331315	0.000000
0	0	298	217.895000	51.960700	-78.310400	24.497600	-28.217419	0.000000
0	0	299	198.736000	35.346500	-73.862200	15.977700	-32.213358	0.000000
0	0	300	196.922000	52.193900	-32.432300	-11.914700	-15.928017	0.000000
0	0	301	191.664000	14.010500	-55.520500	-1.894730	-37.918599	0.000000
0	0	302	198.623000	47.470500	-11.965200	21.839000	-7.073516	0.000000
0	0	303	168.886000	6.481070	-14.837800	16.354500	-33.202279	0.000000
0	0	304	182.332000	16.377900	-41.933900	39.438700	-34.333070	0.000000
0	0	305	194.629000	22.293900	-50.395600	57.714800	-33.068230	0.000000
0	0	306	232.683000	66.058800	-35.252200	27.983000	-14.043279	0.000000
0	0	307	205.074000	23.628400	-32.597000	31.149400	-27.031493	0.000000
0	0	308	202.936000	30.703900	-33.692500	32.307400	-23.828579	0.000000
0	0	309	219.599000	6.085430	-69.630100	25.654300	-42.502619	0.000000
0	0	310	171.798000	13.546000	-42.233300	27.844400	-36.108382	0.000000
0	0	311	196.009000	16.771800	-68.283900	16.630100	-38.100132	0.000000
0	0	312	197.843000	-15.512200	-24.344500	57.609400	-61.252547	0.000000
0	0	313	217.321000	14.182000	-37.378600	51.007900	-34.611253	0.000000
0	0	314	207.117000	40.369300	-34.595000	55.825300	-20.297678	0.000000
0	0	315	222.387000	21.642600	-58.583800	78.451900	-34.862135	0.000000
0	0	316	221.948000	14.257500	-77.328800	75.522300	-39.776704	0.000000
0	0	317	227.462000	16.602100	-40.578100	47.416800	-33.874298	0.000000
0	0	318	199.242000	22.320000	-65.933300	60.583000	-35.648905	0.000000
0	0	319	213.515000	45.802600	-19.373400	106.760000	-11.463598	0.000000
0	0	320	216.926000	42.240000	-21.519000	73.031600	-13.498194	0.000000
0	0	321	238.127000	-15.192000	14.897500	107.564000	67.780381	0.000000
0	0	322	233.586000	-53.645000	31.218900	68.345900	74.901291	0.000000
0	0	323	232.734000	7.317850	-8.620990	99.290000	-24.837018	0.000000
0	0	324	245.622000	-46.729000	-10.466900	91.203800	-83.687313	0.000000
0	0	325	211.201000	-18.075200	19.301800	110.419000	66.560200	0.000000
0	0	326	221.946000	-12.476900	8.915710	84.366000	72.225630	0.000000
0	0	327	246.822000	0.539525	42.921500	103.079000	44.639914	0.000000
0	0	328	237.405000	14.600600	61.983000	113.746000	38.372574	0.000000
0	0	329	266.807000	12.286300	36.210700	66.182400	35.628956	0.000000
0	0	330	225.184000	10.077100	41.192800	104.062000	38.126781	0.000000
0	0	331	193.656000	19.675200	59.960700	97.276200	35.916765	0.000000
0	0	332	215.278000	32.697700	35.035500	101.322000	23.488385	0.000000
0	0	333	223.649000	-16.269900	75.975900	82.701800	51.043539	0.000000
0	0	334	208.053000	-11.094600	66.918400	59.604000	49.706804	0.000000
0	0	335	215.121000	-29.779700	34.982000	100.752000	65.203649	0.000000
0	0	336	204.054000	-7.119190	53.968900	85.332400	48.757330	0.000000
0	0	337	217.133000	-6.019410	43.982800	81.375300	48.896494	0.000000
0	0	338	224.224000	12.038100	70.977300	102.996000	40.186978	0.000000
0	0	339	191.500000	-22.414200	47.188500	95.351600	57.703692	0.000000
0	0	340	239.246000	-17.009300	100.445000	71.603800	49.805629	0.000000
0	0	341	198.757000	-21.890200	65.410800	85.957700	54.251596	0.000000
0	0	342	226.295000	-22.565400	97.537100	89.766700	51.513156	0.000000
0	0	343	208.057000	-47.362500	36.685000	55.105400	71.120072	0.000000
0	0	344	224.380000	-36.600900	80.140500	94.837900	57.273307	0.000000
0	0	345	214.417000	-49.918900	72.036600	55.239700	62.360318	0.000000
0	0	346	234.549000	-72.087200	72.007200	71.955100	67.515905	0.000000
0	0	347	172.643000	-58.843800	88.551500	28.441000	61.802317	5.460950
0	0	348	201.629000	-90.574800	69.911500	10.883800	71.168357	5.015400
0	0	349	235.239000	-88.376300	86.386800	35.913000	67.826113	4.663150
0	0	350	202.428000	-78.923500	69.815200	18.618500	69.252121	5.459200
0	0	351	264.459000	-59.253300	40.024500	-7.519580	72.980853	0.000000
0	0	352	223.367000	-95.169600	45.761700	11.600500	77.159860	5.396780
0	0	353	193.674000	-84.720400	71.533900	38.800600	69.911917	5.183560
0	0	354	210.066000	-64.918700	95.942400	-7.935100	62.041975	5.010670
0	0	355	204.411000	-117.175000	98.085300	1.977610	70.033922	3.760710
0	0	356	218.897000	-63.821200	46.650000	-3.127890	71.917563	0.000000
0	0	357	203.499000	-87.000500	92.043200	-14.235600	66.693356	4.556740
0	0	358	208.756000	-35.690200	27.037400	-5.548410	71.426978	0.000000
0	0	359	196.413000	-91.708500	15.942000	-19.199900	85.069311	0.000000
0	0	360	171.158000	-38.187500	34.691600	-47.018600	68.873143	0.000000
0	0	361	236.870000	-70.471000	29.786300	-6.741220	78.543728	0.000000
0	0	362	168.779000	-88.704100	45.511700	-48.705300	76.419427	0.000000
0	0	363	209.201000	-87.985600	26.342000	-29.284900	81.666416	0.000000
0	0	364	203.076000	-62.666700	45.177800	-48.565900	72.105669	0.000000
0	0	365	200.980000	-53.914800	74.312900	-47.199300	62.980642	0.000000
0	0	366	214.991000	-101.699000	77.557000	-98.738200	71.335189	4.485880
0	0	367	208.734000	-99.540300	21.327400	-70.278800	83.953355	0.000000
0	0	368	217.742000	-74.312100	13.561300	-33.210400	84.828917	0.000000
0	0	369	197.829000	-110.813000	13.719500	-45.874600	86.471129	5.070800
0	0	370	193.129000	-118.872000	42.862100	-57.482900	80.086018	4.497680
0	0	371	230.991000	-87.313900	26.567700	-93.878200	81.538074	0.000000
0	0	372	194.846000	-68.046400	-0.798779	-59.118500	-89.663725	0.000000
0	0	373	153.211000	-70.129400	18.261400	-89.331300	82.702273	0.000000
0	0	374	152.183000	-74.449700	7.801890	-22.549500	87.008788	0.000000
0	0	375	145.925000	-82.387500	-14.821600	-60.958000	-84.900758	0.000000
0	0	376	159.724000	-101.113000	1.330080	-85.314700	89.623176	0.000000
0	0	377	187.085000	-58.582700	11.352100	-44.522400	84.516600	0.000000
0	0	378	133.231000	-72.535200	4.781880	-57.526500	88.114118	0.000000
0	0	379	131.800000	-72.765300	6.853250	-34.773800	87.309793	0.000000
0	0	380	196.852000	-53.276900	-27.441000	-61.360100	-76.374323	0.000000
0	0	381	158.460000	-90.556800	-30.958200	-73.451300	-80.563119	0.000000
0	0	382	179.968000	-68.398000	-0.705777	-77.470300	-89.704402	0.000000
0	0	383	187.658000	-31.451000	-28.671700	-45.626600	-68.823368	0.000000
0	0	384	183.644000	-28.427300	24.282200	-112.829000	69.748257	0.000000
0	0	385	143.963000	-62.313300	9.309560	-110.576000	85.751450	0.000000
0	0	386	126.271000	-21.986400	-18.678100	-53.117900	-69.825555	0.000000
0	0	387	123.955000	-59.487200	-18.710000	-65.548700	-81.270260	0.000000
0	0	388	137.974000	-32.650300	7.222410	-41.659700	83.763372	0.000000
0	0	389	178.746000	-70.696100	-2.696590	-75.215100	-88.907801	0.000000
0	0	390	144.333000	-62.583500	18.761800	-75.920400	81.655943	0.000000
0	0	391	129.673000	-20.224400	-5.476920	-44.266300	-82.423654	0.000000
0	0	392	144.679000	-28.814000	-28.707100	-74.777300	-67.553241	0.000000
0	0	393	144.307000	-21.333700	-19.845700	-78.295300	-68.534729	0.000000
0	0	394	157.488000	-38.401500	4.986590	-86.073700	86.300656	0.000000
0	0	395	126.245000	-31.656700	-28.771000	-81.341400	-68.867030	0.000000
0	0	396	177.510000	-12.827200	19.978400	-52.018800	61.351315	0.000000
0	0	397	151.221000	-34.856500	12.276800	-94.516500	80.298619	0.000000
0	0	398	96.849300	-14.784400	27.236600	-92.112500	59.246858	0.000000
0	0	399	137.833000	-55.345800	19.241700	-94.181100	80.414658	0.000000
0	0	400	113.133000	-45.532100	11.999900	-40.227700	82.617764	0.000000
0	0	401	129.536000	-24.132200	-6.022250	-81.242600	-82.993946	0.000000
0	0	402	100.485000	-29.292000	18.532100	-82.222300	73.839894	0.000000
0	0	403	175.281000	-21.619000	11.881700	-84.282800	75.603507	0.000000
0	0	404	193.770000	0.295878	7.087210	-79.004200	43.804697	0.000000
0	0	405	141.112000	-72.412700	27.400300	-79.013400	79.636909	0.000000
0	0	406	147.240000	-47.288600	15.718900	-77.447100	80.806504	0.000000
0	0	407	118.137000	-51.664100	8.732380	-74.293000	85.203207	0.000000
0	0	408	159.931000	-61.152200	47.365700	-89.221600	71.120137	0.000000
0	0	409	140.228000	-37.147500	19.532800	-68.336000	76.131914	0.000000
0	0	410	163.060000	-61.920000	44.052300	-65.491600	72.285236	0.000000
0	0	411	99.767700	-60.326200	34.965900	-94.875200	74.951413	0.000000
0	0	412	162.538000	-55.194500	35.717300	-85.276200	73.546204	0.000000
0	0	413	156.699000	-21.370500	30.370600	-99.438500	62.566211	0.000000
0	0	414	163.789000	-82.662200	33.610000	-105.506000	78.936804	0.000000
0	0	415	133.301000	-42.534100	3.180330	-52.067100	87.861939	0.000000
0	0	416	159.211000	-40.738900	-19.043900	-55.672200	-77.472842	0.000000
0	0	417	143.652000	-13.801400	2.442850	-86.353700	84.981299	0.000000
0	0	418	119.029000	-47.716400	3.158980	-96.417400	88.106181	0.000000
0	0	419	127.259000	-32.862700	18.938700	-95.365600	75.022625	0.000000
0	0	420	126.804000	35.292000	-48.229900	-102.540000	-26.902689	0.000000
0	0	421	152.489000	20.024200	-7.172330	-73.129800	-9.853333	0.000000
0	0	422	127.548000	9.784730	9.108470	-68.211100	21.475020	0.000000
0	0	423	102.615000	-46.865000	27.194000	-80.132800	74.937508	0.000000
0	0	424	189.044000	-42.229000	4.147500	-57.074500	87.195357	0.000000
0	0	425	166.431000	-43.467000	9.424010	-51.478400	83.883561	0.000000
0	0	426	107.271000	-70.060600	0.143186	-52.553200	89.941451	0.000000
0	0	427	89.325000	-16.323900	-8.284020	-49.566200	-76.546605	0.000000
0	0	428	146.467000	-70.889100	43.888400	-58.024800	74.118895	0.000000
0	0	429	81.953500	-42.816500	10.208000	-21.156500	83.295143	0.000000
0	0	430	124.336000	-14.077800	15.621100	-61.610700	66.012653	0.000000
0	0	431	83.718700	-55.777100	-0.152934	-36.623800	-89.921451	0.000000
0	0	432	148.268000	-23.222400	-7.222320	-63.595400	-81.361980	0.000000
0	0	433	97.607100	-41.278300	11.887500	-55.586500	81.967217	0.000000
0	0	434	95.683500	-49.875200	5.092880	-37.322700	87.084797	0.000000
0	0	435	106.974000	-73.002200	-9.471340	-32.919000	-86.303856	0.000000
0	0	436	100.187000	-36.588100	36.084900	-64.404200	67.698360	0.000000
0	0	437	63.191000	-4.197220	-3.258870	-51.259300	-71.086486	0.000000
0	0	438	74.462800	-30.641900	24.179600	-29.753300	70.861470	0.000000
0	0	439	101.759000	-62.690900	-13.436500	-77.750300	-83.951426	0.000000
0	0	440	93.325100	-20.203400	31.399400	-15.619000	61.379277	0.000000
0	0	441	33.390800	-46.701100	-15.063400	-63.742600	-81.061469	0.000000
0	0	442	101.086000	-10.555300	-12.063000	-42.958300	-65.593198	0.000000
0	0	443	122.550000	-43.149100	33.792800	-38.961400	70.966625	0.000000
0	0	444	108.620000	-42.991700	2.829590	-41.132200	88.117194	0.000000
0	0	445	55.018600	-15.775200	30.890400	-39.874400	58.526313	0.000000
0	0	446	63.299000	-34.340500	7.111000	-32.055300	84.150460	0.000000
0	0	447	63.428600	-21.202400	1.081380	-22.158900	88.540145	0.000000
0	0	448	78.372800	-10.102900	-49.733800	-16.706200	-50.741395	0.000000
0	0	449	92.528200	-40.217100	42.112200	-46.244100	66.840684	0.000000
0	0	450	95.025500	-27.164300	-13.466500	-25.721100	-76.815213	0.000000
0	0	451	63.654200	-42.714500	6.681480	-13.699700	85.554865	0.000000
0	0	452	93.043200	-16.696000	-31.342100	-1.704580	-59.022159	0.000000
0	0	453	48.569700	-33.584100	5.983320	35.723300	84.949107	0.000000
0	0	454	59.873800	-21.751300	-6.159880	14.633700	-82.094047	0.000000
0	0	455	75.994500	-6.473800	-5.672420	-18.675900	-69.387387	0.000000
0	0	456	50.084200	-19.325600	18.202000	-39.985300	68.357480	0.000000
0	0	457	58.737700	-13.627600	0.275885	-17.420600	89.420115	0.000000
0	0	458	41.990100	-40.910000	-27.431200	-5.498100	-73.078569	0.000000
0	0	459	41.153100	-1.724950	-4.287720	-27.593400	-55.957463	0.000000
0	0	460	40.361000	-23.048700	6.321140	-10.013400	82.331814	0.000000
0	0	461	70.354200	6.540640	-46.451100	-48.871800	-40.992523	0.000000
0	0	462	39.484400	20.327200	19.343800	-6.181160	21.789996	0.000000
0	0	463	84.087600	-6.046860	-17.165500	-4.165600	-54.702870	0.000000
0	0	464	30.479100	0.261588	5.806030	-19.901200	43.710155	0.000000
0	0	465	40.311900	-21.144900	-28.266100	-21.305400	-63.399451	0.000000
0	0	466	50.133700	-5.445170	-10.880500	-12.412600	-58.292887	0.000000
0	0	467	53.472600	-21.065000	-1.992760	-2.201550	-87.297936	0.000000
0	0	468	69.808100	15.900700	-9.757310	15.630100	-15.767477	0.000000
0	0	469	44.993900	17.219100	7.705790	-39.387100	12.054594	0.000000
0	0	470	65.028300	19.833300	1.249550	-2.075920	1.802510	0.000000
0	0	471	40.312000	8.518340	-25.371200	-5.825470	-35.720303	0.000000
0	0	472	18.564400	-5.647080	-33.055000	8.006490	-49.847377	0.000000
0	0	473	55.950400	-15.323100	-24.266200	-26.794500	-61.135357	0.000000
0	0	474	16.258900	-22.359800	-31.847600	-45.927100	-62.536106	0.000000
0	0	475	37.554700	-21.199600	13.323900	15.260100	73.925366	0.000000
0	0	476	24.792600	-18.495200	8.226380	-18.685900	78.010619	0.000000
0	0	477	36.105500	-12.656900	-9.533740	2.910470	-71.505657	0.000000
0	0	478	31.386100	-55.530800	2.929410	-2.675320	88.490141	0.000000
0	0	479	55.588000	-33.502400	0.779503	-11.147800	89.333568	0.000000
0	0	480	-10.082700	16.093900	-21.072800	-23.315700	-26.314996	0.000000
0	0	481	37.560700	7.534650	-2.813130	-19.339000	-10.236787	0.000000
0	0	482	17.780600	-7.282870	-10.557300	-9.641400	-62.299773	0.000000
0	0	483	69.366000	1.673860	25.996700	-2.693420	43.157979	0.000000
0	0	484	43.186000	26.850300	-23.014100	7.914290	-20.300375	0.000000
0	0	485	18.434200	-12.527600	6.521130	-10.782400	76.250586	0.000000
0	0	486	9.100120	5.590540	-40.001000	-18.402200	-41.021938	0.000000
0	0	487	61.108500	-31.929300	-16.737600	-20.368300	-76.168052	0.000000
0	0	488	44.164400	4.172290	12.002000	-34.581400	35.415434	0.000000
0	0	489	20.679400	18.834200	-13.926400	-13.443000	-18.239997	0.000000
0	0	490	64.510300	-9.924630	-46.943000	9.036700	-50.968806	0.000000
0	0	491	-12.526100	-4.013000	-12.913700	-8.521950	-53.631453	0.000000
0	0	492	25.341500	3.899290	-12.291200	-15.763100	-36.199382	0.000000
0	0	493	31.742000	-3.573890	-24.568200	-25.713200	-49.138327	0.000000
0	0	494	-0.538209	-24.565800	-17.713600	-49.950700	-72.102926	0.000000
0	0	495	27.887200	11.748300	-11.285100	-6.623230	-21.923971	0.000000
0	0	496	25.135600	-21.170000	2.636620	-6.251360	86.450324	0.000000
0	0	497	39.086700	-15.301700	5.582180	-21.807700	79.978817	0.000000
0	0	498	64.892300	-0.520059	2.419570	-27.542700	51.065259	0.000000
0	0	499	53.031600	14.625600	-30.772800	-31.485000	-32.289670	0.000000
0	0	500	-9.891790	43.519600	-22.595700	21.478700	-13.719338	0.000000
0	0	501	38.925900	-0.224314	-12.635500	-16.450600	-45.508523	0.000000
0	0	502	51.364000	25.066400	2.037460	-22.744200	2.323465	0.000000
0	0	503	56.525300	36.699700	-51.167700	-1.694670	-27.175132	0.000000
0	0	504	71.358700	-11.171800	6.731190	45.862300	74.465179	0.000000
0	0	505	8.698730	-25.639300	-21.996600	11.361700	-69.686439	0.000000
0	0	506	29.593500	-22.545800	-27.475300	12.560800	-64.685883	0.000000
0	0	507	37.757400	1.456070	-26.091000	-30.187100	-43.402893	0.000000
0	0	508	62.575400	48.576600	22.807600	0.965735	12.575456	0.000000
0	0	509	58.664700	21.898800	-39.595300	11.295100	-30.527263	0.000000
0	0	510	36.481900	4.546160	12.255900	12.800000	34.824174	0.000000
0	0	511	-0.264097	-5.484210	-14.798500	9.704230	-55.167159	0.000000
0	0	512	49.489600	12.208200	-10.780100	-6.430700	-20.722594	0.000000
0	0	513	37.120100	14.262000	-8.721380	-10.331700	-15.723137	0.000000
0	0	514	31.023200	-2.338780	13.167200	-12.680600	50.035964	0.000000
0	0	515	7.505860	-28.394600	-24.351500	-8.570780	-69.691636	0.000000
0	0	516	25.951400	-16.507600	-12.342000	23.584400	-71.608083	0.000000
0	0	517	13.560100	13.322300	-10.427600	-28.525400	-19.025458	0.000000
0	0	518	-10.767600	13.653600	-27.908600	24.953500	-31.965469	0.000000
0	0	519	32.352700	12.511800	-27.971600	-23.624400	-32.950428	0.000000
0	0	520	58.981000	40.033900	-20.690700	-6.172510	-13.665627	0.000000
0	0	521	40.501800	20.168500	-39.784800	3.197470	-31.558867	0.000000
0	0	522	54.493000	2.742630	-15.077500	-0.541058	-39.845248	0.000000
0	0	523	22.630900	21.483300	-28.020400	-9.116600	-26.261271	0.000000
0	0	524	21.796800	6.188050	11.731300	12.130200	31.094579	0.000000
0	0	525	46.808800	25.184300	-13.274700	18.783300	-13.896907	0.000000
0	0	526	38.553600	-11.595000	-7.832950	-28.726400	-72.979592	0.000000
0	0	527	-16.800000	18.476100	-36.136900	-10.806600	-31.460108	0.000000
0	0	528	14.236500	0.895017	-32.610100	11.221000	-44.213927	0.000000
0	0	529	37.077900	3.000030	-33.504900	-28.406400	-42.441689	0.000000
0	0	530	-18.171600	15.410100	2.112180	3.801100	3.902297	0.000000
0	0	531	25.519500	6.461660	-3.370080	-28.297100	-13.772151	0.000000
0	0	532	5.248670	6.251280	-7.974780	-33.393300	-25.953885	0.000000
0	0	533	33.260000	2.137420	-20.121600	-8.990640	-41.968243	0.000000
0	0	534	17.293500	-35.854100	-38.683900	-18.984800	-66.412918	0.000000
0	0	535	30.482200	-12.284700	10.672800	-6.089640	69.508140	0.000000
0	0	536	40.366500	-7.141440	-19.181400	21.765200	-55.210418	0.000000
0	0	537	27.990700	-10.001000	-21.265500	3.815250	-57.593619	0.000000
0	0	538	13.591800	40.355000	-27.850800	15.893600	-17.305651	0.000000
0	0	539	52.445600	6.939510	-7.996500	0.349575	-24.523977	0.000000
0	0	540	24.991300	-14.839500	-18.607100	-11.148400	-64.286498	0.000000
0	0	541	28.759900	-7.671400	-27.348600	-7.951530	-52.834518	0.000000
0	0	542	19.545600	-0.463203	9.257070	-31.127300	46.432282	0.000000
0	0	543	51.121300	-28.454900	28.756000	30.544300	67.349228	0.000000
0	0	544	23.111300	-10.659500	0.921782	-5.314500	87.528817	0.000000
0	0	545	11.816200	21.697600	20.072100	-17.709000	21.385708	0.000000
0	0	546	26.813400	22.353500	1.167220	-9.389440	1.494533	0.000000
0	0	547	17.684100	-9.237790	-5.564870	13.969000	-74.467563	0.000000
0	0	548	22.557600	22.706300	-14.446900	0.786171	-16.233294	0.000000
0	0	549	7.520320	10.313300	-10.957800	-28.934900	-23.367746	0.000000
0	0	550	14.067900	-12.853000	-10.984000	18.378700	-69.741624	0.000000
0	0	551	25.197200	1.943590	-9.346480	23.581100	-39.126412	0.000000
0	0	552	51.176800	10.425500	-8.446530	15.258600	-19.506847	0.000000
0	0	553	3.161380	-0.938253	25.505400	-0.736703	46.053379	0.000000
0	0	554	9.669410	-19.547600	-13.537100	11.524400	-72.648316	0.000000
0	0	555	-18.257100	-4.449090	-20.633000	-32.115700	-51.084184	0.000000
0	0	556	-22.465700	-20.719800	-3.085170	-43.873900	-85.765453	0.000000
0	0	557	16.650500	-17.515400	-4.320030	4.736000	-83.072495	0.000000
0	0	558	43.016100	0.692265	3.393530	-11.752300	39.235057	0.000000
0	0	559	25.238800	-13.438900	21.599600	15.207500	60.944582	0.000000
0	0	560	5.683960	-5.195550	28.662100	19.740200	50.137192	0.000000
0	0	561	24.349600	-28.509700	-15.088400	4.569770	-76.055266	0.000000
0	0	562	39.447800	14.991000	-3.225030	-11.906600	-6.070529	0.000000
0	0	563	5.491510	-24.899000	-9.522940	20.947800	-79.535005	0.000000
0	0	564	8.045600	-9.266570	-22.512600	-21.686700	-56.186451	0.000000
0	0	565	22.557900	14.313400	4.551850	3.712300	8.820675	0.000000
0	0	566	49.056700	4.832560	3.899080	21.265200	19.448907	0.000000
0	0	567	17.779200	-15.558000	-15.857400	-31.920300	-67.226984	0.000000
0	0	568	29.561300	-10.059700	-8.251760	0.857622	-70.319346	0.000000
0	0	569	30.296900	39.700600	-47.457400	-2.157200	-25.042877	0.000000
0	0	570	-4.917000	-8.687320	13.787000	-23.829600	61.107710	0.000000
0	0	571	0.719738	-34.624100	-8.419110	13.548800	-83.166665	0.000000
0	0	572	3.150830	16.876000	-19.968200	-14.446700	-24.898692	0.000000
0	0	573	11.545300	12.734900	-14.090700	-4.750710	-23.946670	0.000000
0	0	574	-5.779930	-15.206100	10.091500	17.269300	73.214917	0.000000
0	0	575	17.230200	-17.325800	-9.269990	-18.494200	-75.925726	0.000000
0	0	576	3.476350	0.756485	6.929020	-1.114580	41.884667	0.000000
0	0	577	-11.195700	-5.098370	-18.198900	-59.116800	-52.825032	0.000000
0	0	578	12.832900	-9.234040	-23.314400	5.378750	-55.803416	0.000000
0	0	579	-23.472400	12.716200	-10.517800	13.185700	-19.797384	0.000000
0	0	580	-6.391410	4.986840	8.271180	28.245900	29.456743	0.000000
0	0	581	-18.949000	18.923300	-9.810290	31.887700	-13.701650	0.000000
0	0	582	22.475000	3.449550	15.819200	-21.128000	38.849297	0.000000
0	0	583	-3.501740	-19.457600	-4.726910	29.438300	-83.172715	0.000000
0	0	584	29.268700	34.138500	13.420800	3.109870	10.730589	0.000000
0	0	585	29.220200	-13.335400	2.323540	-45.003400	85.058047	0.000000
0	0	586	11.357800	28.205100	-12.848000	-17.217500	-12.245118	0.000000
0	0	587	18.461600	35.771400	4.742620	21.516300	3.776153	0.000000
0	0	588	13.084900	-0.414763	-10.164500	-0.602815	-46.168331	0.000000
0	0	589	-30.146900	7.056230	2.687740	7.973260	10.425997	0.000000
0	0	590	4.914660	14.440400	1.446240	-26.200800	2.859618	0.000000
0	0	591	-1.220010	-17.857300	-10.853600	-10.105900	-74.354461	0.000000
0	0	592	29.129100	-13.038700	-3.659680	-17.603200	-82.160861	0.000000
0	0	593	-1.338090	17.098500	-13.119400	13.389100	-18.749219	0.000000
0	0	594	10.260200	-7.308760	-28.350100	-13.911100	-52.228141	0.000000
0	0	595	-29.030600	-11.646200	0.594345	-22.226600	88.539268	0.000000
0	0	596	7.570030	16.058800	22.943400	-2.488830	27.505314	0.000000
0	0	597	1.648450	12.223100	5.923260	-1.105640	12.927311	0.000000
0	0	598	31.685800	-22.636100	-38.603200	6.734010	-60.193229	0.000000
0	0	599	-3.585520	42.382600	-0.771630	12.821400	-0.521514	0.000000
0	0	600	0.816108	2.589850	-11.080100	3.017980	-38.421972	0.000000
0	0	601	-1.483830	20.389000	33.924500	23.536700	29.496833	0.000000
0	0	602	21.891600	16.294000	-29.769300	-12.075400	-30.653121	0.000000
0	0	603	18.508000	-30.461700	-0.753696	12.748000	-89.291327	0.000000
0	0	604	-12.230400	-0.336167	0.344707	19.324500	67.140697	0.000000
0	0	605	10.456600	24.078500	36.393800	16.706600	28.255491	0.000000
0	0	606	-9.732550	-27.873400	19.628200	-5.176260	72.423567	0.000000
0	0	607	-33.241800	19.807100	-26.076000	21.032600	-26.390008	0.000000
0	0	608	-5.547620	-16.581200	15.658500	0.637134	68.319679	0.000000
0	0	609	6.020720	12.089900	-6.991550	-37.797700	-15.020328	0.000000
0	0	610	-9.685990	-2.985430	17.106200	3.391800	49.949870	0.000000
0	0	611	-9.627200	29.730300	-15.261900	4.590640	-13.586734	0.000000
0	0	612	-27.942500	2.414400	-28.437700	5.060950	-42.573574	0.000000
0	0	613	3.252850	7.102870	6.062450	-11.050200	20.240729	0.000000
0	0	614	-10.218700	-15.988900	0.399805	-8.780570	89.283804	0.000000
0	0	615	-6.969130	17.664300	31.557900	23.030900	30.381202	0.000000
0	0	616	-12.942300	-1.797840	-4.432160	-31.198300	-56.039603	0.000000
0	0	617	4.569050	-5.321240	-6.729190	-23.830000	-64.167941	0.000000
0	0	618	0.268078	-3.387310	26.640600	0.817738	48.623093	0.000000
0	0	619	-18.251000	-7.515000	4.514990	40.079200	74.501338	0.000000
0	0	620	22.066600	16.882200	-37.147000	23.768500	-32.779812	0.000000
0	0	621	-17.370000	28.246400	23.501500	-16.817400	19.880525	0.000000
0	0	622	-12.452700	1.995280	1.881980	1.056920	21.663099	0.000000
0	0	623	-14.219500	0.050815	-18.767000	-5.045530	-44.922431	0.000000
0	0	624	-10.443500	-30.115000	-20.635100	3.468190	-72.790333	0.000000
0	0	625	18.596800	10.559400	-4.717880	-6.919870	-12.037410	0.000000
0	0	626	20.255000	-17.858000	4.657600	0.393504	82.691078	0.000000
0	0	627	-1.591310	-11.926400	31.651600	24.945500	55.323266	0.000000
0	0	628	-7.627620	-41.712300	-2.915980	-3.580840	-88.000566	0.000000
0	0	629	12.100900	0.200108	6.807630	4.452650	44.158147	0.000000
0	0	630	-1.187510	3.186240	7.079930	-11.362500	32.885214	0.000000
0	0	631	16.056800	-8.838390	13.618700	-14.443700	61.491569	0.000000
0	0	632	-34.797000	22.171000	-0.022311	-35.642100	-0.028828	0.000000
0	0	633	-28.051300	-11.216500	-3.643390	6.415540	-81.002476	0.000000
0	0	634	-11.600800	-15.346300	47.316800	-16.248800	53.984740	0.000000
0	0	635	8.599720	-3.518940	1.276400	15.980000	80.031567	0.000000
0	0	636	20.628500	19.768600	-16.549800	-2.985980	-19.967633	0.000000
0	0	637	35.811700	-8.313690	21.656300	-34.535700	55.500709	0.000000
0	0	638	32.047000	-12.459000	12.432400	8.328540	67.530614	0.000000
0	0	639	-20.777100	9.164090	-0.043643	0.215104	-0.136431	0.000000
0	0	640	15.783900	36.167900	28.542400	-20.646200	19.139613	0.000000
0	0	641	-18.007300	-19.180700	-16.583700	-0.098138	-69.576596	0.000000
0	0	642	-8.850670	-28.686400	-9.096270	-2.238230	-81.203259	0.000000
0	0	643	-1.412260	-26.502100	-37.897600	30.210300	-62.482703	0.000000
0	0	644	-23.820100	-14.946000	1.688790	31.164000	86.776667	0.000000
0	0	645	4.270670	-6.087370	-23.797300	12.210800	-52.174314	0.000000
0	0	646	-31.352500	-27.500000	-8.911650	7.558950	-81.022282	0.000000
0	0	647	29.641700	15.813000	8.586360	-28.109300	14.250842	0.000000
0	0	648	-21.765400	-20.523100	13.080500	6.762320	73.744199	0.000000
0	0	649	14.716600	-10.674700	-2.525640	20.237500	-83.344287	0.000000
0	0	650	-10.663600	-25.571900	7.395620	8.153540	81.934831	0.000000
0	0	651	35.441100	-20.038200	11.800800	43.739400	74.752762	0.000000
0	0	652	10.942900	2.376200	19.553300	13.643200	41.535575	0.000000
0	0	653	-0.023369	1.386830	41.486400	33.429700	44.042699	0.000000
0	0	654	17.428400	-30.085300	-28.607600	-5.856830	-68.221110	0.000000
0	0	655	21.386900	32.332800	-11.792200	-2.967020	-10.018791	0.000000
0	0	656	-34.470600	-5.872740	-5.583010	14.557600	-68.224386	0.000000
0	0	657	-5.329390	13.855900	5.590340	-29.037900	10.986121	0.000000
0	0	658	-10.238200	-17.999900	-33.091700	-17.359500	-59.271769	0.000000
0	0	659	-4.385370	-26.729100	-3.267830	-0.692640	-86.514879	0.000000
0	0	660	-10.191700	-33.241000	7.810720	-5.653630	83.388472	0.000000
0	0	661	4.258880	-6.169120	-14.412600	10.978400	-56.586348	0.000000
0	0	662	14.676200	7.557520	-8.230220	3.534810	-23.719920	0.000000
0	0	663	8.006740	-8.849660	-15.816500	26.643900	-59.613959	0.000000
0	0	664	6.791700	-8.765570	12.337800	0.828945	62.696223	0.000000
0	0	665	18.570000	-14.994700	-12.738100	11.526800	-69.825936	0.000000
0	0	666	-24.857100	33.422900	-36.312100	4.754630	-23.686236	0.000000
0	0	667	1.623850	-5.002610	-21.711000	14.819000	-51.487760	0.000000
0	0	668	14.339800	18.798500	-27.770000	-32.028700	-27.952266	0.000000
0	0	669	33.259700	-4.632460	16.702900	-12.131700	52.750535	0.000000
0	0	670	-26.185400	0.339526	3.389670	6.749660	42.140026	0.000000
0	0	671	5.145060	-32.307300	4.525230	1.795500	86.013275	0.000000
0	0	672	-20.435600	5.310020	-29.826400	5.224280	-39.952673	0.000000
0	0	673	-29.122400	-16.605700	-26.108600	10.012300	-61.228673	0.000000
0	0	674	62.787800	-29.379700	15.094000	-9.489600	76.403946	0.000000
0	0	675	8.134840	-22.704900	-20.999800	-30.425500	-68.617105	0.000000
0	0	676	-0.233823	-32.519300	-1.079140	-5.333090	-89.049680	0.000000
0	0	677	-12.470200	-5.439260	-15.603000	30.313700	-54.609366	0.000000
0	0	678	19.257200	22.573100	-13.281600	-3.962610	-15.235889	0.000000
0	0	679	-28.311300	13.437700	1.830150	21.873000	3.877845	0.000000
0	0	680	-20.360000	2.241770	33.195500	-3.958730	43.068274	0.000000
0	0	681	-17.733300	5.905500	-12.374200	-9.847920	-32.243759	0.000000
0	0	682	-17.779000	2.772390	0.829866	-10.259700	8.332071	0.000000
0	0	683	1.428070	15.494100	8.581560	8.678430	14.490154	0.000000
0	0	684	30.358200	-33.516000	2.248240	-13.789400	88.081185	0.000000
0	0	685	29.361000	-8.800140	-26.645400	1.388390	-54.138385	0.000000
0	0	686	10.290300	10.530300	-35.479200	-19.001800	-36.734501	0.000000
0	0	687	11.913800	-2.902610	4.608860	-15.558300	61.101139	0.000000
0	0	688	-7.835830	-11.803100	-12.404600	-13.952000	-66.788319	0.000000
0	0	689	18.696000	-10.957200	-16.344700	-31.422400	-61.918603	0.000000
0	0	690	-0.337371	-7.026810	-5.671330	6.885210	-70.546521	0.000000
0	0	691	29.785100	6.801790	34.614900	-12.921800	39.441540	0.000000
0	0	692	37.053200	14.916400	-23.539500	32.010700	-28.819287	0.000000
0	0	693	-1.553080	27.296000	-10.561500	-4.268610	-10.576346	0.000000
0	0	694	7.123330	23.365800	15.249200	-13.634400	16.564817	0.000000
0	0	695	6.220570	-8.181270	19.380300	9.230600	56.443365	0.000000
0	0	696	-1.029300	16.098800	16.208800	-4.643300	22.597539	0.000000
0	0	697	25.710900	2.590660	-19.945100	11.961300	-41.299656	0.000000
0	0	698	13.913900	35.171800	5.377080	2.536920	4.346051	0.000000
0	0	699	-0.928571	21.158300	-4.627950	50.670400	-6.168990	0.000000
0	0	700	13.933200	-12.263300	-42.424500	17.225200	-53.061279	0.000000
0	0	701	-3.904160	-17.891700	-1.019970	-10.780900	-88.368607	0.000000
0	0	702	8.390490	27.486300	-5.046260	25.976200	-5.201593	0.000000
0	0	703	15.561000	31.919000	-13.900100	11.165800	-11.766092	0.000000
0	0	704	6.994700	14.203500	34.697700	-37.703900	33.869133	0.000000
0	0	705	51.428800	5.523420	-22.941000	37.691700	-38.231379	0.000000
0	0	706	5.200410	-0.339567	22.530600	6.119730	45.431730	0.000000
0	0	707	20.919500	15.778500	17.869100	22.868400	24.277672	0.000000
0	0	708	0.844929	-5.244510	13.768400	-16.953000	55.426148	0.000000
0	0	709	6.946630	-28.556100	26.186300	-1.489200	68.739394	0.000000
0	0	710	32.071200	-5.652000	15.784900	-25.563400	54.850302	0.000000
0	0	711	-0.628866	-25.575600	43.512500	-0.991209	60.222994	0.000000
0	0	712	8.467590	34.019800	22.164900	-9.993750	16.542713	0.000000
0	0	713	39.553900	2.487080	33.756800	-0.123889	42.893133	0.000000
0	0	714	12.183100	37.070800	9.860460	-26.115200	7.447606	0.000000
0	0	715	-22.904400	-0.514090	-8.948800	-43.354900	-46.643955	0.000000
0	0	716	31.856600	8.269720	19.745000	-2.663140	33.637398	0.000000
0	0	717	5.191140	-29.616700	9.040700	-35.253000	81.512416	0.000000
0	0	718	-39.404100	23.960000	-13.585800	-23.987400	-14.777053	0.000000
0	0	719	-13.769500	-46.909200	7.150340	25.415800	85.666577	0.000000
0	0	720	-17.760600	12.142700	36.141300	2.878760	35.714379	0.000000
0	0	721	-2.242110	7.356330	-62.816100	-19.348000	-41.660287	0.000000
0	0	722	-3.147150	-33.748500	25.939700	3.502420	71.226738	0.000000
0	0	723	7.239800	-15.820200	16.128000	-2.426790	67.224005	0.000000
0	0	724	-52.855100	-0.570923	-17.479100	-4.354830	-45.935399	0.000000
0	0	725	-22.344100	22.469900	12.617300	-13.426100	14.657543	0.000000
0	0	726	-4.195850	-37.541300	-21.227900	2.605770	-75.256906	0.000000
0	0	727	-11.973600	-16.160800	18.748300	-19.424700	65.380463	0.000000
0	0	728	-12.059800	-28.259900	3.422940	12.787900	86.546887	0.000000
0	0	729	12.239000	9.320480	18.957400	-2.020760	31.909390	0.000000
0	0	730	-2.108100	4.996150	42.603400	-12.616100	41.655704	0.000000
0	0	731	-25.986000	-29.277300	-9.051980	3.481260	-81.409697	0.000000
0	0	732	-9.967750	13.348300	33.294700	19.762900	34.076738	0.000000
0	0	733	-2.677180	25.086600	-9.540010	-37.335500	-10.410482	0.000000
0	0	734	-23.347100	10.891600	-8.617550	36.081600	-19.175710	0.000000
0	0	735	-21.634000	43.549500	-25.559800	5.313060	-15.204629	0.000000
0	0	736	-37.505400	19.456800	7.368300	3.261360	10.370851	0.000000
0	0	737	14.768800	-32.598800	15.857400	-11.542500	77.029901	0.000000
0	0	738	24.807000	-21.419200	0.696367	10.030900	89.068947	0.000000
0	0	739	39.607300	33.962300	3.937910	-9.399880	3.306940	0.000000
0	0	740	5.315910	39.185600	-9.437270	-11.568200	-6.770485	0.000000
0	0	741	11.229400	-2.949460	4.922890	-8.202230	60.463583	0.000000
0	0	742	28.473400	5.320940	10.873400	37.045300	31.962504	0.000000
0	0	743	27.296200	16.010400	-14.796500	2.253360	-21.371756	0.000000
0	0	744	-12.769100	24.187500	3.715500	1.883810	4.366539	0.000000
0	0	745	-25.158200	11.175100	0.538824	31.753600	1.380232	0.000000
0	0	746	-5.902200	16.041400	1.354100	-4.721400	2.412530	0.000000
0	0	747	-25.026100	-16.837600	26.140800	-14.506500	61.393033	0.000000
0	0	748	-33.532800	26.977000	-8.719060	3.003590	-8.955506	0.000000
0	0	749	-8.676060	-42.325300	3.600200	-10.361800	87.569055	0.000000
0	0	750	-6.517260	13.727000	-12.930500	-5.302760	-21.644284	0.000000
0	0	751	-29.956300	-11.645700	1.940920	-12.606200	85.268911	0.000000
0	0	752	-7.998500	22.426900	6.172150	-27.192800	7.693769	0.000000
0	0	753	-18.958300	10.176200	-7.664230	-3.812410	-18.492661	0.000000
0	0	754	13.655800	25.358700	-34.868500	31.997100	-26.986426	0.000000
0	0	755	-16.028300	27.682700	-11.081400	3.553180	-10.908126	0.000000
0	0	756	15.886400	2.309750	-17.904300	-1.358450	-41.324569	0.000000
0	0	757	-7.450300	48.467400	-30.381900	23.809700	-16.040818	0.000000
0	0	758	-6.320300	7.575150	-9.282700	27.994000	-25.391913	0.000000
0	0	759	-17.354700	-42.478900	2.402000	-8.429260	88.381808	0.000000
0	0	760	16.117900	17.067000	37.559100	16.497500	32.781385	0.000000
0	0	761	30.328700	-21.850900	23.473700	-15.754900	66.474730	0.000000
0	0	762	-30.315000	3.629660	7.975910	-6.008230	32.765385	0.000000
0	0	763	-13.268000	-10.114400	-1.242510	10.289700	-86.498276	0.000000
0	0	764	19.807700	-20.883300	-7.548520	-5.503940	-80.063500	0.000000
0	0	765	17.218200	44.903700	-13.430600	-17.563300	-8.325905	0.000000
0	0	766	8.641730	1.132070	0.669673	-19.162500	15.303162	0.000000
0	0	767	-11.444100	-2.647750	-0.576123	-11.189000	-83.862188	0.000000
0	0	768	14.770000	-13.079400	32.601000	10.914100	55.930236	0.000000
0	0	769	38.331000	-10.483300	-0.932697	-16.147600	-87.457897	0.000000
0	0	770	15.147800	-1.013580	-46.820000	-10.527500	-45.620085	0.000000
0	0	771	20.085200	11.748900	-16.562400	-8.221860	-27.324592	0.000000
0	0	772	-19.858500	12.079600	18.689600	-29.622200	28.562154	0.000000
0	0	773	-1.593310	14.581400	12.527900	-19.073500	20.334090	0.000000
0	0	774	5.100290	-35.966900	43.512800	-7.203900	64.788263	0.000000
0	0	775	-8.098810	-32.478400	13.530700	-1.796970	78.691546	0.000000
0	0	776	4.892280	-7.811700	-24.345000	-7.972230	-53.895067	0.000000
0	0	777	6.212300	-9.451050	-17.956900	-5.273760	-58.879333	0.000000
0	0	778	41.415200	-14.211900	14.350000	15.422800	67.361485	0.000000
0	0	779	55.578700	-34.329000	-3.148650	16.271500	-87.379752	0.000000
0	0	780	-26.279300	5.951640	20.573300	26.940900	36.932699	0.000000
0	0	781	-20.348700	-14.496200	9.790930	-22.152300	72.982187	0.000000
0	0	782	-5.953650	-0.302135	-9.577780	21.886100	-45.903410	0.000000
0	0	783	40.223200	-20.062200	-19.716500	0.772705	-67.748961	0.000000
0	0	784	5.705970	40.505300	5.175520	-16.553000	3.640725	0.000000
0	0	785	-14.992300	4.446320	-9.167740	-4.351910	-32.063393	0.000000
0	0	786	-10.485600	6.614300	23.651000	6.130760	37.187841	0.000000
0	0	787	-10.997800	-2.639760	2.692430	-25.200400	67.217033	0.000000
0	0	788	-33.971700	-14.280200	-35.745100	-11.598900	-55.888377	0.000000
0	0	789	-4.141660	-29.904300	-18.231100	3.001400	-74.315753	0.000000
0	0	790	-28.926600	-22.969200	7.790640	4.463020	80.632105	0.000000
0	0	791	-4.294990	24.156500	-1.130410	-10.629000	-1.339609	0.000000
0	0	792	24.699900	14.604100	-3.472470	4.680420	-6.687529	0.000000
0	0	793	-25.814800	-14.837800	3.625380	-15.960800	83.134850	0.000000
0	0	794	-15.165400	27.992000	8.508270	7.341590	8.453420	0.000000
0	0	795	0.430887	-0.478453	-27.873300	-1.810810	-45.491701	0.000000
0	0	796	-10.594300	2.153100	7.224370	-16.957200	36.702106	0.000000
0	0	797	-16.687600	-40.467300	24.979300	4.294470	74.157080	0.000000
0	0	798	34.322900	3.629320	-15.229500	-13.913300	-38.297968	0.000000
0	0	799	-10.583400	2.757730	-21.551900	-9.505140	-41.354096	0.000000
0	0	800	-7.769210	-45.274000	-4.462460	6.283510	-87.185394	0.000000
0	0	801	14.259800	-5.447900	6.449060	-11.399200	65.094873	0.000000
0	0	802	7.272070	38.280100	-7.155010	-13.435400	-5.293553	0.000000
0	0	803	-9.289110	27.648300	-2.093210	-2.911870	-2.164758	0.000000
0	0	804	-10.581100	-20.739300	-19.868900	12.502400	-68.113948	0.000000
0	0	805	-8.876120	4.369650	22.601800	25.702000	39.528946	0.000000
0	0	806	-4.980100	-12.397700	-35.120900	-35.081800	-54.721532	0.000000
0	0	807	16.716000	4.029260	-26.490500	32.888400	-40.675741	0.000000
0	0	808	15.863000	-7.198880	-18.263700	-1.161450	-55.756269	0.000000
0	0	809	2.569290	4.346180	0.596854	-14.898700	3.909714	0.000000
0	0	810	9.660930	-3.420550	26.650600	-6.679630	48.656905	0.000000
0	0	811	-1.029580	20.604100	28.432400	14.527500	27.035147	0.000000
0	0	812	-19.490200	-19.447200	6.628430	-9.565990	80.589357	0.000000
0	0	813	4.024160	-22.656900	-20.074100	-9.801360	-69.229467	0.000000
0	0	814	6.509530	33.425400	-6.639280	-30.935100	-5.617212	0.000000
0	0	815	9.831500	14.320800	6.547110	-15.952200	12.284344	0.000000
0	0	816	3.035220	13.868400	1.586060	9.595880	3.262144	0.000000
0	0	817	41.816000	-3.034110	6.340160	-5.020880	57.786820	0.000000
0	0	818	-6.600230	-0.030068	-2.396820	-3.916610	-45.359368	0.000000
0	0	819	3.086150	-23.883700	33.201000	31.833500	62.864995	0.000000
0	0	820	0.335929	2.806720	-5.741990	-19.012700	-31.975166	0.000000
0	0	821	1.507200	14.261800	-16.283300	-10.029500	-24.393180	0.000000
0	0	822	13.300500	-17.596300	-24.884400	-18.181300	-62.632480	0.000000
0	0	823	8.863080	-11.041900	35.902900	-6.910060	53.547613	0.000000
0	0	824	7.193280	1.143460	-17.084500	-28.392500	-43.085461	0.000000
0	0	825	-7.502320	5.713100	10.023200	-0.637228	30.158697	0.000000
0	0	826	18.290800	-34.654200	15.629500	-3.703080	77.862000	0.000000
0	0	827	-14.840200	5.948210	6.959040	18.653600	24.738987	0.000000
0	0	828	10.031600	18.028200	4.348430	-6.006080	6.780405	0.000000
0	0	829	12.374300	-1.430170	10.610300	-5.759220	48.838336	0.000000
0	0	830	12.345600	8.386220	-11.595700	-13.731500	-27.062433	0.000000
0	0	831	29.319600	4.117670	-0.299492	-3.701820	-2.079995	0.000000
0	0	832	-9.875720	9.027560	-1.000560	-4.157180	-3.162252	0.000000
0	0	833	-0.411663	-32.570800	27.952200	6.427470	69.681934	0.000000
0	0	834	2.106280	-1.277280	-0.856340	-21.033200	-73.080253	0.000000
0	0	835	-8.987150	-13.725500	11.848500	-5.168750	69.598844	0.000000
0	0	836	-16.497300	9.917570	-0.234938	-36.672700	-0.678515	0.000000
0	0	837	11.425100	-5.620510	-9.797150	-8.930820	-59.921194	0.000000
0	0	838	-18.914900	1.393630	-12.144100	36.459700	-41.726750	0.000000
0	0	839	22.747800	-6.590730	-2.710900	-13.296400	-78.820824	0.000000
0	0	840	4.059820	14.478600	-18.456100	10.310000	-25.943110	0.000000
0	0	841	23.319200	3.183040	-0.758532	1.439040	-6.701915	0.000000
0	0	842	-7.999860	-33.736600	2.004620	19.008900	88.299749	0.000000
0	0	843	23.280200	27.395200	-13.386800	21.729000	-13.021338	0.000000
0	0	844	2.418090	5.621670	16.212400	-37.225400	35.437974	0.000000
0	0	845	8.372570	-10.515000	-0.143421	8.414240	-89.609277	0.000000
0	0	846	15.342000	12.739700	0.892419	-28.158100	2.003519	0.000000
0	0	847	-9.329770	-4.892460	-20.825300	-7.874150	-51.610339	0.000000
0	0	848	24.253600	22.802600	-18.630100	45.452800	-19.624694	0.000000
0	0	849	30.350100	-32.044400	-13.380800	-24.350500	-78.668009	0.000000
0	0	850	-6.603060	9.917590	-19.106700	-20.741500	-31.283911	0.000000
0	0	851	13.675900	-5.585220	34.752800	-25.856100	49.565047	0.000000
0	0	852	34.625200	-34.589300	-14.903100	23.690500	-78.345393	0.000000
0	0	853	-8.782560	19.246600	-38.756200	-7.368970	-31.795342	0.000000
0	0	854	52.779100	-34.920200	16.976100	-39.498100	77.036884	0.000000
0	0	855	12.619700	-17.839000	-18.170100	-16.519100	-67.236593	0.000000
0	0	856	17.776500	4.132250	-3.348600	-20.462900	-19.509920	0.000000
0	0	857	-14.834800	-6.745290	-45.898300	-36.539700	-49.180218	0.000000
0	0	858	20.678300	23.680500	-3.654350	-14.710800	-4.386312	0.000000
0	0	859	21.925400	-9.989360	-16.387900	-6.697390	-60.682345	0.000000
0	0	860	15.418800	23.244000	6.528300	-20.623800	7.843953	0.000000
0	0	861	43.090400	11.215800	9.093330	-10.127200	19.516890	0.000000
0	0	862	-3.250790	-13.854200	-27.981100	-37.863200	-58.170629	0.000000
0	0	863	-32.220000	11.704500	-20.217400	-6.534040	-29.966038	0.000000
0	0	864	9.350210	15.582700	14.821600	3.441480	21.783017	0.000000
0	0	865	41.577900	19.447300	-24.527100	-36.049400	-25.794721	0.000000
0	0	866	21.014600	14.379700	-9.286240	18.738200	-16.426948	0.000000
0	0	867	26.854700	26.713000	9.475710	0.095404	9.765378	0.000000
0	0	868	20.183600	1.039590	-1.762300	-11.383200	-29.731711	0.000000
0	0	869	45.694400	-21.125300	-0.351228	-16.677900	-89.523746	0.000000
0	0	870	27.109200	21.921400	-5.290220	-6.982120	-6.783794	0.000000
0	0	871	17.740100	4.732490	-22.230600	-36.358700	-38.991086	0.000000
0	0	872	-8.807810	24.855600	-8.734390	-10.142900	-9.680873	0.000000
0	0	873	7.460440	28.216200	14.246700	-9.158760	13.394881	0.000000
0	0	874	-30.563200	2.557570	19.328300	-4.759150	41.231133	0.000000
0	0	875	29.731900	4.574540	-1.430930	-17.340100	-8.684921	0.000000
0	0	876	36.383700	13.299700	13.768200	7.584090	22.995797	0.000000
0	0	877	37.933500	18.269100	9.855470	-2.658650	14.172569	0.000000
0	0	878	-3.357890	-1.854840	0.070026	-11.178000	88.918969	0.000000
0	0	879	21.122100	10.437300	15.763600	-21.333200	28.245450	0.000000
0	0	880	28.244900	-10.320900	0.243900	15.669100	89.323129	0.000000
0	0	881	-8.422970	13.003500	10.126600	4.891530	18.955008	0.000000
0	0	882	25.484200	-23.874900	-8.327760	-1.572360	-80.385406	0.000000
0	0	883	7.793220	19.692400	-0.227175	9.765730	-0.330472	0.000000
0	0	884	15.272200	8.371070	-18.507600	0.338687	-32.831274	0.000000
0	0	885	13.494600	11.125900	37.732400	-21.143900	36.785573	0.000000
0	0	886	5.732800	-23.939600	28.550700	-37.676800	64.989821	0.000000
0	0	887	30.624000	-15.849000	-21.292200	-16.370600	-63.331207	0.000000
0	0	888	3.516050	27.581000	14.332000	19.526500	13.728940	0.000000
0	0	889	-20.167400	-6.314050	-2.642680	-23.595800	-78.644379	0.000000
0	0	890	1.591950	-19.874800	-1.188110	-18.682000	-88.289473	0.000000
0	0	891	14.313800	7.043900	9.019960	-20.552900	26.006441	0.000000
0	0	892	0.241562	-34.320100	8.809410	-31.999800	82.801953	0.000000
0	0	893	-16.663500	44.852900	-12.672900	-51.871400	-7.888650	0.000000
0	0	894	-3.496690	17.268500	-8.716630	20.753400	-13.391649	0.000000
0	0	895	53.582200	-11.754900	-18.413500	-0.460936	-61.276773	0.000000
0	0	896	-3.937790	2.712400	7.827760	-36.825200	35.444134	0.000000
0	0	897	24.251100	-14.857200	13.266200	12.987700	69.118946	0.000000
0	0	898	31.235900	14.229400	17.860900	-14.858100	25.728206	0.000000
0	0	899	22.640600	-20.475600	1.309300	-27.001800	88.170618	0.000000
0	0	900	12.945700	19.420600	-19.618200	-3.371870	-22.645004	0.000000
0	0	901	-3.603230	-4.440980	-3.845830	-41.420400	-69.553935	0.000000
0	0	902	6.387340	5.454620	-24.683700	35.432100	-38.769500	0.000000
0	0	903	3.430080	15.472100	-6.239270	-16.645000	-10.981110	0.000000
0	0	904	-22.456800	-26.767000	-37.537400	15.254800	-62.745868	0.000000
0	0	905	47.145800	-6.759360	8.454390	1.322940	64.321323	0.000000
0	0	906	-0.482439	10.542500	-36.569300	23.930400	-36.959175	0.000000
0	0	907	18.749200	11.541400	5.810950	-11.942800	13.362340	0.000000
0	0	908	9.929370	4.290750	1.437160	-4.223990	9.258976	0.000000
0	0	909	18.339700	1.754240	-11.832500	-5.842350	-40.783490	0.000000
0	0	910	5.780770	-7.481410	20.301400	-5.021160	55.114849	0.000000
0	0	911	11.134000	13.992100	15.956300	4.319760	24.376217	0.000000
0	0	912	4.723970	6.223850	-13.944100	-6.089550	-32.973372	0.000000
0	0	913	11.280300	-4.511250	49.027300	0.135062	47.628635	0.000000
0	0	914	33.267300	29.817600	-21.237500	-28.525900	-17.730131	0.000000
0	0	915	-5.242330	-5.270890	-8.715270	-25.158500	-60.582521	0.000000
0	0	916	-35.424400	-21.289300	-18.759900	7.918430	-69.306924	0.000000
0	0	917	7.226770	-23.532300	17.340100	-17.741200	71.807421	0.000000
0	0	918	26.481600	-27.701600	-3.466330	6.202320	-86.433796	0.000000
0	0	919	-13.429100	7.997530	2.989810	11.448700	10.248919	0.000000
0	0	920	33.573700	13.300700	3.378810	-7.092360	7.126745	0.000000
0	0	921	32.299700	7.629110	-41.287300	1.629090	-39.765456	0.000000
0	0	922	24.708000	23.535700	16.308300	4.231230	17.359384	0.000000
0	0	923	-5.413920	30.683300	-9.491770	-9.405770	-8.594634	0.000000
0	0	924	-0.244734	15.916400	6.956460	-19.470200	11.804165	0.000000
0	0	925	7.360470	13.430500	-14.063400	-28.383800	-23.159348	0.000000
0	0	926	-4.476700	14.763800	31.782400	-16.255800	32.541917	0.000000
0	0	927	35.482200	-4.727900	5.114130	15.399200	66.376350	0.000000
0	0	928	-9.321060	38.430400	-23.293400	-34.953200	-15.610427	0.000000
0	0	929	-1.441590	-8.799570	-10.661900	1.105380	-64.766914	0.000000
0	0	930	6.878090	-30.732800	1.857610	-26.444600	88.270514	0.000000
0	0	931	21.277200	22.894700	-5.582550	19.473800	-6.851682	0.000000
0	0	932	7.311920	6.745370	-1.061100	30.794700	-4.469909	0.000000
0	0	933	11.598000	-20.155700	-18.091600	-34.818000	-69.044548	0.000000
0	0	934	10.751000	28.744400	0.262651	4.027950	0.261762	0.000000
0	0	935	18.399400	2.745240	-32.917500	51.245900	-42.616351	0.000000
0	0	936	-30.938500	27.142900	-21.949200	-0.008444	-19.480428	0.000000
0	0	937	24.321600	-20.987200	-36.801700	2.005180	-59.847581	0.000000
0	0	938	1.439820	13.635700	-20.992200	-19.835300	-28.496923	0.000000
0	0	939	-1.245980	14.198100	19.214700	18.351400	26.769307	0.000000
0	0	940	26.495000	25.499200	25.616500	0.070588	22.565741	0.000000
0	0	941	-11.370500	6.015330	6.042670	-11.870500	22.564955	0.000000
0	0	942	2.835350	8.960040	-27.821000	-6.237840	-36.074155	0.000000
0	0	943	-9.067280	-12.243400	11.988100	-20.908500	67.801819	0.000000
0	0	944	12.972500	-30.260500	-2.312780	17.806400	-87.814719	0.000000
0	0	945	32.927500	-20.675600	-10.971700	34.351000	-76.023463	0.000000
0	0	946	44.639600	7.290340	45.615200	-3.688080	40.459817	0.000000
0	0	947	49.340700	-4.589200	14.132400	54.574300	53.995058	0.000000
0	0	948	56.346800	-6.200070	2.199490	-19.691100	80.233867	0.000000
0	0	949	36.404800	1.753310	-27.953900	-14.778000	-43.205513	0.000000
0	0	950	13.719900	-6.156550	-16.632900	48.933200	-55.155838	0.000000
0	0	951	29.185400	16.052700	-27.975200	14.862200	-30.075990	0.000000
0	0	952	46.001700	-4.060630	-27.637600	15.258500	-49.179166	0.000000
0	0	953	72.944900	26.108700	-5.818170	20.189600	-6.281379	0.000000
0	0	954	24.243500	24.079200	-68.626600	11.770600	-35.332710	0.000000
0	0	955	-9.806650	6.334710	-37.505200	-21.995000	-40.206550	0.000000
0	0	956	49.451600	5.711690	-39.850300	14.954800	-40.921712	0.000000
0	0	957	8.571780	-7.520610	-13.491300	9.430880	-59.568554	0.000000
0	0	958	8.035850	7.207740	18.553000	-35.349900	34.384561	0.000000
0	0	959	53.476400	1.517700	-11.814900	14.991400	-41.340037	0.000000
0	0	960	47.453100	-3.909800	2.267070	6.739360	74.946500	0.000000
0	0	961	24.998700	1.877160	1.556120	18.255600	19.828953	0.000000
0	0	962	30.811700	19.895100	-37.774200	-51.169300	-31.112451	0.000000
0	0	963	18.561100	6.236140	-19.039700	7.409220	-35.932322	0.000000
0	0	964	8.878520	0.775585	10.014200	5.884120	42.785684	0.000000
0	0	965	34.873000	5.128140	-18.458700	7.669010	-37.236902	0.000000
0	0	966	-5.831990	-19.237100	-27.705300	-9.624560	-62.387038	0.000000
0	0	967	14.267700	5.700600	-8.860810	-38.261100	-28.622403	0.000000
0	0	968	16.174000	7.961640	14.495200	0.847976	30.610874	0.000000
0	0	969	9.157280	17.676400	-18.763200	4.810770	-23.354161	0.000000
0	0	970	15.001800	31.809400	-5.911680	-19.001800	-5.264066	0.000000
0	0	971	29.480300	-28.767700	-24.034700	8.074850	-70.061040	0.000000
0	0	972	-12.007000	17.439100	8.380790	3.291300	12.833881	0.000000
0	0	973	16.623500	6.376890	-5.441950	3.885770	-20.238492	0.000000
0	0	974	29.087300	1.418730	31.911300	-4.372380	43.727195	0.000000
0	0	975	9.293070	-6.411050	-18.077200	-14.799400	-54.763485	0.000000
0	0	976	54.492600	-12.314900	8.303780	-16.316200	73.004357	0.000000
0	0	977	2.265710	-6.373290	18.504400	-37.293600	54.502372	0.000000
0	0	978	32.429800	2.892750	-0.571854	-33.176500	-5.591176	0.000000
0	0	979	28.709200	-9.049530	-4.094500	4.814730	-77.827708	0.000000
0	0	980	5.180610	46.636500	22.047900	-15.294700	12.651470	0.000000
0	0	981	31.647000	-6.542380	-52.636200	-27.054800	-48.542601	0.000000
0	0	982	15.775600	0.595587	-28.324500	-37.887100	-44.397702	0.000000
0	0	983	20.405800	32.471700	-0.806936	-22.715100	-0.711766	0.000000
0	0	984	38.757100	17.502200	-14.027900	-4.571830	-19.355974	0.000000
0	0	985	15.999700	19.451100	-1.401920	4.004440	-2.061206	0.000000
0	0	986	-5.040650	21.367700	14.764400	9.311690	17.321619	0.000000
0	0	987	19.647400	27.009300	-18.067600	17.767100	-16.890073	0.000000
0	0	988	35.178100	63.125900	-9.974900	13.653300	-4.489702	0.000000
0	0	989	58.223900	14.162100	5.198850	26.057500	10.078992	0.000000
0	0	990	32.245500	29.850900	4.740360	-0.621527	4.511648	0.000000
0	0	991	30.210100	18.817600	-27.233900	-18.819500	-27.678493	0.000000
0	0	992	35.100900	15.807400	15.300200	-10.182900	22.032946	0.000000
0	0	993	32.909800	-1.513460	2.375810	-8.915930	61.249160	0.000000
0	0	994	2.555990	7.591690	-0.550662	-3.430930	-2.074337	0.000000
0	0	995	-11.043300	-1.859600	4.680050	-16.831500	55.835105	0.000000
0	0	996	51.617300	36.917500	-10.436400	-6.120410	-7.892671	0.000000
0	0	997	57.246600	0.288105	-15.767300	-37.392300	-44.476595	0.000000
0	0	998	26.430300	12.632100	0.196256	-28.688100	0.445046	0.000000
0	0	999	39.137000	25.723400	-24.100200	7.665310	-21.567012	0.000000
0	0	1000	63.961900	5.992770	11.385300	-23.046400	31.119731	0.000000
0	0	1001	25.625200	46.993200	14.708700	-2.814830	8.689965	0.000000
0	0	1002	-22.210300	16.187200	-12.712400	7.586990	-19.071921	0.000000
0	0	1003	2.592110	9.213730	-19.587600	-3.904180	-32.404185	0.000000
0	0	1004	22.325700	31.855800	0.357404	34.235300	0.321400	0.000000
0	0	1005	22.122600	18.362100	-18.772200	-7.256700	-22.816366	0.000000
0	0	1006	49.189200	12.923800	-9.704430	-1.002070	-18.451370	0.000000
0	0	1007	23.415600	23.552600	-26.668600	-17.866600	-24.275197	0.000000
0	0	1008	11.518800	34.511900	33.213100	-8.149550	21.950671	0.000000
0	0	1009	66.874100	8.846290	-2.902300	-7.466440	-9.081841	0.000000
0	0	1010	-2.434770	11.400200	-11.450100	-18.884900	-22.562561	0.000000
0	0	1011	10.040200	11.389200	3.117340	9.329810	7.653762	0.000000
0	0	1012	64.664400	-3.015010	30.985100	-4.350340	47.778839	0.000000
0	0	1013	44.088200	14.982800	0.814790	20.189900	1.556388	0.000000
0	0	1014	42.137600	-19.310500	-2.747980	-13.938500	-85.950452	0.000000
0	0	1015	-6.523670	27.399700	-3.825240	15.301900	-3.973814	0.000000
0	0	1016	37.125400	1.526930	7.717490	-31.699000	39.404194	0.000000
0	0	1017	9.974270	5.483630	-1.342690	-22.113200	-6.879211	0.000000
0	0	1018	28.743800	-6.055460	18.030400	-15.989100	54.282242	0.000000
0	0	1019	58.268800	34.114800	-27.871900	-44.127300	-19.624466	0.000000
0	0	1020	0.599961	40.632700	-3.780670	-19.325700	-2.657891	0.000000
0	0	1021	32.952900	2.090620	5.896150	-12.307500	35.238415	0.000000
0	0	1022	28.363800	48.064700	2.166330	-20.859000	1.290319	0.000000
0	0	1023	32.674600	24.800400	0.394933	-30.611000	0.456164	0.000000
