0	0	0	31.578000	-5.563350	47.915900	-13.033400	48.311381	0.000000
0	0	1	29.555800	13.681400	11.466500	-20.780200	19.983333	0.000000
0	0	2	57.831300	5.535110	5.715330	-29.181000	22.958869	0.000000
0	0	3	44.888500	24.324800	-14.454900	-12.766000	-15.360352	0.000000
0	0	4	-4.038910	-4.511350	-13.342900	-16.891400	-54.340420	0.000000
0	0	5	27.667900	5.197030	-23.694800	-0.494879	-38.814544	0.000000
0	0	6	-5.410380	-26.593800	-22.140500	21.059300	-70.110570	0.000000
0	0	7	-9.955760	-43.165700	-32.288700	2.381020	-71.601434	0.000000
0	0	8	-4.828320	-37.575200	23.136900	-18.217300	74.188674	0.000000
0	0	9	63.834600	-1.878680	-17.382600	-19.171000	-48.084240	0.000000
0	0	10	7.890310	19.995800	30.459200	-40.896800	28.357987	0.000000
0	0	11	0.720614	-4.280290	3.956360	-7.897730	68.626081	0.000000
0	0	12	9.391080	45.082000	14.134200	-2.591550	8.703679	0.000000
0	0	13	-5.315380	18.996400	36.959500	-25.868300	31.398898	0.000000
0	0	14	36.203200	-22.501500	6.883020	1.804420	81.495784	0.000000
0	0	15	19.948700	-3.858160	-62.437800	-3.079610	-46.767964	0.000000
0	0	16	33.021600	-12.832500	-25.297700	-2.953870	-58.448419	0.000000
0	0	17	37.424800	30.735100	-11.431900	-13.691400	-10.201325	0.000000
0	0	18	8.536610	10.564600	19.021700	-8.451750	30.476164	0.000000
0	0	19	23.248400	3.231790	24.403800	15.101200	41.228114	0.000000
0	0	20	5.923880	19.449300	-2.240330	-36.321000	-3.285419	0.000000
0	0	21	32.594900	22.926900	2.379770	7.578790	2.962987	0.000000
0	0	22	20.906400	9.069460	36.253700	12.627600	37.977390	0.000000
0	0	23	16.705000	11.105200	14.901600	13.315200	26.652608	0.000000
0	0	24	37.185400	-19.846000	1.553120	15.721200	87.762617	0.000000
0	0	25	15.851700	11.608000	-5.634940	15.145500	-12.946801	0.000000
0	0	26	30.009200	4.946950	-2.540310	-12.486200	-13.590484	0.000000
0	0	27	24.310700	1.430780	-20.723400	-1.890770	-43.025233	0.000000
0	0	28	51.408500	19.953900	14.935800	0.718656	18.407708	0.000000
0	0	29	12.426300	2.933490	-3.731200	-23.442100	-25.912688	0.000000
0	0	30	31.125900	-8.502480	-49.876300	10.966800	-49.837145	0.000000
0	0	31	31.655200	-13.338000	10.530200	-5.824980	70.854654	0.000000
0	0	32	14.623400	1.284720	36.077800	-0.673065	43.980288	0.000000
0	0	33	2.590770	-7.431700	8.714390	-45.390400	65.228902	0.000000
0	0	34	-39.793100	-10.809300	-24.290400	-2.775970	-56.994603	0.000000
0	0	35	63.863000	-9.242540	16.800800	5.958660	59.408146	0.000000
0	0	36	55.226200	-0.648406	-14.838700	-0.127984	-46.251030	0.000000
0	0	37	6.878510	23.973600	14.794200	11.840000	15.839447	0.000000
0	0	38	36.846100	-26.577200	-13.997100	9.799540	-76.113050	0.000000
0	0	39	-2.694490	-32.940600	12.086600	10.222600	79.925425	0.000000
0	0	40	19.036600	-16.284300	10.300100	-29.206600	73.842971	0.000000
0	0	41	74.981700	-24.878800	19.707000	0.302566	70.808272	0.000000
0	0	42	3.984810	-25.726000	-14.895900	3.984600	-74.964124	0.000000
0	0	43	29.437700	-15.411900	-24.421300	-25.375700	-61.127691	0.000000
0	0	44	29.520300	-28.418500	-11.657100	-0.081757	-78.848426	0.000000
0	0	45	45.809000	14.835600	-27.663000	18.854300	-30.897724	0.000000
0	0	46	13.963600	-0.625620	3.680690	-7.332800	49.823287	0.000000
0	0	47	28.459300	-28.688200	-1.284340	8.483810	-88.718320	0.000000
0	0	48	55.956900	-1.430840	-29.932000	-46.441300	-46.368414	0.000000
0	0	49	26.664000	6.450600	13.213600	-26.277800	31.989674	0.000000
0	0	50	26.837900	-5.517150	-9.829570	-22.114200	-59.652333	0.000000
0	0	51	26.488800	-32.871200	4.305790	-10.219500	86.268665	0.000000
0	0	52	51.706800	3.852080	-22.219000	-24.544400	-40.082233	0.000000
0	0	53	21.422300	12.845600	28.293800	30.233000	32.790795	0.000000
0	0	54	26.207300	-14.076000	3.661150	-12.060400	82.710242	0.000000
0	0	55	76.951800	1.191260	14.983800	-39.499800	42.727182	0.000000
0	0	56	39.939900	-3.812500	-2.640860	9.987640	-72.645126	0.000000
0	0	57	18.750200	-12.199800	-4.440630	-1.703410	-79.999449	0.000000
0	0	58	31.986300	7.464470	17.405800	-9.107490	33.393973	0.000000
0	0	59	51.697100	-6.161410	-29.462400	9.153770	-50.905957	0.000000
0	0	60	24.982400	-3.702820	-7.124040	-3.346010	-58.731895	0.000000
0	0	61	13.090700	24.635200	-1.502010	-29.689000	-1.744504	0.000000
0	0	62	0.178424	-57.574000	3.581330	-7.949360	88.220281	0.000000
0	0	63	37.585700	-17.419600	20.265300	-6.880990	65.340810	0.000000
0	0	64	61.368000	0.215276	19.024300	-15.598800	44.675839	0.000000
0	0	65	49.592700	39.428400	-15.835100	28.534500	-10.940607	0.000000
0	0	66	40.163400	-10.044900	44.720800	16.410200	51.329655	0.000000
0	0	67	24.361000	-1.257610	5.168660	26.189900	51.837581	0.000000
0	0	68	12.000300	19.427600	-30.681900	-11.007000	-28.829124	0.000000
0	0	69	25.697800	-41.439500	-18.804300	-0.959546	-77.796268	0.000000
0	0	70	12.464500	24.332500	-0.611956	-25.964100	-0.720335	0.000000
0	0	71	-8.173320	-19.773500	22.092300	13.842900	65.914913	0.000000
0	0	72	36.438100	18.407600	-0.895975	-6.046690	-1.393313	0.000000
0	0	73	5.879960	-24.207900	2.510930	15.049600	87.039126	0.000000
0	0	74	12.658900	-40.582600	-10.436000	-15.429700	-82.789299	0.000000
0	0	75	6.687370	-29.640500	23.072700	31.066000	71.051083	0.000000
0	0	76	44.157400	-7.677780	10.494700	19.140900	63.094348	0.000000
0	0	77	68.462800	9.088000	42.511900	12.723000	38.966600	0.000000
0	0	78	41.633500	13.864900	27.607700	-14.317200	31.666839	0.000000
0	0	79	27.803800	-1.094790	27.747400	18.157200	46.129733	0.000000
0	0	80	49.823300	16.202900	21.939600	-44.138300	26.776639	0.000000
0	0	81	43.488000	23.594400	-18.484200	36.126100	-19.037836	0.000000
0	0	82	16.467200	-18.643000	14.642700	-3.815770	70.926491	0.000000
0	0	83	60.045900	3.605520	8.631380	-24.987800	33.664309	0.000000
0	0	84	29.951000	-8.904750	25.049700	-11.872600	54.784725	0.000000
0	0	85	54.057300	-13.498400	7.286970	-5.458290	75.819036	0.000000
0	0	86	35.695800	-29.144100	-4.315340	-7.465210	-85.788732	0.000000
0	0	87	44.651600	23.270600	4.879990	13.052800	5.921829	0.000000
0	0	88	44.931300	-26.470500	-4.116220	-2.693860	-85.580586	0.000000
0	0	89	50.987600	-63.323800	-1.986420	7.477160	-89.101632	0.000000
0	0	90	57.066400	-7.697770	8.565890	13.649600	65.972286	0.000000
0	0	91	8.214040	-22.163500	-20.797800	-12.450600	-68.410383	0.000000
0	0	92	57.877100	-47.500300	31.563100	-4.684350	73.198336	0.000000
0	0	93	13.450300	-24.755500	8.597420	-39.606800	80.424113	0.000000
0	0	94	46.455300	-9.020270	11.222600	-4.796620	64.395453	0.000000
0	0	95	58.855900	0.351746	-9.460780	-14.848300	-43.935379	0.000000
0	0	96	51.294900	21.303100	4.994640	-15.973900	6.597505	0.000000
0	0	97	15.982900	7.563480	-7.388530	19.365500	-22.164813	0.000000
0	0	98	28.665900	-22.109700	36.519900	-4.483070	60.595673	0.000000
0	0	99	15.581600	3.487320	5.821740	-1.771830	29.538842	0.000000
0	0	100	14.726700	6.987050	24.678700	18.963500	37.096043	0.000000
0	0	101	-15.052900	-6.284840	15.639800	12.866200	55.946343	0.000000
0	0	102	-10.361900	-58.779700	-21.183000	8.615540	-80.090938	0.000000
0	0	103	35.724800	-34.774700	-25.622200	-8.568760	-71.808499	0.000000
0	0	104	61.932200	-2.561440	-33.597900	-10.647400	-47.179844	0.000000
0	0	105	6.755030	-21.365100	-9.204760	16.362000	-78.346048	0.000000
0	0	106	67.867600	14.459700	-0.371574	-34.273900	-0.736009	0.000000
0	0	107	41.349900	-18.342900	-5.762670	1.668060	-81.279592	0.000000
0	0	108	39.082500	-21.344700	12.057000	-36.841000	75.269579	0.000000
0	0	109	13.429500	1.947650	-8.816230	-18.215100	-38.771254	0.000000
0	0	110	41.396600	-29.408900	-21.463200	37.604100	-71.938644	0.000000
0	0	111	37.861400	6.364120	-3.513310	-59.895000	-14.450438	0.000000
0	0	112	75.099100	-30.368500	44.075500	-6.412460	62.283633	0.000000
0	0	113	45.627300	14.120300	-5.110900	-6.647190	-9.948965	0.000000
0	0	114	64.562100	-26.832200	9.492200	-9.127240	80.259090	0.000000
0	0	115	35.757400	-56.893300	-14.128100	9.936660	-83.027025	0.000000
0	0	116	51.634100	-15.350400	-2.507320	-1.166070	-85.361641	0.000000
0	0	117	16.569100	-23.401800	-11.287400	10.010300	-77.125286	0.000000
0	0	118	13.113100	-12.895500	-12.324300	-1.787540	-68.148731	0.000000
0	0	119	-34.708700	-11.201900	32.191600	-15.141200	54.593332	0.000000
0	0	120	32.771200	-12.562800	-19.073100	-17.766000	-61.685766	0.000000
0	0	121	45.043900	-18.191500	-26.854600	-16.891200	-62.056998	0.000000
0	0	122	38.478600	2.641670	22.551400	-8.690870	41.659412	0.000000
0	0	123	59.788800	-11.817300	-7.566470	7.733340	-73.684535	0.000000
0	0	124	42.028600	-21.735500	-17.323300	-0.940582	-70.722491	0.000000
0	0	125	28.062600	-5.145830	-8.432980	19.772900	-60.695834	0.000000
0	0	126	2.150160	-50.089800	-15.823200	-41.544000	-81.234424	0.000000
0	0	127	49.004300	-3.365570	6.158330	3.043830	59.328455	0.000000
0	0	128	53.131000	-41.422200	-21.789200	6.326820	-76.127207	0.000000
0	0	129	75.610900	20.309800	31.032200	27.194400	28.398127	0.000000
0	0	130	37.295600	-8.636770	7.160310	0.487605	70.169793	0.000000
0	0	131	8.489820	0.054551	-8.864690	-5.764080	-44.823712	0.000000
0	0	132	27.825200	5.619860	-21.774300	13.937900	-37.764007	0.000000
0	0	133	40.077600	-26.879200	-48.967000	6.206680	-59.381737	0.000000
0	0	134	23.046100	-19.601400	-46.015000	20.395300	-56.536481	0.000000
0	0	135	62.038500	9.275240	-13.080200	2.479930	-27.329671	0.000000
0	0	136	37.679400	8.826480	-2.157510	41.427800	-6.867908	0.000000
0	0	137	46.792000	-24.216700	9.620020	8.457200	79.167340	0.000000
0	0	138	30.996800	-22.260500	-21.392500	21.429800	-68.069562	0.000000
0	0	139	54.212300	-63.185300	-38.160900	47.527000	-74.435016	0.000000
0	0	140	42.014700	-14.557100	-24.561000	13.600400	-60.327434	0.000000
0	0	141	32.761100	-1.478390	-3.296460	33.045900	-57.077594	0.000000
0	0	142	51.355000	-46.457900	-2.664290	33.497800	-88.358885	0.000000
0	0	143	74.217400	-1.082370	15.035900	18.183800	47.058688	0.000000
0	0	144	44.966100	-56.502500	26.451700	-1.694140	77.456655	0.000000
0	0	145	45.093200	-21.102100	-14.890000	8.732240	-72.396278	0.000000
0	0	146	44.263700	-22.692600	-13.359700	36.542900	-74.756808	0.000000
0	0	147	18.107800	-72.472900	13.238700	37.669300	84.823930	0.000000
0	0	148	51.928400	-22.475900	17.238300	5.824700	71.256471	0.000000
0	0	149	27.008900	34.903600	2.160160	39.412500	1.770740	0.000000
0	0	150	49.897700	-22.704700	12.787100	10.840100	75.306073	0.000000
0	0	151	61.063700	-7.883550	8.026740	36.748600	67.242181	0.000000
0	0	152	74.844500	-7.735850	34.168900	35.413600	51.378364	0.000000
0	0	153	35.851500	-12.765800	-7.979300	22.472700	-73.996219	0.000000
0	0	154	59.951800	4.020220	16.807300	-8.313310	38.273946	0.000000
0	0	155	61.021800	6.728580	40.576500	-3.690230	40.292315	0.000000
0	0	156	36.627800	-21.704700	-3.681250	15.340400	-85.186945	0.000000
0	0	157	47.719700	-27.667900	6.586600	35.233200	83.304726	0.000000
0	0	158	33.180000	-23.621900	29.551300	32.914200	64.318587	0.000000
0	0	159	25.943200	17.820100	27.554100	-18.588700	28.553993	0.000000
0	0	160	20.545900	1.627060	-19.665500	-1.148020	-42.635152	0.000000
0	0	161	33.006700	-10.194800	18.854000	13.479900	59.200565	0.000000
0	0	162	37.609000	3.141950	-11.674600	-12.369400	-37.468528	0.000000
0	0	163	59.119300	-40.509000	1.165830	11.396800	89.175755	0.000000
0	0	164	40.464300	-15.289700	7.448920	3.122950	77.012664	0.000000
0	0	165	44.483500	30.232600	2.013550	-0.135679	1.905192	0.000000
0	0	166	9.394380	-11.628400	17.815100	17.663100	61.566788	0.000000
0	0	167	101.287000	-24.138600	35.375000	5.234790	62.154095	0.000000
0	0	168	51.122100	-56.333600	24.755600	4.391550	78.138542	0.000000
0	0	169	79.893200	-51.385400	-30.962500	28.103800	-74.464374	0.000000
0	0	170	31.813500	-20.899100	-16.143400	10.622000	-71.157948	0.000000
0	0	171	5.158530	-16.043500	10.089900	20.504800	73.916924	0.000000
0	0	172	31.650800	-1.300790	16.850800	12.034700	47.207084	0.000000
0	0	173	42.121300	6.088990	7.377360	4.822360	25.232521	0.000000
0	0	174	63.546300	-25.472100	23.145700	9.070580	68.869779	0.000000
0	0	175	44.808500	-65.662500	0.715286	-5.190060	89.687940	0.000000
0	0	176	70.805900	-0.445669	-39.928700	19.109900	-45.319744	0.000000
0	0	177	60.705400	-2.323150	-0.060066	32.399900	-89.259460	0.000000
0	0	178	50.082000	-15.439000	4.011350	-15.239900	82.717741	0.000000
0	0	179	71.227500	-16.321300	8.323640	17.296400	76.489520	0.000000
0	0	180	50.757500	-51.861400	29.674900	-3.748020	75.110985	0.000000
0	0	181	40.211700	-0.691280	5.344110	15.166700	48.685245	0.000000
0	0	182	57.335000	-17.620400	-42.969400	24.180700	-56.148496	0.000000
0	0	183	104.860000	-16.426200	-5.963070	34.008500	-80.023998	0.000000
0	0	184	64.399400	-24.982200	-14.449900	31.795100	-74.977288	0.000000
0	0	185	101.935000	-16.821100	12.499900	36.300400	71.691826	0.000000
0	0	186	74.046700	8.433200	-4.191090	49.125700	-13.213115	0.000000
0	0	187	43.377400	1.845410	7.115760	15.050200	37.730572	0.000000
0	0	188	60.028900	-34.114200	-25.276200	12.557300	-71.732090	0.000000
0	0	189	56.558500	-67.756200	15.835600	29.635100	83.422636	0.000000
0	0	190	144.395000	-31.470600	1.342620	55.404800	88.778545	0.000000
0	0	191	92.421600	-21.253000	-18.248500	36.500400	-69.674783	0.000000
0	0	192	87.282900	6.750730	17.208700	36.757900	34.290312	0.000000
0	0	193	65.846600	5.823930	-23.428200	15.529800	-38.020008	0.000000
0	0	194	66.815800	-27.612900	-14.754000	22.506000	-75.941860	0.000000
0	0	195	60.528100	-10.207500	-7.496560	45.471500	-71.852906	0.000000
0	0	196	25.066200	2.101250	2.350750	17.743900	24.103814	0.000000
0	0	197	86.007700	-29.122800	12.993500	34.690900	77.977683	0.000000
0	0	198	76.242000	-9.002770	-21.778400	64.044500	-56.229628	0.000000
0	0	199	40.487500	16.056100	-28.849600	51.913600	-30.451047	0.000000
0	0	200	69.328600	27.316800	6.698710	1.935060	6.889179	0.000000
0	0	201	90.915600	-17.621700	-4.910400	14.811300	-82.214581	0.000000
0	0	202	126.474000	-18.056500	38.308700	71.202800	57.618236	0.000000
0	0	203	78.542300	-2.046210	-1.308230	46.664700	-73.703735	0.000000
0	0	204	37.723500	-5.486910	10.791300	32.594600	58.475685	0.000000
0	0	205	85.934200	-1.346330	-9.124620	21.735300	-49.196692	0.000000
0	0	206	83.270200	7.982580	0.881771	70.737700	3.151723	0.000000
0	0	207	32.949900	-14.645600	24.219500	37.005500	60.580736	0.000000
0	0	208	66.132300	-19.953800	24.879200	-6.878960	64.365284	0.000000
0	0	209	64.299300	-15.044600	-5.139720	32.046700	-80.569090	0.000000
0	0	210	69.193000	-27.269400	11.375900	49.258500	78.677851	0.000000
0	0	211	78.428700	-3.242700	0.261475	51.022900	87.694966	0.000000
0	0	212	67.087200	-8.654920	5.671580	37.223900	73.381562	0.000000
0	0	213	64.625800	8.807730	11.123000	59.216000	25.813057	0.000000
0	0	214	70.148000	-31.002000	35.249800	62.670500	65.665723	0.000000
0	0	215	109.695000	3.560180	-18.306400	25.158900	-39.497321	0.000000
0	0	216	86.787500	-11.647600	16.964900	33.159400	62.236172	0.000000
0	0	217	80.160300	-56.504500	30.826700	61.688700	75.692401	0.000000
0	0	218	114.889000	-21.454100	-16.679700	48.632300	-71.068185	0.000000
0	0	219	112.918000	-30.584600	9.699230	25.658100	81.202363	0.000000
0	0	220	88.513100	-11.972300	41.875000	46.917500	52.977767	0.000000
0	0	221	72.044900	-44.573300	-0.569538	42.979100	-89.633970	0.000000
0	0	222	95.866200	1.255580	20.687000	66.573400	43.263371	0.000000
0	0	223	82.780200	2.429460	-18.241100	62.915000	-41.206824	0.000000
0	0	224	118.887000	-24.308000	0.066826	54.522900	89.921243	0.000000
0	0	225	116.892000	-19.581800	13.406900	12.610500	72.801034	0.000000
0	0	226	87.152000	-46.950600	21.586500	39.033000	77.654212	0.000000
0	0	227	46.387100	-27.597400	13.767400	40.636100	76.743479	0.000000
0	0	228	93.966900	-38.186100	-0.144913	64.429400	-89.891284	0.000000
0	0	229	101.441000	-19.949100	15.517200	73.320200	71.061405	0.000000
0	0	230	69.498900	-26.038800	24.944500	53.881900	68.114801	0.000000
0	0	231	97.394900	-35.680800	4.329150	37.097000	86.541060	0.000000
0	0	232	115.024000	-18.999500	22.690100	29.614000	64.970520	0.000000
0	0	233	96.010300	10.038100	28.532900	71.088600	35.308862	0.000000
0	0	234	118.252000	-25.833200	2.736420	57.563500	86.976704	0.000000
0	0	235	50.948400	-28.065400	0.800632	85.559500	89.182973	0.000000
0	0	236	104.059000	-53.707000	9.368750	53.291400	85.052393	0.000000
0	0	237	106.604000	-42.151400	18.036400	46.882600	78.417065	0.000000
0	0	238	105.724000	-14.624400	-14.452300	60.908600	-67.669560	0.000000
0	0	239	123.334000	-38.812900	-4.180740	30.586000	-86.926038	0.000000
0	0	240	103.854000	0.087134	-11.114200	61.256100	-44.775408	0.000000
0	0	241	87.409200	14.672900	-8.347260	51.333800	-14.817548	0.000000
0	0	242	106.901000	-10.228700	7.627140	44.716400	71.644776	0.000000
0	0	243	122.659000	20.114800	16.667900	96.381700	19.823229	0.000000
0	0	244	100.194000	-45.066300	5.357790	68.384500	86.610054	0.000000
0	0	245	123.333000	1.453600	-25.465900	63.745600	-43.366544	0.000000
0	0	246	96.991200	-9.301110	17.167800	46.644200	59.223896	0.000000
0	0	247	86.349400	-28.155100	32.915600	70.776400	65.271385	0.000000
0	0	248	103.057000	-43.275900	-29.847000	18.644300	-72.703160	0.000000
0	0	249	58.953500	10.137200	17.070600	57.201400	29.648239	0.000000
0	0	250	94.839800	-5.803970	38.887400	63.735400	49.244386	0.000000
0	0	251	103.130000	-24.241000	5.996130	46.101400	83.053242	0.000000
0	0	252	100.679000	-35.315400	18.435200	39.261700	76.217363	0.000000
0	0	253	106.971000	-11.786700	65.106600	39.034100	50.130756	0.000000
0	0	254	115.502000	-11.189900	41.320300	50.104700	52.576379	0.000000
0	0	255	124.272000	-8.907870	-10.956300	92.029400	-64.556182	0.000000
0	0	256	179.491000	-30.563900	-5.521480	39.904400	-84.879877	0.000000
0	0	257	127.401000	-15.764100	15.736100	75.196200	67.525465	0.000000
0	0	258	117.217000	-17.033300	-12.521200	48.502200	-71.840174	0.000000
0	0	259	101.774000	-57.623100	13.731400	49.264600	83.298287	0.000000
0	0	260	153.233000	-10.721600	20.686900	95.783900	58.698395	0.000000
0	0	261	155.800000	-30.192600	34.449000	46.402100	65.616366	0.000000
0	0	262	178.720000	-13.615300	5.834280	103.393000	78.402213	0.000000
0	0	263	158.652000	-13.764300	12.039400	20.468800	69.412181	0.000000
0	0	264	207.146000	-56.246400	10.026500	103.044000	84.946302	0.000000
0	0	265	178.165000	-43.785200	23.638900	66.098300	75.818065	0.000000
0	0	266	206.528000	-17.938300	15.883900	74.074200	69.237971	0.000000
0	0	267	193.256000	-49.377400	32.631000	106.464000	73.270661	0.000000
0	0	268	207.302000	-74.726000	27.128600	110.461000	80.023514	0.000000
0	0	269	183.359000	-48.061700	12.331500	71.340900	82.804836	0.000000
0	0	270	173.939000	-41.946600	0.636063	102.147000	89.565627	0.000000
0	0	271	149.442000	0.267604	41.930300	91.547300	44.817168	0.000000
0	0	272	200.468000	-40.804500	-6.905490	67.585800	-85.197321	0.000000
0	0	273	179.610000	-76.114700	27.956100	86.807200	79.916133	0.000000
0	0	274	180.233000	-50.443100	42.258900	68.136000	70.022640	0.000000
0	0	275	169.994000	-67.419200	23.886700	82.515500	80.245353	0.000000
0	0	276	128.542000	-41.793900	28.844100	96.254800	72.694233	0.000000
0	0	277	174.558000	-59.167700	42.326400	75.090400	72.210731	0.000000
0	0	278	123.355000	-83.138600	17.784700	94.614400	83.962741	0.000000
0	0	279	143.384000	-53.902400	-3.266230	66.760700	-88.266194	0.000000
0	0	280	160.957000	-42.998800	29.140800	105.145000	72.937019	0.000000
0	0	281	208.589000	9.196720	12.129000	89.783400	26.414530	0.000000
0	0	282	143.743000	-19.712700	48.958600	61.130600	55.965849	0.000000
0	0	283	161.023000	-66.070100	38.482100	52.894400	74.890809	0.000000
0	0	284	136.650000	-25.712600	-4.383700	92.225000	-85.162380	0.000000
0	0	285	176.129000	-39.410300	-2.188820	62.059500	-88.410550	0.000000
0	0	286	159.509000	-56.617700	-5.587390	81.623100	-87.181971	0.000000
0	0	287	165.369000	6.329230	21.711400	102.198000	36.873864	0.000000
0	0	288	181.324000	-59.000600	-12.490600	76.236600	-84.023402	0.000000
0	0	289	198.931000	-30.187700	11.467900	97.003900	79.599446	0.000000
0	0	290	181.904000	-54.177100	21.812900	78.962700	79.034596	0.000000
0	0	291	208.527000	-41.590500	4.266690	104.912000	87.071313	0.000000
0	0	292	147.735000	48.712700	31.359700	32.701000	16.386079	0.000000
0	0	293	110.527000	-0.000861	-29.706100	90.932300	-45.000830	0.000000
0	0	294	153.619000	-23.121000	-26.501000	80.719800	-65.551660	0.000000
0	0	295	170.757000	-42.378900	-18.675000	51.825700	-78.109238	0.000000
0	0	296	132.952000	-34.413900	-26.726300	96.642600	-71.083302	0.000000
0	0	297	156.435000	-82.189000	0.843079	96.006100	89.706146	0.000000
0	0	298	153.754000	-63.015000	25.775200	87.303100	78.876915	0.000000
0	0	299	155.067000	-8.183610	-31.455600	82.788700	-52.291505	0.000000
0	0	300	189.978000	-73.570000	10.026300	38.284700	86.119700	0.000000
0	0	301	188.857000	-74.698900	-15.021500	63.300300	-84.314905	0.000000
0	0	302	205.143000	-42.913800	-25.958300	49.606500	-74.415254	0.000000
0	0	303	200.619000	-24.583400	-16.392300	73.378300	-73.152250	0.000000
0	0	304	191.649000	-36.053300	-5.412860	89.516400	-85.730837	0.000000
0	0	305	165.964000	-89.635500	-8.845180	81.972100	-87.182165	0.000000
0	0	306	188.158000	-65.849300	-29.452800	104.198000	-77.951093	0.000000
0	0	307	211.311000	-85.360300	-51.263500	80.073900	-74.506447	0.000000
0	0	308	239.531000	-59.420200	-69.650300	59.865700	-65.234111	0.000000
0	0	309	242.390000	-62.079800	-36.489700	117.837000	-74.776770	0.000000
0	0	310	231.445000	-38.543400	-28.192500	65.756600	-71.908232	0.000000
0	0	311	217.085000	-35.213000	-52.538500	87.516900	-61.915635	0.000000
0	0	312	239.159000	-28.011600	-76.848400	76.736000	-55.013517	0.000000
0	0	313	192.502000	-46.368400	-56.825200	46.989600	-64.606931	0.000000
0	0	314	227.213000	-60.060200	-15.523700	74.304400	-82.753990	0.000000
0	0	315	208.306000	-2.458760	-39.819500	39.197800	-46.766696	0.000000
0	0	316	228.150000	-53.202200	-32.602800	44.492200	-74.249824	0.000000
0	0	317	183.317000	-9.165580	-27.888500	16.728400	-54.096577	0.000000
0	0	318	158.604000	0.224417	-13.512800	41.741800	-44.524267	0.000000
0	0	319	185.707000	-38.039500	5.466060	41.306800	85.911448	0.000000
0	0	320	208.421000	-17.178300	-19.076200	60.341900	-66.001669	0.000000
0	0	321	186.896000	-2.140350	-52.199800	34.653800	-46.173993	0.000000
0	0	322	185.576000	3.234410	-41.577800	45.489200	-42.775910	0.000000
0	0	323	182.589000	-17.617000	7.314510	28.277200	78.725982	0.000000
0	0	324	225.700000	-9.832850	-31.970100	0.311825	-53.548005	0.000000
0	0	325	198.139000	-52.438700	-42.060800	16.978100	-70.633544	0.000000
0	0	326	228.989000	-17.556300	-4.434640	101.458000	-82.911943	0.000000
0	0	327	174.242000	-10.163800	-59.465400	43.672200	-49.849622	0.000000
0	0	328	193.621000	-32.209300	-1.355430	30.860600	-88.795152	0.000000
0	0	329	167.959000	13.817800	-6.527840	48.476000	-12.643553	0.000000
0	0	330	216.863000	-7.086110	-1.524520	49.487200	-83.929171	0.000000
0	0	331	146.651000	22.218100	-5.284900	54.976700	-6.689996	0.000000
0	0	332	143.021000	-13.835700	17.451100	61.106500	64.204162	0.000000
0	0	333	131.922000	12.497900	39.833500	48.563600	36.290284	0.000000
0	0	334	150.106000	1.814850	18.537000	45.207400	42.204162	0.000000
0	0	335	139.746000	-4.100180	-4.395650	42.904800	-66.504078	0.000000
0	0	336	131.254000	-11.187000	15.210600	8.032450	63.166757	0.000000
0	0	337	138.653000	-1.161650	-8.217140	31.766400	-49.023267	0.000000
0	0	338	158.498000	32.455700	36.321000	43.778200	24.108340	0.000000
0	0	339	138.588000	13.201900	13.754500	33.424500	23.087193	0.000000
0	0	340	146.244000	34.307000	-5.475180	37.908000	-4.533788	0.000000
0	0	341	167.178000	10.528000	26.582400	-13.146800	34.196941	0.000000
0	0	342	92.518100	-26.158800	12.318000	31.998900	77.392287	0.000000
0	0	343	112.760000	36.472200	53.172300	4.062360	27.776403	0.000000
0	0	344	108.177000	1.659700	23.671500	-8.836780	42.994668	0.000000
0	0	345	110.662000	17.832900	15.248200	19.013900	20.266215	0.000000
0	0	346	67.901800	39.232400	21.472700	5.301290	14.346398	0.000000
0	0	347	122.821000	8.724170	17.122200	3.769560	31.500035	0.000000
0	0	348	159.823000	14.853600	-6.132770	6.398760	-11.217401	0.000000
0	0	349	96.063600	31.312600	31.536900	-9.625700	22.602239	0.000000
0	0	350	129.494000	-6.168520	10.564600	23.815500	60.140025	0.000000
0	0	351	91.284100	44.551200	11.105700	33.387600	6.998691	0.000000
0	0	352	91.579700	8.295500	23.652100	39.993900	35.336352	0.000000
0	0	353	118.205000	2.639520	52.378100	-13.280600	43.557550	0.000000
0	0	354	179.047000	-34.341800	33.101300	62.600600	68.026869	0.000000
0	0	355	146.901000	-13.778300	23.774000	-0.510944	60.047289	0.000000
0	0	356	175.927000	-4.699850	64.930100	-4.958070	47.070017	0.000000
0	0	357	157.038000	1.382990	38.529000	6.101610	43.972132	0.000000
0	0	358	108.908000	31.178900	-1.338270	10.391400	-1.228879	0.000000
0	0	359	124.589000	-36.025900	68.480300	4.162340	58.873909	0.000000
0	0	360	113.480000	-23.660300	46.584600	12.724600	58.462999	0.000000
0	0	361	120.637000	3.757540	62.713300	38.307800	43.285578	0.000000
0	0	362	129.381000	-20.750700	38.553800	-8.745000	59.145171	0.000000
0	0	363	146.293000	26.823600	56.042200	-28.245300	32.211362	0.000000
0	0	364	122.294000	28.755700	44.619400	-2.589600	28.599792	0.000000
0	0	365	106.776000	19.591200	36.355600	-36.053400	30.840395	0.000000
0	0	366	147.726000	-10.395200	38.237500	-12.665800	52.604396	0.000000
0	0	367	53.890100	22.168600	55.812400	-5.307400	34.168550	0.000000
0	0	368	67.575100	-31.645400	15.211500	4.627130	77.163530	0.000000
0	0	369	108.689000	16.710200	32.223900	16.186800	31.295154	0.000000
0	0	370	63.366000	-10.262000	59.326800	-19.716000	49.906790	0.000000
0	0	371	110.883000	2.662720	7.111750	-23.619900	34.736764	0.000000
0	0	372	25.976700	12.376700	-10.174400	-41.946800	-19.711142	0.000000
0	0	373	65.514800	27.604200	-19.588400	-47.574200	-17.680073	0.000000
0	0	374	119.366000	-18.246200	41.956200	-58.804600	56.751794	0.000000
0	0	375	90.607900	37.492200	-7.971290	-15.914500	-6.001518	0.000000
0	0	376	94.453800	-13.675800	47.339200	-66.510400	53.056726	0.000000
0	0	377	104.657000	-22.365500	17.649400	-53.887700	70.860896	0.000000
0	0	378	109.318000	-12.443300	14.423700	-19.047800	65.392140	0.000000
0	0	379	97.168600	-13.728600	22.487500	-32.771600	60.702015	0.000000
0	0	380	69.579700	38.987800	45.070600	-15.081100	24.569468	0.000000
0	0	381	105.614000	23.979000	17.068500	-10.909000	17.721827	0.000000
0	0	382	125.618000	-2.998580	31.812000	-59.187800	47.692378	0.000000
0	0	383	74.738700	-4.184970	30.621500	-53.309200	48.891134	0.000000
0	0	384	102.527000	-5.893670	6.498950	-11.096000	66.101892	0.000000
0	0	385	53.678300	4.757330	43.225300	25.549800	41.859683	0.000000
0	0	386	79.887800	-5.552530	7.930050	-30.343000	62.499634	0.000000
0	0	387	88.343300	-17.670000	52.158200	-51.090900	54.357600	0.000000
0	0	388	84.877500	-11.337900	17.763000	-23.537700	61.274790	0.000000
0	0	389	53.556600	-8.802060	28.129700	-13.120100	53.687708	0.000000
0	0	390	98.749800	27.758400	-4.783430	-85.486200	-4.888697	0.000000
0	0	391	76.093800	7.992580	38.456600	-58.318100	39.129573	0.000000
0	0	392	110.032000	-15.674800	8.776820	-28.175000	75.377073	0.000000
0	0	393	100.920000	-16.518400	25.477000	-66.364900	61.478986	0.000000
0	0	394	39.355800	-37.291000	8.495680	-26.139700	83.582928	0.000000
0	0	395	49.190700	12.926500	12.807700	20.861900	22.367750	0.000000
0	0	396	17.713100	6.524200	-15.469400	-13.254500	-33.566238	0.000000
0	0	397	63.769100	18.656100	4.770440	20.312600	7.171710	0.000000
0	0	398	118.081000	0.743019	-7.149630	-53.970100	-42.033443	0.000000
0	0	399	94.176400	19.999700	35.531400	-57.885700	30.312986	0.000000
0	0	400	93.605200	-25.051600	55.930600	-33.517200	57.063925	0.000000
0	0	401	118.128000	-13.406600	46.110600	-80.239100	53.105862	0.000000
0	0	402	113.295000	12.622900	31.067300	-35.423700	33.943844	0.000000
0	0	403	117.538000	-9.488750	50.103400	-68.990600	50.361932	0.000000
0	0	404	142.834000	-7.082240	33.035300	-50.450100	51.050071	0.000000
0	0	405	87.627500	-13.645200	27.361600	-40.569800	58.252691	0.000000
0	0	406	97.807300	1.332650	43.746300	-17.282400	44.127565	0.000000
0	0	407	34.704900	-4.820360	19.868800	-55.666400	51.818510	0.000000
0	0	408	87.874800	13.862000	6.428170	7.233220	12.439191	0.000000
0	0	409	131.198000	-57.935400	10.641400	-11.116000	84.796047	0.000000
0	0	410	63.286200	1.531270	-1.949120	-46.721100	-25.923036	0.000000
0	0	411	49.772800	13.161100	51.998700	-27.893200	37.898236	0.000000
0	0	412	41.518900	17.220400	32.656900	-36.282900	31.098373	0.000000
0	0	413	52.394800	20.572500	30.388800	-54.015400	27.951464	0.000000
0	0	414	81.912300	-8.671810	-5.291630	0.391631	-74.304009	0.000000
0	0	415	104.486000	-3.838130	-1.546200	3.947840	-79.028920	0.000000
0	0	416	100.390000	-12.159600	5.990670	-52.726200	76.885958	0.000000
0	0	417	94.981000	4.920250	-20.888200	0.984910	-38.372750	0.000000
0	0	418	59.832400	-4.434500	-4.096980	6.929620	-68.632769	0.000000
0	0	419	54.930600	14.249800	-8.739440	7.293740	-15.760450	0.000000
0	0	420	107.437000	-9.585250	-5.129920	-29.499700	-75.922401	0.000000
0	0	421	71.619400	-1.035330	17.236800	-30.602400	46.718673	0.000000
0	0	422	55.744500	-13.758800	-7.074870	4.548480	-76.393730	0.000000
0	0	423	93.461800	15.426200	-1.990290	-39.355900	-3.675847	0.000000
0	0	424	39.322300	-5.358430	-7.158620	2.948750	-63.407948	0.000000
0	0	425	36.883800	6.869420	11.313900	-32.185800	29.367641	0.000000
0	0	426	73.107200	-39.619700	16.521400	-60.337100	78.681941	0.000000
0	0	427	86.081900	-11.607400	-8.659670	20.935800	-71.637659	0.000000
0	0	428	47.268500	-1.951520	-65.160500	-22.414500	-45.857732	0.000000
0	0	429	61.422600	-9.490460	2.435910	-1.382320	82.802339	0.000000
0	0	430	38.885200	-13.961200	-10.385800	12.661200	-71.677137	0.000000
0	0	431	54.981300	-14.271700	21.792400	-2.563890	61.610263	0.000000
0	0	432	42.527900	-37.405200	-6.610470	-16.915600	-84.988915	0.000000
0	0	433	62.853400	-5.331960	30.567100	-44.152300	49.947405	0.000000
0	0	434	77.297400	35.024700	11.453100	-25.896500	9.053889	0.000000
0	0	435	61.620900	-17.858800	15.198600	-22.436300	69.800400	0.000000
0	0	436	68.878400	-15.967800	10.335800	3.852010	73.542707	0.000000
0	0	437	55.018000	-3.466330	36.914700	6.625590	47.682203	0.000000
0	0	438	59.909100	28.456700	15.597000	-0.468855	14.363483	0.000000
0	0	439	86.247400	-12.134500	-11.235200	-19.687600	-68.601869	0.000000
0	0	440	23.852700	11.624300	-25.124300	-18.838600	-32.585680	0.000000
0	0	441	72.147700	5.324090	27.959200	-1.178170	39.609306	0.000000
0	0	442	9.148230	0.464825	31.983500	18.829000	44.583682	0.000000
0	0	443	79.748600	20.244100	1.775540	-15.632200	2.506194	0.000000
0	0	444	21.809700	-26.101800	31.778600	-13.103400	64.699227	0.000000
0	0	445	63.496300	-28.952100	-18.497900	-7.630980	-73.712462	0.000000
0	0	446	63.108500	-2.433980	-1.523550	24.231700	-73.977744	0.000000
0	0	447	32.477500	-26.750500	26.071400	-8.815830	67.868289	0.000000
0	0	448	61.313100	18.334500	6.107860	-39.841600	9.212355	0.000000
0	0	449	60.682400	1.066410	3.306390	8.076360	36.061966	0.000000
0	0	450	40.924000	10.182900	10.423100	28.266000	22.833928	0.000000
0	0	451	7.900070	9.432420	16.143000	32.436800	29.851042	0.000000
0	0	452	3.401270	-7.183640	3.251190	-4.789560	77.824662	0.000000
0	0	453	0.045389	-15.605800	6.145880	24.244400	79.252238	0.000000
0	0	454	3.536830	32.779800	63.485500	-5.573120	31.345550	0.000000
0	0	455	14.173900	-9.668580	-30.413200	21.402400	-53.817922	0.000000
0	0	456	28.720000	9.092500	-11.287000	40.690400	-25.573014	0.000000
0	0	457	11.604700	3.605990	-4.337870	-22.867300	-25.131944	0.000000
0	0	458	34.175700	20.002900	-11.225500	-21.712000	-14.650431	0.000000
0	0	459	1.791630	-19.255800	23.909900	-1.825950	64.423088	0.000000
0	0	460	18.271400	-14.035700	-22.162600	26.023900	-61.173156	0.000000
0	0	461	41.822000	8.989370	7.453880	6.042830	19.832562	0.000000
0	0	462	30.758000	-61.256300	5.621150	8.536600	87.378484	0.000000
0	0	463	30.890800	-5.269030	21.482500	2.763030	51.890468	0.000000
0	0	464	30.793500	-0.335599	-13.011400	-11.343200	-45.738742	0.000000
0	0	465	16.698200	-19.657600	0.665465	-18.387500	89.030559	0.000000
0	0	466	14.806300	13.460500	10.441300	-23.393600	18.900353	0.000000
0	0	467	23.825800	-25.341900	15.384100	-13.787500	74.369830	0.000000
0	0	468	49.021600	25.232600	3.264440	-13.865500	3.685816	0.000000
0	0	469	-19.071000	-23.225400	21.577100	11.753600	68.553491	0.000000
0	0	470	14.531100	-7.975760	-12.956500	17.719200	-60.807807	0.000000
0	0	471	35.364400	6.035790	-5.420430	-5.281850	-20.962683	0.000000
0	0	472	49.013200	6.011210	-19.917000	-26.900300	-36.602751	0.000000
0	0	473	12.888100	-2.874520	-27.648100	11.637000	-47.967804	0.000000
0	0	474	45.025900	5.074400	-14.518500	-4.402150	-35.367416	0.000000
0	0	475	52.853500	19.002700	-32.136200	36.957600	-29.701714	0.000000
0	0	476	47.772300	14.764600	-9.894780	23.409800	-16.914388	0.000000
0	0	477	39.030500	2.887890	-32.957500	-49.878400	-42.496133	0.000000
0	0	478	31.905400	-43.685900	3.866450	28.536700	87.471089	0.000000
0	0	479	40.743200	-21.661400	8.596980	6.037980	79.176427	0.000000
0	0	480	7.593720	14.097600	-24.178200	31.775400	-29.877396	0.000000
0	0	481	15.045700	-8.699490	48.593800	6.387410	50.074919	0.000000
0	0	482	23.114700	4.104290	7.677420	8.957550	30.935690	0.000000
0	0	483	49.076000	-52.708000	-2.417580	-14.818400	-88.686916	0.000000
0	0	484	-5.479950	-7.034150	-25.057900	-12.260500	-52.840137	0.000000
0	0	485	20.318900	-17.743500	-5.123420	37.598100	-81.946987	0.000000
0	0	486	8.851320	9.857210	-6.011120	2.285300	-15.687829	0.000000
0	0	487	17.779800	-2.628430	15.321300	-3.254820	49.867279	0.000000
0	0	488	-8.103080	-9.773170	10.214200	17.599900	66.867974	0.000000
0	0	489	38.545300	11.813700	19.541100	11.645600	29.422333	0.000000
0	0	490	51.069500	-2.173620	22.736400	-14.985400	47.730465	0.000000
0	0	491	46.432800	14.030100	6.231700	-18.019100	11.974594	0.000000
0	0	492	23.719400	-27.243800	6.067260	26.649300	83.722488	0.000000
0	0	493	0.805651	-28.678200	-10.915800	-19.449700	-79.580822	0.000000
0	0	494	26.411700	-37.456500	-29.779800	-2.628970	-70.756768	0.000000
0	0	495	33.337700	-18.445200	21.256200	3.434300	65.475007	0.000000
0	0	496	27.699300	13.635200	-25.868400	-0.197897	-31.103172	0.000000
0	0	497	-12.484000	4.867930	16.511100	-6.193460	36.786511	0.000000
0	0	498	20.131800	-9.911120	-3.251090	-1.292110	-80.919622	0.000000
0	0	499	16.664100	28.613600	-32.504300	-8.838160	-24.321236	0.000000
0	0	500	26.368300	-5.163440	-1.100880	-24.891600	-83.982182	0.000000
0	0	501	10.996000	7.592010	-37.006600	-2.014410	-39.203234	0.000000
0	0	502	13.598600	1.374980	63.070500	5.391690	44.375555	0.000000
0	0	503	6.666370	-14.156600	6.493440	-27.832700	77.679860	0.000000
0	0	504	11.119800	9.509960	-18.648200	13.011300	-31.489968	0.000000
0	0	505	-25.713900	19.853300	-43.873800	23.484600	-32.826404	0.000000
0	0	506	-17.693400	-5.527590	-8.317420	-5.812590	-61.803606	0.000000
0	0	507	39.172700	-2.015940	-2.354080	-5.863470	-65.287714	0.000000
0	0	508	-0.840265	-51.379700	31.035600	-5.218390	74.433088	0.000000
0	0	509	11.323700	15.344800	6.487860	-0.305411	11.459445	0.000000
0	0	510	22.813200	-19.380800	6.729720	13.024200	80.425568	0.000000
0	0	511	38.798800	24.745700	-9.686500	20.975900	-10.688724	0.000000
0	0	512	27.913800	27.767000	2.995870	-3.419190	3.079001	0.000000
0	0	513	-9.501300	22.924300	11.544400	10.514500	13.364636	0.000000
0	0	514	15.791600	-16.637100	-37.257600	1.007620	-57.031395	0.000000
0	0	515	-2.160120	-45.854200	-3.351900	31.607500	-87.909584	0.000000
0	0	516	19.732300	7.027450	-18.187500	27.971600	-34.437008	0.000000
0	0	517	36.923400	14.465200	0.457451	24.235000	0.905666	0.000000
0	0	518	9.822010	35.101500	23.358100	26.377500	16.820781	0.000000
0	0	519	7.758240	22.878400	17.661100	2.861230	18.833266	0.000000
0	0	520	18.493000	3.389130	-4.996600	32.354400	-27.925728	0.000000
0	0	521	-0.881186	-28.009800	34.241800	-7.846910	64.641587	0.000000
0	0	522	26.717000	-8.288420	16.099500	-17.260300	58.620264	0.000000
0	0	523	13.529400	-17.932300	-22.139800	-17.138100	-64.503003	0.000000
0	0	524	24.998900	45.524100	18.129100	16.908600	10.856986	0.000000
0	0	525	-6.754120	1.929760	-5.585120	-21.919800	-35.469521	0.000000
0	0	526	24.138700	-4.250240	-25.156700	22.767000	-49.794799	0.000000
0	0	527	11.143600	23.117400	8.480430	63.636900	10.072576	0.000000
0	0	528	-14.360800	-30.518300	26.177900	10.636500	69.688881	0.000000
0	0	529	55.946300	37.944600	-10.707100	6.004500	-7.878927	0.000000
0	0	530	-27.408300	-39.580300	36.471500	42.404500	68.670400	0.000000
0	0	531	8.763470	-21.038600	0.801001	24.042200	88.909818	0.000000
0	0	532	19.146200	-5.542740	-2.062160	1.205900	-79.796216	0.000000
0	0	533	-17.001200	4.453640	10.475400	4.247330	33.483560	0.000000
0	0	534	2.019540	1.590080	-4.254850	21.189300	-34.754391	0.000000
0	0	535	36.521500	-18.454800	4.442460	1.736070	83.232603	0.000000
0	0	536	17.005400	39.534000	-11.957900	-5.069930	-8.414529	0.000000
0	0	537	3.445770	-27.927400	-26.650700	34.076600	-68.170014	0.000000
0	0	538	37.760700	-9.751910	-4.245900	-0.469246	-78.236047	0.000000
0	0	539	20.951700	0.189374	21.159800	2.180410	44.743617	0.000000
0	0	540	-0.971888	-17.974700	15.364100	-12.708000	69.738709	0.000000
0	0	541	22.243400	15.045600	-44.406900	29.279200	-35.641496	0.000000
0	0	542	15.168200	-28.647900	10.211200	-37.225200	80.191001	0.000000
0	0	543	27.570500	9.982830	8.797060	27.607300	20.693558	0.000000
0	0	544	15.062800	-9.215400	8.095950	0.076020	69.349959	0.000000
0	0	545	-1.965520	-13.914000	3.335570	49.357300	83.259512	0.000000
0	0	546	-7.156960	41.093800	-3.117180	9.824050	-2.168939	0.000000
0	0	547	-7.936240	17.134600	14.404600	16.436800	20.026434	0.000000
0	0	548	-14.136900	18.352700	5.148100	0.534366	7.834647	0.000000
0	0	549	-28.691900	32.228500	1.998740	27.119700	1.774406	0.000000
0	0	550	25.809000	13.180000	15.155300	12.697900	24.493865	0.000000
0	0	551	42.528800	-18.584200	-21.964200	-4.465760	-65.117501	0.000000
0	0	552	-2.035790	-15.224000	16.764500	35.402300	66.121442	0.000000
0	0	553	12.449500	-16.964400	-1.722550	16.500400	-87.101055	0.000000
0	0	554	37.237200	-26.970900	-6.238620	22.213400	-83.488004	0.000000
0	0	555	13.301700	-60.033900	-22.742800	16.728300	-79.625839	0.000000
0	0	556	7.592420	-11.323000	-0.205154	-9.533620	-89.481004	0.000000
0	0	557	41.345000	-22.635500	10.536700	11.553900	77.519141	0.000000
0	0	558	29.912900	22.089800	-16.198200	50.647700	-18.126087	0.000000
0	0	559	-31.273000	-25.613900	19.226300	13.863900	71.553691	0.000000
0	0	560	16.879200	17.688600	8.531950	35.051300	12.874977	0.000000
0	0	561	37.186800	11.684600	-35.128400	-6.763810	-35.800781	0.000000
0	0	562	-21.475900	-12.955700	15.113300	-22.469700	65.302224	0.000000
0	0	563	16.419100	30.163400	-3.382830	-4.679100	-3.199496	0.000000
0	0	564	6.594770	6.755470	-18.704900	18.066600	-35.071143	0.000000
0	0	565	31.664000	29.718100	-21.265400	4.336210	-17.793199	0.000000
0	0	566	7.467840	29.587800	53.591600	-14.042500	30.548506	0.000000
0	0	567	-13.559700	-16.863000	-46.554200	-10.994400	-54.955775	0.000000
0	0	568	-25.984800	6.506550	-27.792300	29.592300	-38.411799	0.000000
0	0	569	25.050100	13.956400	5.978270	-1.259030	11.594016	0.000000
0	0	570	12.886300	10.584900	-3.092040	4.472330	-8.142017	0.000000
0	0	571	12.569000	-3.205780	-25.726300	13.297100	-48.551535	0.000000
0	0	572	-0.575145	-26.296200	-23.422100	-6.277360	-69.154227	0.000000
0	0	573	43.834900	8.330720	-13.200900	-17.766400	-28.872559	0.000000
0	0	574	0.751339	13.562300	-13.198900	43.076000	-22.111004	0.000000
0	0	575	54.025700	-20.419100	2.310320	9.207900	86.772360	0.000000
0	0	576	3.807330	8.250150	-48.380000	56.872100	-40.161274	0.000000
0	0	577	-2.480960	-6.360480	11.710200	-23.087700	59.254459	0.000000
0	0	578	-16.162100	-5.420790	22.784100	10.607400	51.691494	0.000000
0	0	579	10.377500	2.201520	15.973000	-37.079000	41.076252	0.000000
0	0	580	10.087900	3.931900	-21.186400	-35.995300	-39.743160	0.000000
0	0	581	-5.906450	-15.037200	17.116900	16.510000	65.649656	0.000000
0	0	582	13.149300	13.416600	-28.882000	-32.050900	-32.541823	0.000000
0	0	583	23.405200	-20.403000	12.783300	-18.213800	73.965601	0.000000
0	0	584	6.889560	12.784600	-11.273300	-3.942140	-20.702722	0.000000
0	0	585	2.347820	-28.992200	-0.276096	43.387100	-89.727191	0.000000
0	0	586	-2.026510	-29.692900	12.319200	7.281850	78.733535	0.000000
0	0	587	11.983900	8.134090	-4.483490	34.998400	-14.431722	0.000000
0	0	588	-8.234750	-17.919700	3.699190	6.271890	84.168093	0.000000
0	0	589	0.900409	-27.467900	8.357430	-7.855360	81.538502	0.000000
0	0	590	24.080500	-7.258720	8.270650	11.631500	65.635872	0.000000
0	0	591	1.259390	-22.954100	20.093800	16.095900	69.400703	0.000000
0	0	592	24.565000	-12.638900	-42.040400	4.511190	-53.366361	0.000000
0	0	593	33.881300	14.464800	22.783900	13.969200	28.794894	0.000000
0	0	594	28.451500	7.300440	-2.021380	4.666520	-7.738297	0.000000
0	0	595	-8.390190	-35.513100	-2.838510	14.368500	-87.715074	0.000000
0	0	596	-20.169000	6.211560	9.208740	-22.107200	27.999601	0.000000
0	0	597	-13.744200	-23.468900	16.139500	-22.113500	72.741900	0.000000
0	0	598	-21.710500	-19.575600	7.757120	-33.740400	79.191662	0.000000
0	0	599	-38.688700	42.295600	11.016300	-24.420200	7.299443	0.000000
0	0	600	31.876200	-18.775500	1.633390	4.723840	87.514012	0.000000
0	0	601	10.899700	-31.437900	1.879380	-15.029500	88.289445	0.000000
0	0	602	19.957800	-24.866200	9.206820	-32.219800	79.841353	0.000000
0	0	603	4.137060	-38.583100	-12.994500	-22.593600	-80.693429	0.000000
0	0	604	3.968400	15.226900	2.368840	-8.785930	4.421295	0.000000
0	0	605	51.822100	12.740300	26.880600	-17.433800	32.320485	0.000000
0	0	606	26.035100	6.376740	7.821170	3.380860	25.404511	0.000000
0	0	607	7.261950	-8.626090	12.731700	18.731600	62.059380	0.000000
0	0	608	-0.271935	-28.418700	15.203000	4.327860	75.927397	0.000000
0	0	609	-7.798550	-7.866320	-14.702800	-29.459300	-59.073878	0.000000
0	0	610	8.789030	1.050560	-19.328800	23.798800	-43.444459	0.000000
0	0	611	-13.050600	14.658600	-23.048900	-5.693800	-28.772263	0.000000
0	0	612	-3.035260	26.342000	2.115180	-29.068800	2.295411	0.000000
0	0	613	13.795100	-18.059300	-39.975600	31.462100	-57.155729	0.000000
0	0	614	10.578900	-14.040200	-3.307560	-9.140980	-83.372039	0.000000
0	0	615	14.583400	2.432530	-38.453800	18.293800	-43.190189	0.000000
0	0	616	-6.112870	0.841572	27.193600	2.552550	44.113704	0.000000
0	0	617	27.912800	17.920500	17.120300	27.588900	21.845904	0.000000
0	0	618	-2.592210	31.211800	-6.233490	-22.558500	-5.647138	0.000000
0	0	619	-3.936080	18.392500	-19.426800	-1.920070	-23.283281	0.000000
0	0	620	3.922620	-7.398330	-46.197200	-12.712900	-49.549237	0.000000
0	0	621	26.735900	-24.541900	-9.676930	16.486700	-79.240282	0.000000
0	0	622	-1.342440	-30.792100	14.881900	9.366890	77.102702	0.000000
0	0	623	-17.519600	10.726500	-9.106880	-37.972500	-20.165755	0.000000
0	0	624	3.669570	11.966100	14.665800	21.579800	25.394176	0.000000
0	0	625	8.643600	3.426970	-1.755480	35.684500	-13.561994	0.000000
0	0	626	-10.063800	28.756000	-13.440500	-14.705000	-12.525649	0.000000
0	0	627	-20.238500	-19.681900	24.431400	8.515970	64.427434	0.000000
0	0	628	7.618350	26.667800	-34.905900	19.646800	-26.310246	0.000000
0	0	629	-2.861170	26.066900	11.664700	-20.271700	12.054040	0.000000
0	0	630	-49.760400	-12.306800	-15.538500	-25.333700	-64.189961	0.000000
0	0	631	10.136400	1.820520	29.665400	24.215500	43.244125	0.000000
0	0	632	13.015900	-35.307300	22.793200	4.243980	73.577540	0.000000
0	0	633	-7.813280	-27.902600	0.685691	-0.399846	89.296136	0.000000
0	0	634	-14.063400	14.283900	-34.813400	23.124800	-33.845855	0.000000
0	0	635	24.267700	-9.180360	30.469700	20.357100	53.383639	0.000000
0	0	636	-15.029000	-37.607800	-15.000100	16.807800	-79.127557	0.000000
0	0	637	-12.481100	37.264300	73.930900	-21.019100	31.624982	0.000000
0	0	638	11.588100	-15.391200	6.268470	-14.220400	78.920050	0.000000
0	0	639	-1.565870	-3.547330	-24.298900	7.607260	-49.152890	0.000000
0	0	640	12.210300	-1.812780	18.744100	-10.085800	47.762006	0.000000
0	0	641	2.074520	47.121100	24.531500	13.312300	13.750865	0.000000
0	0	642	14.912300	-5.062240	10.662600	27.837300	57.698389	0.000000
0	0	643	8.866390	-7.502300	8.272470	11.731200	66.102437	0.000000
0	0	644	0.289623	17.704800	32.895900	-0.873219	30.855278	0.000000
0	0	645	-12.180700	-28.084300	7.321920	35.753700	82.693784	0.000000
0	0	646	-26.072800	54.797100	-3.969050	23.089400	-2.071399	0.000000
0	0	647	2.913480	7.814020	10.929600	4.176940	27.218733	0.000000
0	0	648	-1.250000	2.323970	22.072700	-13.840000	41.994819	0.000000
0	0	649	-2.064670	2.505380	-20.379500	13.191700	-41.495718	0.000000
0	0	650	25.325200	-26.948800	19.042900	10.887700	72.376864	0.000000
0	0	651	-24.436200	4.324000	3.099840	35.308100	17.818214	0.000000
0	0	652	33.815400	6.835530	14.202500	12.095900	32.149462	0.000000
0	0	653	-15.204700	2.637070	30.106000	-25.812800	42.497038	0.000000
0	0	654	37.874500	3.407810	-12.214500	-22.000200	-37.205526	0.000000
0	0	655	4.614630	24.896100	13.283100	-26.889900	14.040884	0.000000
0	0	656	-12.645800	4.946010	-13.592500	-6.417340	-35.002336	0.000000
0	0	657	-19.015400	-44.082000	-26.276600	-15.663100	-74.600741	0.000000
0	0	658	3.615780	31.606600	-21.612100	31.930400	-17.181856	0.000000
0	0	659	32.088600	27.183800	11.358400	38.378800	11.338491	0.000000
0	0	660	-30.702400	5.580720	-29.499600	-16.592300	-39.643706	0.000000
0	0	661	16.494400	-2.229270	-14.376400	-11.697600	-49.407172	0.000000
0	0	662	0.484561	7.973900	-4.680820	6.015890	-15.206843	0.000000
0	0	663	-54.752700	-28.180700	5.930160	1.638310	84.058220	0.000000
0	0	664	-16.266600	0.577171	-7.422900	33.256500	-42.776943	0.000000
0	0	665	21.584000	31.039100	-8.107870	46.420400	-7.319694	0.000000
0	0	666	-4.662990	-7.949110	-33.622400	-9.363410	-51.650897	0.000000
0	0	667	46.835600	-5.702060	21.372200	-28.974300	52.469221	0.000000
0	0	668	-17.328300	-29.087100	24.544700	28.153900	69.920585	0.000000
0	0	669	13.903100	25.316400	16.998100	8.091620	16.939228	0.000000
0	0	670	-0.216876	6.635690	-19.289100	-20.636000	-35.508073	0.000000
0	0	671	4.080980	-26.938600	1.699900	-41.947500	88.194633	0.000000
0	0	672	-9.643480	19.213400	32.820900	41.940600	29.827618	0.000000
0	0	673	-10.588000	20.746200	8.296440	21.129000	10.898276	0.000000
0	0	674	-7.928880	24.323600	8.399700	-28.286200	9.525697	0.000000
0	0	675	28.175200	9.051580	5.297630	-1.354210	15.169607	0.000000
0	0	676	12.776500	-1.971880	-13.152700	-22.940000	-49.263199	0.000000
0	0	677	-26.116100	-11.136800	-18.144800	-30.128400	-60.770253	0.000000
0	0	678	36.205900	23.291500	-9.986520	9.099610	-11.603918	0.000000
0	0	679	-4.505830	-0.064050	-7.764080	-8.144410	-45.236326	0.000000
0	0	680	-16.388700	-40.292000	-30.681600	-12.953400	-71.355705	0.000000
0	0	681	-0.171595	5.007090	15.265000	-13.131200	35.919967	0.000000
0	0	682	-4.240800	4.015340	-27.826800	-2.256290	-40.894517	0.000000
0	0	683	-23.565700	-30.343300	23.236500	-0.941023	71.277791	0.000000
0	0	684	-3.647620	-17.021300	-3.140380	-11.341700	-84.773323	0.000000
0	0	685	2.282560	-18.824400	-6.009910	4.664160	-81.146854	0.000000
0	0	686	-25.995500	1.565430	21.075700	18.645800	42.876034	0.000000
0	0	687	-12.109700	-11.696400	11.141000	22.424000	68.196572	0.000000
0	0	688	-24.757100	25.587700	17.582600	18.736800	17.247461	0.000000
0	0	689	-3.496730	-25.587300	-24.084700	-28.787500	-68.366347	0.000000
0	0	690	-2.852850	5.927410	-6.823140	0.473803	-24.509222	0.000000
0	0	691	6.565280	-1.311580	-9.582540	24.070300	-48.896876	0.000000
0	0	692	-7.484960	-20.463900	24.881900	11.184400	64.717644	0.000000
0	0	693	-66.677900	-5.650490	-30.315800	-14.104900	-50.279037	0.000000
0	0	694	28.557700	-39.190200	32.408500	2.401230	70.205405	0.000000
0	0	695	-14.103200	11.506200	-20.082800	3.622900	-30.094982	0.000000
0	0	696	-12.308500	-9.941110	-9.611900	12.091600	-67.982293	0.000000
0	0	697	23.888000	11.357700	-27.673300	-5.460440	-33.842865	0.000000
0	0	698	-5.995720	5.865590	29.247800	-16.856800	39.329938	0.000000
0	0	699	-3.426660	-20.371000	12.598900	-42.409000	74.132178	0.000000
0	0	700	28.745700	11.510700	-26.096000	-18.848500	-33.099088	0.000000
0	0	701	-22.508200	7.535490	-21.874800	4.640920	-35.496028	0.000000
0	0	702	2.408600	-8.647250	-7.121920	1.787070	-70.262477	0.000000
0	0	703	-9.402760	-16.896800	-18.869400	-5.438930	-65.921593	0.000000
0	0	704	-13.683000	-7.490810	-13.704300	-22.653700	-59.330572	0.000000
0	0	705	-0.555285	-11.831100	14.466300	7.294660	64.638814	0.000000
0	0	706	-24.695600	16.617900	-23.046600	-31.228100	-27.103134	0.000000
0	0	707	-24.658000	-30.202500	24.268700	-15.145800	70.608490	0.000000
0	0	708	-7.839590	5.622340	-33.079800	-4.530890	-40.177009	0.000000
0	0	709	-28.979100	6.292100	-33.128500	-25.792200	-39.622949	0.000000
0	0	710	22.238700	25.379700	3.476820	28.003200	3.900259	0.000000
0	0	711	25.574100	-4.801480	-12.710200	-13.635100	-55.347427	0.000000
0	0	712	-13.103400	4.910860	-6.326460	35.942400	-26.089953	0.000000
0	0	713	3.896000	-7.388690	50.161900	40.679800	49.189618	0.000000
0	0	714	-26.642200	38.571600	26.004800	-11.025400	16.993836	0.000000
0	0	715	25.172800	-36.579800	-9.086040	-1.655040	-83.025317	0.000000
0	0	716	2.093240	33.722600	-40.037300	40.498500	-24.946625	0.000000
0	0	717	-0.362562	32.966800	-41.340200	-29.247500	-25.714671	0.000000
0	0	718	-20.119500	8.106620	-23.902600	15.051500	-35.632759	0.000000
0	0	719	-14.116300	-36.810500	-13.332400	0.929291	-80.045056	0.000000
0	0	720	9.481840	6.394800	30.307100	8.390380	39.042676	0.000000
0	0	721	14.609100	-4.196040	9.635120	11.674500	56.766426	0.000000
0	0	722	-18.883300	11.551200	41.443800	-14.787900	37.212902	0.000000
0	0	723	0.736527	10.342200	5.755820	-37.791800	14.548785	0.000000
0	0	724	15.340500	1.751920	-28.476000	0.606839	-43.239724	0.000000
0	0	725	38.322300	22.204200	12.965500	-5.232200	15.140778	0.000000
0	0	726	26.898800	-40.340500	-13.414700	-20.334000	-80.803068	0.000000
0	0	727	-2.256170	5.432830	-6.231270	-1.943490	-24.457973	0.000000
0	0	728	16.475000	11.771700	9.923120	2.350840	20.064842	0.000000
0	0	729	-1.138610	-7.837100	21.009700	-1.059890	55.228335	0.000000
0	0	730	12.650300	-6.671440	27.006400	-3.180100	51.938036	0.000000
0	0	731	-2.978090	-18.374100	32.118700	8.411860	59.886259	0.000000
0	0	732	-3.904630	6.908150	2.854590	-7.561880	11.225711	0.000000
0	0	733	1.743710	-2.277750	14.536200	-55.242200	49.452773	0.000000
0	0	734	31.757400	17.641500	14.137900	-21.615200	19.354345	0.000000
0	0	735	10.178000	42.935900	-7.544320	11.644300	-4.982890	0.000000
0	0	736	-24.768100	25.575400	-13.261000	-13.775900	-13.703507	0.000000
0	0	737	10.116200	0.731164	29.008700	20.832100	44.278083	0.000000
0	0	738	-35.200300	11.410200	-10.072500	21.400900	-20.718433	0.000000
0	0	739	4.310540	-5.249590	-19.534800	21.773300	-52.520870	0.000000
0	0	740	5.172150	28.541800	-34.803000	24.119100	-25.322480	0.000000
0	0	741	-5.078740	16.807100	19.541000	9.409860	24.650684	0.000000
0	0	742	-1.460430	-10.092800	34.020400	-5.625210	53.261997	0.000000
0	0	743	5.508810	14.985200	15.421000	8.617480	22.910571	0.000000
0	0	744	26.671400	-9.883000	-30.633100	-1.418190	-53.940496	0.000000
0	0	745	-24.575500	-30.246200	-34.336400	23.840200	-65.688068	0.000000
0	0	746	11.750100	-16.766100	-6.175180	20.411500	-79.890285	0.000000
0	0	747	-1.947340	21.186500	32.465900	7.009760	28.436229	0.000000
0	0	748	35.051200	-0.433758	41.616600	15.779100	45.298578	0.000000
0	0	749	33.389800	23.249500	25.753100	2.036660	23.962383	0.000000
0	0	750	3.455520	12.890400	-14.784500	5.986550	-24.457640	0.000000
0	0	751	38.204500	-19.831300	0.802454	10.052200	88.841423	0.000000
0	0	752	39.346300	-15.975400	14.148500	6.891530	69.235260	0.000000
0	0	753	-30.788900	27.705400	1.940620	44.326400	2.003364	0.000000
0	0	754	-17.718100	-9.334140	15.131600	-27.798900	60.834472	0.000000
0	0	755	-7.142330	-36.035000	-23.777700	-0.637647	-73.290585	0.000000
0	0	756	11.346300	6.293500	-0.707991	33.279900	-3.209269	0.000000
0	0	757	-16.870900	17.052900	-21.215000	31.249200	-25.603607	0.000000
0	0	758	-10.537800	39.644700	21.626900	19.768800	14.306632	0.000000
0	0	759	-13.155500	-10.975700	1.351770	-20.152200	86.489398	0.000000
0	0	760	20.593300	-18.830300	25.731600	8.404310	63.098271	0.000000
0	0	761	19.937600	-21.998500	7.268170	9.719880	80.858380	0.000000
0	0	762	21.409900	30.833900	5.359700	5.808670	4.930453	0.000000
0	0	763	32.485700	-0.161276	6.688990	24.916200	45.690586	0.000000
0	0	764	29.871400	-5.196990	-2.524930	-35.547700	-77.043723	0.000000
0	0	765	4.912440	-22.111800	6.890320	-2.919000	81.346149	0.000000
0	0	766	38.777900	22.504700	24.185000	24.797500	23.530555	0.000000
0	0	767	12.326900	0.620249	11.677100	7.747640	43.479747	0.000000
0	0	768	11.832000	-9.922640	21.271500	-4.754550	57.503956	0.000000
0	0	769	50.610200	-14.932900	23.468600	11.158800	61.234151	0.000000
0	0	770	-6.797650	0.184697	-32.859000	43.535700	-44.838975	0.000000
0	0	771	-7.086580	12.546300	-2.173340	-4.089530	-4.913785	0.000000
0	0	772	14.135700	-56.664200	21.953100	7.937580	79.411206	0.000000
0	0	773	18.395400	-11.578200	11.588900	40.314800	67.486769	0.000000
0	0	774	-9.879110	16.917300	4.623890	20.210100	7.643446	0.000000
0	0	775	-6.425260	0.057857	-11.104900	26.222000	-44.850745	0.000000
0	0	776	-3.036620	0.892707	-15.310400	25.201300	-43.331510	0.000000
0	0	777	14.203200	-9.745650	-17.955900	-14.380500	-59.245554	0.000000
0	0	778	31.747600	-12.306000	-12.101900	8.061830	-67.739549	0.000000
0	0	779	12.850000	26.414700	-26.033300	38.360500	-22.291677	0.000000
0	0	780	5.415480	-9.590500	0.464960	6.872060	88.612199	0.000000
0	0	781	15.414800	-3.641530	-20.557500	9.225170	-50.022551	0.000000
0	0	782	-17.252400	0.996045	-28.781000	-1.050550	-44.008957	0.000000
0	0	783	-3.517060	-3.850020	33.915400	27.190000	48.238199	0.000000
0	0	784	10.489800	5.085700	-59.058200	2.151120	-42.539105	0.000000
0	0	785	-35.406100	25.510700	17.197500	31.684300	16.992524	0.000000
0	0	786	19.888400	4.110620	-34.566100	19.431000	-41.609102	0.000000
0	0	787	36.939600	-3.597270	11.698000	-22.792900	53.546634	0.000000
0	0	788	-14.290600	16.801000	-3.747990	-18.404700	-6.287854	0.000000
0	0	789	9.044450	12.196900	44.765600	18.634900	37.379529	0.000000
0	0	790	18.974600	-21.008000	5.953970	4.243390	82.088253	0.000000
0	0	791	22.657700	-0.030631	3.056820	6.294320	45.287060	0.000000
0	0	792	16.045400	-45.863000	2.811530	-29.139000	88.245999	0.000000
0	0	793	21.326300	3.021330	-3.420030	31.598600	-24.270955	0.000000
0	0	794	-20.987400	-30.924700	-18.638300	-19.865100	-74.461326	0.000000
0	0	795	-26.042800	10.300900	-22.924400	14.685100	-32.901803	0.000000
0	0	796	8.656260	10.731300	-35.508800	-0.642654	-36.592192	0.000000
0	0	797	17.212300	-33.191200	21.531900	-9.955100	73.513796	0.000000
0	0	798	21.416700	13.726700	-7.975870	-2.965560	-15.079319	0.000000
0	0	799	32.486300	2.495750	43.055400	32.360000	43.341252	0.000000
0	0	800	35.376000	-2.529740	-9.940110	-1.025110	-52.139276	0.000000
0	0	801	-40.479400	52.094800	-2.113500	-10.019400	-1.161616	0.000000
0	0	802	4.799680	-26.378400	9.532730	34.443500	80.065479	0.000000
0	0	803	11.148700	-2.801680	-5.568320	12.129400	-58.354544	0.000000
0	0	804	-35.593800	-34.113600	-1.275530	11.594200	-88.929335	0.000000
0	0	805	31.836000	22.867600	9.481440	34.975700	11.260018	0.000000
0	0	806	10.863200	-15.695600	-6.279580	-15.408800	-79.097187	0.000000
0	0	807	6.262030	-40.964400	22.184200	13.814700	75.781158	0.000000
0	0	808	8.619900	-30.117700	25.503400	-5.223020	69.871186	0.000000
0	0	809	8.632100	42.598600	-5.223130	-4.895910	-3.495150	0.000000
0	0	810	-13.108300	-55.401100	1.364450	-24.413200	89.294586	0.000000
0	0	811	58.153900	-26.160900	-18.240200	15.223800	-72.557291	0.000000
0	0	812	-13.110500	-2.704860	42.369000	-0.171115	46.826418	0.000000
0	0	813	19.761800	-24.465700	-7.657850	81.081100	-81.309848	0.000000
0	0	814	9.694920	5.538330	14.774500	16.951000	34.725560	0.000000
0	0	815	-10.007300	3.745300	30.677600	1.784390	41.519722	0.000000
0	0	816	12.020100	19.155700	-17.282700	-6.028780	-21.028741	0.000000
0	0	817	-32.501700	2.274950	12.771800	23.459600	39.950118	0.000000
0	0	818	15.069800	7.111700	-9.306560	-19.779400	-26.307194	0.000000
0	0	819	-31.232300	-12.593200	-33.988600	12.535700	-55.165148	0.000000
0	0	820	13.270300	-29.793300	-18.913900	0.828855	-73.795547	0.000000
0	0	821	37.095100	14.111000	-18.772400	-4.191060	-26.534115	0.000000
0	0	822	40.875700	-3.863840	-5.996460	7.132250	-61.397925	0.000000
0	0	823	-2.955000	-46.611300	-4.444840	-32.936700	-87.276381	0.000000
0	0	824	23.529100	25.605100	-23.455500	-4.366650	-21.245589	0.000000
0	0	825	-18.914100	16.555800	3.470220	-9.577390	5.919120	0.000000
0	0	826	7.992470	7.858540	4.054330	-10.905400	13.644919	0.000000
0	0	827	-5.243210	-25.709800	-7.933620	-8.097260	-81.425319	0.000000
0	0	828	4.688300	-11.489400	-0.819024	-1.923980	-87.961279	0.000000
0	0	829	6.233520	-14.698700	-13.330700	14.086800	-68.897077	0.000000
0	0	830	32.487200	9.015060	-2.732620	-19.394400	-8.431480	0.000000
0	0	831	-1.009580	25.099700	-16.578500	21.128100	-16.722499	0.000000
0	0	832	3.999850	-1.067700	29.050000	-10.394100	46.052447	0.000000
0	0	833	19.496800	7.824940	-2.706670	-27.698500	-9.540328	0.000000
0	0	834	-18.373300	-0.555915	-10.668500	42.644000	-46.491437	0.000000
0	0	835	-36.390200	-21.459100	-18.662900	15.608800	-69.493318	0.000000
0	0	836	12.392700	2.059130	-22.285200	15.633400	-42.360459	0.000000
0	0	837	17.120500	4.754770	-14.511000	11.650900	-35.928879	0.000000
0	0	838	-16.018600	13.182000	7.678980	6.792810	15.111154	0.000000
0	0	839	20.264200	-2.926870	23.263200	31.279700	48.585507	0.000000
0	0	840	33.312100	1.658270	-30.720100	-3.534190	-43.455087	0.000000
0	0	841	7.125940	-20.440700	-40.303400	19.980900	-58.446392	0.000000
0	0	842	12.606200	6.710490	-15.376200	32.405400	-33.211277	0.000000
0	0	843	23.570900	27.984300	19.000300	-19.037200	17.087524	0.000000
0	0	844	-10.526400	-1.214350	20.171200	2.315660	46.722586	0.000000
0	0	845	36.294400	-7.102920	-16.463000	13.616600	-56.668831	0.000000
0	0	846	-21.636300	-3.527880	-7.257430	33.128100	-57.962331	0.000000
0	0	847	35.528400	7.540210	25.885200	-8.365750	36.879731	0.000000
0	0	848	32.900200	23.340300	-47.025200	-14.628100	-31.801570	0.000000
0	0	849	25.181600	-36.073500	7.710600	19.575300	83.967380	0.000000
0	0	850	19.148300	11.051900	-2.157790	36.058800	-5.523770	0.000000
0	0	851	-12.072600	22.837900	-8.996050	-15.102600	-10.749959	0.000000
0	0	852	-3.036270	15.530600	-31.957200	-11.064200	-32.040559	0.000000
0	0	853	9.874410	-28.564500	7.200400	-26.012300	82.925955	0.000000
0	0	854	-22.989100	-20.454200	43.926800	4.722690	57.484352	0.000000
0	0	855	19.812600	-40.219200	-1.778980	-14.294900	-88.733669	0.000000
0	0	856	0.310792	-9.793250	2.744610	-39.111000	82.172096	0.000000
0	0	857	63.254900	7.435610	-17.527300	45.868300	-33.505938	0.000000
0	0	858	1.116860	-8.509910	13.958800	28.279900	60.684178	0.000000
0	0	859	25.476700	-15.129900	-39.897600	3.452170	-55.383822	0.000000
0	0	860	26.366900	-11.678300	26.874100	0.526284	56.743821	0.000000
0	0	861	24.322000	0.890807	3.543340	-62.091400	37.944057	0.000000
0	0	862	-19.194300	-15.451100	4.049600	-29.910000	82.656801	0.000000
0	0	863	19.483200	19.862500	-9.290200	17.324400	-12.533348	0.000000
0	0	864	12.937900	-9.367410	-0.093094	-30.241000	-89.715305	0.000000
0	0	865	-36.108800	-7.952720	22.384000	7.493330	54.779705	0.000000
0	0	866	36.216600	-2.904560	6.767400	20.892200	56.614476	0.000000
0	0	867	39.055300	-0.274145	-16.102200	-16.168900	-45.487692	0.000000
0	0	868	46.577700	-11.402100	0.178743	13.490100	89.550943	0.000000
0	0	869	12.926400	29.103200	16.739200	5.872040	14.953046	0.000000
0	0	870	27.763200	18.709700	-2.254680	29.747200	-3.435750	0.000000
0	0	871	7.382940	11.466100	-28.326500	33.172800	-33.981355	0.000000
0	0	872	2.118960	1.501280	14.971500	6.560250	42.136879	0.000000
0	0	873	38.625800	7.221090	-49.924300	-39.075900	-40.884886	0.000000
0	0	874	14.062300	3.971510	-30.384500	20.438100	-41.276588	0.000000
0	0	875	15.487800	-10.063100	-19.602400	-2.843220	-58.587089	0.000000
0	0	876	35.623000	-0.807590	0.850300	34.700400	66.762146	0.000000
0	0	877	25.870600	-13.930200	0.384197	-28.903000	89.210087	0.000000
0	0	878	24.518000	-10.990200	-17.153800	-2.225850	-61.323560	0.000000
0	0	879	26.218900	-7.739550	-39.623200	23.048400	-50.526177	0.000000
0	0	880	2.380670	6.360500	-5.057510	20.170900	-19.244868	0.000000
0	0	881	49.367600	-21.095100	-47.403200	32.839500	-56.994873	0.000000
0	0	882	28.279400	-12.024400	20.440400	36.769800	60.233434	0.000000
0	0	883	5.458620	-19.097700	-14.865400	12.007700	-71.051638	0.000000
0	0	884	35.415900	20.180800	-26.201600	31.139700	-26.198043	0.000000
0	0	885	62.272000	20.414900	7.524560	-3.674810	10.116483	0.000000
0	0	886	36.751400	26.709500	-14.575200	18.261600	-14.310505	0.000000
0	0	887	-15.520300	5.046170	-10.921200	-2.240120	-32.600287	0.000000
0	0	888	15.506200	3.527760	9.238660	1.466690	34.550382	0.000000
0	0	889	0.056534	38.155600	-7.777660	16.106500	-5.760681	0.000000
0	0	890	49.078700	10.467400	22.326500	56.830900	32.440633	0.000000
0	0	891	16.525700	-24.801000	-18.237800	20.322500	-71.835260	0.000000
0	0	892	49.294800	1.647170	-0.695574	39.708600	-11.446785	0.000000
0	0	893	24.492400	24.252500	-20.821600	47.537900	-20.323609	0.000000
0	0	894	-6.939230	53.066600	-25.868400	13.927400	-12.993933	0.000000
0	0	895	-16.056700	0.134198	-9.170970	12.016000	-44.580828	0.000000
0	0	896	23.425100	11.861400	-35.696300	31.514600	-35.809524	0.000000
0	0	897	37.487500	25.981500	10.078800	6.039690	10.601189	0.000000
0	0	898	19.620900	-10.398800	13.110600	-21.647900	64.210017	0.000000
0	0	899	19.380800	-8.580250	-39.551600	-2.619160	-51.119989	0.000000
0	0	900	34.020800	7.467050	-47.344600	-17.444900	-40.518654	0.000000
0	0	901	2.782370	-15.696200	-27.958200	21.300900	-59.655291	0.000000
0	0	902	3.377420	5.789970	-2.125770	38.498400	-10.080279	0.000000
0	0	903	1.466170	4.118630	-7.591360	-5.410420	-30.759160	0.000000
0	0	904	12.226400	14.957200	-0.548479	-24.783000	-1.050045	0.000000
0	0	905	10.630000	4.253870	-9.641310	0.700842	-33.096156	0.000000
0	0	906	23.007900	-16.020700	-18.572800	26.578800	-65.390353	0.000000
0	0	907	41.639900	-15.074900	-15.272300	-8.271530	-67.313656	0.000000
0	0	908	12.008100	-10.658000	-4.986070	29.958500	-77.464335	0.000000
0	0	909	40.137500	-19.219600	-18.316400	-2.375640	-68.189199	0.000000
0	0	910	17.788300	-34.848200	-8.798610	-17.736200	-82.914944	0.000000
0	0	911	14.998700	45.408700	15.855700	-18.398700	9.624028	0.000000
0	0	912	55.540300	5.734660	-7.402640	37.802500	-26.117928	0.000000
0	0	913	13.910600	10.912200	-22.543100	28.955600	-32.085130	0.000000
0	0	914	9.293590	-18.064700	-18.701600	7.491280	-67.003784	0.000000
0	0	915	26.593700	-2.531210	-80.754700	10.304700	-45.897658	0.000000
0	0	916	12.734300	22.120000	2.866500	6.709760	3.691866	0.000000
0	0	917	0.948278	56.503300	-30.284400	6.073610	-14.095115	0.000000
0	0	918	-27.208500	-34.918400	41.786100	-6.442240	64.941846	0.000000
0	0	919	28.507600	11.947700	-10.908200	-13.267400	-21.197974	0.000000
0	0	920	62.821100	16.285200	-18.084700	19.772200	-23.998545	0.000000
0	0	921	52.031900	-12.310600	-10.215200	-17.650600	-70.157244	0.000000
0	0	922	15.181200	2.713600	36.134500	14.777000	42.852654	0.000000
0	0	923	37.771100	-13.428200	-6.035990	21.559500	-77.898016	0.000000
0	0	924	18.027800	-8.484240	-15.463300	5.080330	-59.376115	0.000000
0	0	925	20.338900	42.826900	-26.935800	21.166100	-16.083834	0.000000
0	0	926	14.077200	-1.633340	-15.324800	-6.933680	-48.041851	0.000000
0	0	927	-8.474020	-33.154600	6.211680	43.880800	84.694185	0.000000
0	0	928	1.382670	-2.990150	15.462400	31.127800	50.472437	0.000000
0	0	929	-18.437400	-16.832600	26.680400	-0.598176	61.123864	0.000000
0	0	930	30.369100	-27.912900	0.225389	11.004800	89.768681	0.000000
0	0	931	3.740860	-5.672950	-17.014800	14.903000	-54.219520	0.000000
0	0	932	37.304000	-9.283470	-1.945650	-2.310750	-84.081575	0.000000
0	0	933	37.016100	17.790800	-3.421490	3.667310	-5.443047	0.000000
0	0	934	11.883100	-20.461600	-44.949400	-10.675600	-57.237848	0.000000
0	0	935	7.221870	39.566300	10.658700	-22.515000	7.538453	0.000000
0	0	936	16.940100	45.904900	-11.966100	15.480300	-7.305125	0.000000
0	0	937	-11.276600	24.029900	-6.894690	-0.291549	-8.004656	0.000000
0	0	938	48.001900	-6.263710	-6.964220	11.879300	-65.984313	0.000000
0	0	939	23.223100	-37.544300	-13.720800	21.038400	-79.962426	0.000000
0	0	940	0.279284	30.200700	-30.300400	4.380190	-22.547209	0.000000
0	0	941	-0.780700	8.797810	4.593280	13.949300	13.784386	0.000000
0	0	942	16.087100	2.647800	18.670300	-7.808210	40.964104	0.000000
0	0	943	19.662900	-6.575730	31.560300	5.244050	50.884725	0.000000
0	0	944	5.892860	-14.212700	-22.092000	4.738670	-61.377429	0.000000
0	0	945	-29.512500	26.620000	-6.626420	13.966000	-6.989166	0.000000
0	0	946	40.378200	-3.479790	-33.597600	7.706910	-47.956594	0.000000
0	0	947	12.744400	-33.404000	5.800130	-6.225890	85.074806	0.000000
0	0	948	-3.360490	35.728400	-10.063400	33.165900	-7.865306	0.000000
0	0	949	-9.306760	18.786300	-44.736900	21.489700	-33.610538	0.000000
0	0	950	-31.512300	20.432300	9.248200	-25.273300	12.176383	0.000000
0	0	951	27.034500	-7.271690	-4.178170	-18.364500	-75.059586	0.000000
0	0	952	5.034500	-1.015980	22.292500	13.038600	46.304724	0.000000
0	0	953	18.084700	9.877830	19.109300	-4.829550	31.332503	0.000000
0	0	954	-29.608200	17.668900	3.210920	4.644720	5.149901	0.000000
0	0	955	20.273500	-33.417200	-1.528160	13.581000	-88.690851	0.000000
0	0	956	-1.032450	4.361780	-25.757500	24.372500	-40.194351	0.000000
0	0	957	-53.877200	2.077310	-17.328300	-24.932400	-41.582013	0.000000
0	0	958	36.039300	-8.455260	30.707300	8.615820	52.697451	0.000000
0	0	959	-23.442000	19.425400	6.064550	-8.223570	8.669101	0.000000
0	0	960	13.449800	8.275630	-15.411900	-21.673000	-30.882909	0.000000
0	0	961	39.054500	17.374000	1.882900	-5.932040	3.092633	0.000000
0	0	962	-23.038700	-29.632300	17.081700	-3.282150	75.019234	0.000000
0	0	963	23.938800	-10.798000	8.947060	-20.906400	70.177683	0.000000
0	0	964	35.320200	15.345800	1.981500	-40.539300	3.678754	0.000000
0	0	965	23.712000	-30.008500	9.215640	-15.867900	81.464113	0.000000
0	0	966	-38.386000	-6.013210	5.134560	1.227140	69.753324	0.000000
0	0	967	-9.467600	8.940760	15.543300	-20.529600	30.045892	0.000000
0	0	968	12.662500	14.148200	-30.733300	-22.133500	-32.640414	0.000000
0	0	969	12.419800	23.338900	23.008100	16.063700	22.295530	0.000000
0	0	970	0.193424	-6.391640	12.710100	-13.420900	58.348427	0.000000
0	0	971	37.949200	7.259050	-5.381910	7.954120	-18.276747	0.000000
0	0	972	7.536830	5.533220	-10.794200	-3.635110	-31.429924	0.000000
0	0	973	-2.805810	1.896240	-46.509100	18.474000	-43.832633	0.000000
0	0	974	1.282910	-12.590700	-46.230100	-28.235800	-52.617459	0.000000
0	0	975	4.627130	-17.643300	-7.872200	-5.832470	-77.977111	0.000000
0	0	976	7.117610	5.103470	-7.279840	-4.229320	-27.483975	0.000000
0	0	977	28.135500	-33.640100	25.567200	-7.749250	71.382192	0.000000
0	0	978	49.312900	-6.129540	19.089800	-27.117700	53.900647	0.000000
0	0	979	22.793700	44.613400	-31.269400	17.890100	-17.513250	0.000000
0	0	980	30.215500	-26.709700	32.650500	-18.729700	64.642419	0.000000
0	0	981	40.888900	7.281790	-18.445200	2.279380	-34.228450	0.000000
0	0	982	54.059600	12.831500	0.107639	11.172200	0.240312	0.000000
0	0	983	-12.781300	-29.430000	16.348600	6.283920	75.473739	0.000000
0	0	984	17.276000	0.952499	7.865270	22.108000	41.547499	0.000000
0	0	985	22.247300	-19.418500	3.100410	5.767100	85.464284	0.000000
0	0	986	12.509900	17.057800	-2.411840	-3.646780	-4.023915	0.000000
0	0	987	34.935400	-34.484900	-25.762800	13.138000	-71.618759	0.000000
0	0	988	8.010840	-6.314970	-2.610090	-19.552500	-78.771909	0.000000
0	0	989	26.706300	2.590610	-7.314740	30.442300	-35.248870	0.000000
0	0	990	15.594500	-7.564230	-0.032869	-49.583600	-89.875517	0.000000
0	0	991	29.601700	-3.851000	4.215870	18.939900	66.205119	0.000000
0	0	992	2.595500	-15.508300	8.392350	25.641100	75.789934	0.000000
0	0	993	19.940400	8.460530	38.412300	12.646700	38.789303	0.000000
0	0	994	-9.913270	-4.043070	4.895510	2.580460	64.776192	0.000000
0	0	995	5.532530	28.365700	-7.985360	9.697450	-7.861344	0.000000
0	0	996	-16.651600	14.746900	-0.058387	-10.400700	-0.113424	0.000000
0	0	997	23.599600	-18.144900	8.783050	-12.412400	77.085334	0.000000
0	0	998	-5.262250	2.079820	3.144780	-10.444100	28.260546	0.000000
0	0	999	57.886600	20.873300	-30.395500	-34.936300	-27.760852	0.000000
0	0	1000	25.898300	11.193900	-29.493300	3.345050	-34.608111	0.000000
0	0	1001	0.245053	-4.893030	6.536900	-35.884400	63.407877	0.000000
0	0	1002	17.004200	-18.736000	-34.472300	-14.690900	-59.262236	0.000000
0	0	1003	-9.335280	2.270810	-26.704800	15.259700	-42.569808	0.000000
0	0	1004	-17.198300	8.222990	-3.236080	17.297800	-10.740825	0.000000
0	0	1005	47.477500	28.323300	-27.729600	-9.737400	-22.196579	0.000000
0	0	1006	-12.114000	-50.918600	3.212880	3.346140	88.194758	0.000000
0	0	1007	19.424400	-3.371630	8.562380	5.944790	55.746579	0.000000
0	0	1008	24.369500	18.739600	-9.764150	27.449000	-13.760741	0.000000
0	0	1009	-5.523430	-42.579500	-10.193400	-0.376673	-83.268472	0.000000
0	0	1010	2.717260	-24.148800	9.517560	14.109100	79.244768	0.000000
0	0	1011	50.886700	9.835140	0.841684	-40.081900	2.445706	0.000000
0	0	1012	3.814290	-15.192700	-22.490500	-18.223500	-62.019834	0.000000
0	0	1013	42.530700	2.141990	-5.330940	-3.309230	-34.054785	0.000000
0	0	1014	30.422000	-6.599160	-4.033890	-43.991200	-74.281835	0.000000
0	0	1015	-1.019570	-11.748300	11.807100	-10.969600	67.428488	0.000000
0	0	1016	52.373600	-34.919200	-52.374600	8.207960	-61.846094	0.000000
0	0	1017	27.844400	19.818300	24.704100	8.548410	25.631234	0.000000
0	0	1018	9.390460	-7.818920	-0.531644	0.571003	-88.055093	0.000000
0	0	1019	43.652100	2.586880	-6.381070	40.448600	-33.966205	0.000000
0	0	1020	-11.781100	1.194110	-10.707300	-9.221060	-41.818249	0.000000
0	0	1021	13.913200	-2.136050	4.552180	-7.124400	57.568847	0.000000
0	0	1022	13.965200	-25.143700	-34.003300	-14.114800	-63.240515	0.000000
0	0	1023	26.346600	-3.486680	4.348880	-1.354210	64.360309	0.000000
