0	0	0	16.647600	-3.129880	12.101600	5.114850	52.250429	0.000000
0	0	1	-2.625090	31.738000	61.956400	8.543610	31.437797	0.000000
0	0	2	35.290400	2.223970	48.911400	-15.636700	43.698295	0.000000
0	0	3	15.284100	17.226700	18.979800	12.184800	23.886034	0.000000
0	0	4	10.756300	41.092400	-29.567100	16.570400	-17.868021	0.000000
0	0	5	39.277100	17.413800	14.140500	-14.993600	19.538789	0.000000
0	0	6	62.704400	38.711700	-11.281200	-32.481900	-8.123478	0.000000
0	0	7	-11.648100	16.254100	12.736300	23.308300	19.040674	0.000000
0	0	8	19.137900	7.470000	-0.485572	-2.657830	-1.859581	0.000000
0	0	9	48.032600	24.557100	27.686100	-27.207500	24.213760	0.000000
0	0	10	51.888900	-5.997410	-0.872518	-56.346700	-85.861270	0.000000
0	0	11	10.877300	6.122200	4.358090	26.198800	17.722587	0.000000
0	0	12	27.339700	-39.217400	13.186800	-0.214714	80.707424	0.000000
0	0	13	-9.919740	-25.808000	29.134600	-3.542810	65.767576	0.000000
0	0	14	15.709300	36.633100	38.344500	-10.033400	23.153788	0.000000
0	0	15	26.964600	22.586300	36.707500	7.368750	29.197908	0.000000
0	0	16	0.625355	-8.091780	12.193800	-6.598940	61.784084	0.000000
0	0	17	-7.519740	26.729100	21.679400	-7.836240	19.522384	0.000000
0	0	18	-24.839400	-25.383400	37.938000	-45.676400	61.892763	0.000000
0	0	19	40.921200	-18.118300	16.543800	18.453100	68.800415	0.000000
0	0	20	22.940800	10.707200	24.414500	1.510500	33.159856	0.000000
0	0	21	-16.486900	-33.806800	0.544513	18.110900	89.538619	0.000000
0	0	22	28.879100	-4.388920	12.044600	-42.744000	55.010593	0.000000
0	0	23	-4.346830	1.328910	5.303150	-8.865640	37.966005	0.000000
0	0	24	-20.418100	-17.974700	8.621050	-7.690020	77.188314	0.000000
0	0	25	57.976200	-1.243850	64.218500	18.721900	45.554812	0.000000
0	0	26	-11.763900	5.169470	64.773200	6.793350	42.718483	0.000000
0	0	27	43.419800	-6.256780	22.371500	-22.375000	52.812525	0.000000
0	0	28	29.019200	11.962300	-16.077100	-29.656400	-26.674301	0.000000
0	0	29	-23.166700	25.426600	42.754500	-28.751100	29.629778	0.000000
0	0	30	5.427560	12.218900	8.346990	28.906700	17.168906	0.000000
0	0	31	12.387000	3.725780	4.738950	16.912200	25.912720	0.000000
0	0	32	58.619700	-17.281500	-25.803700	2.270160	-61.905694	0.000000
0	0	33	20.195500	-20.204600	-40.551000	-10.663600	-58.242427	0.000000
0	0	34	35.472700	-34.275800	-39.863900	-2.147970	-65.344810	0.000000
0	0	35	2.003430	-64.413900	-1.392770	-8.693040	-89.380666	0.000000
0	0	36	12.038800	-35.605500	-5.534880	-15.336300	-85.582041	0.000000
0	0	37	25.454100	43.236700	-10.589300	0.557782	-6.880843	0.000000
0	0	38	5.632830	0.877353	19.146900	19.015800	43.688208	0.000000
0	0	39	-6.093270	-24.029000	8.972570	14.069300	79.762036	0.000000
0	0	40	32.966700	-17.414500	1.519050	-18.565800	87.507382	0.000000
0	0	41	61.599400	-32.481900	32.088200	-44.669100	67.674671	0.000000
0	0	42	-16.170700	-2.532970	8.953510	-9.766290	52.898169	0.000000
0	0	43	11.558300	1.030190	-83.102100	0.932213	-44.644880	0.000000
0	0	44	50.685900	5.054830	15.774600	8.442610	36.116203	0.000000
0	0	45	58.804600	-23.530800	-19.571900	3.491950	-70.123892	0.000000
0	0	46	12.316700	-28.285000	8.945320	-7.705680	81.225047	0.000000
0	0	47	21.201700	-51.060400	-17.722500	20.600900	-80.429339	0.000000
0	0	48	12.058000	-28.478800	-4.240550	21.398300	-85.765386	0.000000
0	0	49	40.132300	-47.029800	5.191720	-1.800240	86.850252	0.000000
0	0	50	26.942500	-32.297000	-24.857700	-12.987000	-71.207985	0.000000
0	0	51	47.634400	-30.298400	-52.009200	0.320675	-60.111651	0.000000
0	0	52	80.762300	-19.490200	-3.868670	-35.662200	-84.386555	0.000000
0	0	53	12.889200	-21.854100	-19.038200	-23.626900	-69.469624	0.000000
0	0	54	71.881900	-7.062990	-28.717400	-20.113900	-51.908768	0.000000
0	0	55	33.649800	-29.499000	-36.663600	0.396740	-64.409825	0.000000
0	0	56	23.807500	-25.161800	5.720830	-31.464900	83.595443	0.000000
0	0	57	109.666000	-3.347720	-27.253500	-23.119100	-48.501461	0.000000
0	0	58	10.380100	11.472800	18.301400	-41.291300	28.958591	0.000000
0	0	59	47.510700	27.371200	14.854400	-29.749100	14.244382	0.000000
0	0	60	42.205500	-9.295620	-51.963700	15.226200	-50.071091	0.000000
0	0	61	82.650700	-33.865200	-28.964300	-7.710870	-69.730110	0.000000
0	0	62	53.742100	-17.408600	-27.031000	-42.277300	-61.391244	0.000000
0	0	63	55.858300	-24.508100	-52.624000	-22.188600	-57.486191	0.000000
0	0	64	19.542100	-0.919700	4.654700	-21.995900	50.588418	0.000000
0	0	65	17.404100	-13.994500	-51.023700	-42.558400	-52.668799	0.000000
0	0	66	63.338000	-4.584510	-16.218000	-32.915800	-52.892278	0.000000
0	0	67	31.856200	5.853770	-34.834200	-18.144000	-40.230383	0.000000
0	0	68	41.283100	21.717500	19.154100	-37.831100	20.705601	0.000000
0	0	69	63.807000	29.399000	2.637620	-37.845400	2.563369	0.000000
0	0	70	52.116900	-8.619350	-2.191700	-2.575190	-82.866683	0.000000
0	0	71	26.289600	12.671600	-7.115280	-45.283200	-14.657409	0.000000
0	0	72	80.547500	-6.377060	-11.521300	-27.443600	-59.482303	0.000000
0	0	73	58.023500	-6.787130	-12.130500	-8.053180	-59.613714	0.000000
0	0	74	65.696000	15.715700	-18.875600	-16.542200	-25.109729	0.000000
0	0	75	65.540000	-30.930000	-6.670770	-29.904800	-83.914631	0.000000
0	0	76	72.628600	-42.377400	-38.187800	-7.889100	-68.988424	0.000000
0	0	77	47.400800	-7.374120	-21.225600	-47.229800	-54.579031	0.000000
0	0	78	31.842600	17.069700	-8.437700	-57.407900	-13.151792	0.000000
0	0	79	121.087000	-20.964300	-18.029200	-50.016800	-69.652311	0.000000
0	0	80	84.228400	-17.534900	-3.027730	-13.265500	-85.101702	0.000000
0	0	81	122.159000	28.759800	-29.017400	14.546000	-22.627726	0.000000
0	0	82	45.292700	-37.701900	17.689000	-22.349700	77.432471	0.000000
0	0	83	21.069800	-3.367560	5.982820	-26.164900	59.686964	0.000000
0	0	84	80.370700	-11.656700	4.877610	-13.127000	78.646849	0.000000
0	0	85	55.489500	-27.059700	24.146700	-11.500300	69.127950	0.000000
0	0	86	63.994200	27.746300	-6.363820	-35.523700	-6.458896	0.000000
0	0	87	62.048100	26.535700	-0.760734	3.121970	-0.821062	0.000000
0	0	88	66.908100	-5.000290	-10.357900	-10.659200	-57.884494	0.000000
0	0	89	43.957000	-15.820700	-9.823830	-16.784500	-74.080937	0.000000
0	0	90	64.124100	-41.056500	3.620240	-51.405800	87.480431	0.000000
0	0	91	58.593300	-38.972500	-5.973540	-2.614970	-85.642883	0.000000
0	0	92	86.641400	-67.451200	25.085500	-37.420300	79.799767	0.000000
0	0	93	48.605400	-16.510800	-17.334000	-51.799500	-66.803341	0.000000
0	0	94	72.795000	31.431100	2.937270	5.221210	2.669423	0.000000
0	0	95	44.670400	25.216800	-26.839200	-42.606300	-23.392564	0.000000
0	0	96	105.336000	0.331611	-15.826400	-2.053460	-44.399828	0.000000
0	0	97	60.581400	2.649450	-38.935500	-3.329390	-43.053593	0.000000
0	0	98	69.781000	-16.473400	-0.996343	-23.997900	-88.269429	0.000000
0	0	99	36.615900	14.775500	15.417300	-66.301100	23.108869	0.000000
0	0	100	42.635200	13.217400	31.819300	11.897700	33.721260	0.000000
0	0	101	88.900100	-9.999640	-4.455000	-9.040010	-77.993131	0.000000
0	0	102	51.394700	-25.978100	-3.033750	20.981700	-86.669554	0.000000
0	0	103	105.216000	-60.523400	5.843030	-7.174150	87.242830	0.000000
0	0	104	66.897400	12.539800	-14.665700	28.675000	-24.734072	0.000000
0	0	105	63.368200	-13.967400	9.561470	-5.116180	72.803084	0.000000
0	0	106	48.416300	-30.064900	4.772780	9.083000	85.489806	0.000000
0	0	107	-11.408200	-13.329600	39.398500	-2.370640	54.346049	0.000000
0	0	108	93.619300	1.547000	23.595100	45.893700	43.124401	0.000000
0	0	109	97.478000	17.912700	43.409600	20.821800	33.788407	0.000000
0	0	110	78.861300	39.434800	28.352200	2.126070	17.857387	0.000000
0	0	111	41.424700	-28.220400	16.310700	-31.213100	74.986570	0.000000
0	0	112	58.867500	6.118350	-4.112120	-24.168500	-16.952450	0.000000
0	0	113	113.007000	-35.361400	-31.334500	-33.805400	-69.227577	0.000000
0	0	114	82.709700	-25.124200	-43.721600	6.066620	-59.941709	0.000000
0	0	115	39.458500	-57.273200	0.770470	-40.359400	89.614636	0.000000
0	0	116	49.978200	-20.765800	-39.882400	0.063566	-58.752451	0.000000
0	0	117	72.073600	-18.006700	-12.097200	14.349500	-73.053069	0.000000
0	0	118	105.130000	-7.612030	-33.448300	-15.624400	-51.410394	0.000000
0	0	119	59.201400	-29.651300	-50.369800	-38.569900	-60.242069	0.000000
0	0	120	77.801200	-2.951900	-21.777000	19.003800	-48.859733	0.000000
0	0	121	83.763900	15.227900	-4.381980	-4.310190	-8.026850	0.000000
0	0	122	105.909000	-51.465200	-23.153600	27.011400	-77.888785	0.000000
0	0	123	73.126800	0.358121	-21.913500	-43.962100	-44.531864	0.000000
0	0	124	86.420000	4.323470	-45.003100	-4.316680	-42.256204	0.000000
0	0	125	78.796500	-18.713900	-16.256500	-14.007300	-69.509808	0.000000
0	0	126	90.546700	-18.805400	1.527470	-2.524510	87.678170	0.000000
0	0	127	113.891000	-23.636000	-50.179200	-14.925700	-57.610964	0.000000
0	0	128	63.762600	1.906030	-17.942200	-15.551900	-41.968058	0.000000
0	0	129	86.196200	-30.090600	-26.153300	-7.785870	-69.502202	0.000000
0	0	130	71.513800	-55.790400	-31.263500	-2.707050	-75.367428	0.000000
0	0	131	89.145100	27.851500	-25.092600	-1.429030	-21.008517	0.000000
0	0	132	104.699000	-52.835400	-3.790090	-29.825800	-87.948489	0.000000
0	0	133	108.496000	0.454180	-25.090300	16.308900	-44.481478	0.000000
0	0	134	97.824600	-25.509000	-3.450040	12.547900	-86.148800	0.000000
0	0	135	80.383000	-20.273900	-67.848300	1.975050	-53.318394	0.000000
0	0	136	76.242900	2.595960	-18.076800	25.554400	-40.913891	0.000000
0	0	137	80.139700	-20.495100	-12.013200	13.853500	-74.811653	0.000000
0	0	138	109.275000	-18.929000	54.943900	3.094890	54.504800	0.000000
0	0	139	91.980300	-3.688720	10.009200	-49.171000	55.115252	0.000000
0	0	140	97.201500	-30.590100	-30.192200	-19.297300	-67.687535	0.000000
0	0	141	80.983100	-43.149900	14.920800	20.692100	80.462565	0.000000
0	0	142	62.662800	-34.960600	-19.395200	-2.538690	-75.489833	0.000000
0	0	143	57.133200	13.737700	-31.660600	-16.843100	-33.271863	0.000000
0	0	144	76.810300	-36.320300	-20.678300	-42.052400	-75.172883	0.000000
0	0	145	62.654400	-10.661300	13.408000	-23.947500	64.244889	0.000000
0	0	146	62.456200	-20.819400	-22.434700	14.566700	-66.430658	0.000000
0	0	147	70.855600	-14.015700	-8.430330	-20.393000	-74.486716	0.000000
0	0	148	116.840000	-13.925100	5.183580	-46.137200	79.791178	0.000000
0	0	149	131.889000	17.572000	-12.096200	-22.333300	-17.271359	0.000000
0	0	150	62.753400	9.457610	13.762100	25.702900	27.751158	0.000000
0	0	151	38.931600	1.636440	16.646300	15.559500	42.192745	0.000000
0	0	152	87.542400	14.103400	-5.224940	-0.385994	-10.164174	0.000000
0	0	153	66.783300	-31.148000	4.844950	-23.025500	85.579357	0.000000
0	0	154	84.796400	11.644100	-11.991300	-1.394570	-22.920802	0.000000
0	0	155	19.694700	13.547100	3.463370	-31.639800	7.170364	0.000000
0	0	156	-17.442600	20.184200	-1.769400	17.552800	-2.504946	0.000000
0	0	157	-12.272200	28.022900	41.661500	-7.034870	28.036961	0.000000
0	0	158	16.801800	3.473280	17.810300	-2.259560	39.482475	0.000000
0	0	159	41.097300	20.579100	-18.685900	26.267600	-21.119783	0.000000
0	0	160	15.185400	11.235000	-4.952140	-7.240080	-11.893413	0.000000
0	0	161	-14.675800	33.888600	11.006600	-24.936500	8.996579	0.000000
0	0	162	-2.661400	14.543800	47.872600	-37.118900	36.550552	0.000000
0	0	163	29.366900	-27.425700	16.543100	-38.680300	74.450873	0.000000
0	0	164	1.826110	54.068000	-1.565020	-40.136100	-0.828993	0.000000
0	0	165	35.896500	53.339800	21.615200	-20.362300	11.029778	0.000000
0	0	166	16.692900	29.377400	58.470700	-20.279400	31.661850	0.000000
0	0	167	38.531700	10.601500	-28.299800	-42.295700	-34.731675	0.000000
0	0	168	29.095800	38.886700	-23.008000	8.832890	-15.305714	0.000000
0	0	169	30.558300	-13.577800	-36.828000	35.677600	-55.118997	0.000000
0	0	170	26.331100	35.928700	28.317900	61.880400	19.122048	0.000000
0	0	171	35.644900	-10.013300	8.973050	5.025470	69.068032	0.000000
0	0	172	84.749300	13.224700	-4.182080	-45.581300	-8.774324	0.000000
0	0	173	98.186100	-18.180800	-6.816840	-1.188050	-79.723304	0.000000
0	0	174	44.187000	8.969430	6.064830	7.768030	17.032624	0.000000
0	0	175	89.175800	25.664600	-4.838150	-29.717800	-5.337900	0.000000
0	0	176	52.927400	13.655300	5.976600	-3.874910	11.818926	0.000000
0	0	177	36.961900	13.510700	-45.275300	13.140900	-36.692128	0.000000
0	0	178	53.923300	26.277000	4.823540	3.853060	5.200852	0.000000
0	0	179	31.847700	-5.114560	-9.691520	22.571300	-58.911103	0.000000
0	0	180	85.627100	40.106300	4.407800	-32.283700	3.135902	0.000000
0	0	181	47.949600	38.875300	1.103270	-17.725100	0.812801	0.000000
0	0	182	68.166000	-17.079800	5.932630	-14.989400	80.422722	0.000000
0	0	183	33.620400	-1.618290	41.933000	-31.510200	46.105039	0.000000
0	0	184	75.193500	-4.836760	30.832900	0.608762	49.457669	0.000000
0	0	185	45.859700	-14.035000	31.016600	-49.456100	57.173367	0.000000
0	0	186	61.529000	-21.072100	-36.318300	-44.208300	-60.061285	0.000000
0	0	187	42.295100	0.823092	23.341300	-9.695460	43.990198	0.000000
0	0	188	77.114100	-35.747000	-15.455100	-17.100700	-78.309457	0.000000
0	0	189	65.639400	-41.322500	48.277900	-19.386600	65.280604	0.000000
0	0	190	48.576700	-23.311600	36.912800	-15.573500	61.136853	0.000000
0	0	191	51.049600	-21.376100	-12.617000	-14.004900	-74.724627	0.000000
0	0	192	42.283100	-24.334300	8.036540	4.672940	80.861951	0.000000
0	0	193	97.635500	11.671500	39.153800	18.926400	36.700507	0.000000
0	0	194	78.945400	22.576000	-25.181100	-1.718560	-24.061165	0.000000
0	0	195	135.087000	-5.246340	-12.615800	-20.577600	-56.290107	0.000000
0	0	196	140.482000	29.569200	-21.457600	-34.779000	-17.983708	0.000000
0	0	197	107.970000	2.349330	-35.385000	-15.941800	-43.100757	0.000000
0	0	198	121.173000	-61.235600	32.850800	-26.070700	75.893984	0.000000
0	0	199	82.199300	-19.380000	-40.508600	3.916890	-57.783621	0.000000
0	0	200	64.590000	-55.292100	-7.444070	-32.767600	-86.166138	0.000000
0	0	201	48.463500	-15.450900	-20.225800	23.378400	-63.688473	0.000000
0	0	202	118.397000	-53.831500	8.947370	-21.747200	85.281550	0.000000
0	0	203	58.120200	-33.138800	-30.872400	15.201600	-68.513892	0.000000
0	0	204	45.006800	6.074130	18.704000	-16.222900	36.004389	0.000000
0	0	205	85.079900	16.879700	-18.408900	25.094600	-23.740655	0.000000
0	0	206	104.331000	-39.940600	2.611580	-6.868980	88.129475	0.000000
0	0	207	139.764000	21.756600	-15.426200	-44.505600	-17.668996	0.000000
0	0	208	109.618000	-42.041400	9.813270	-27.617400	83.430656	0.000000
0	0	209	39.035300	1.498500	-16.727600	7.072100	-42.440483	0.000000
0	0	210	104.209000	43.186000	-45.457000	-10.840300	-23.233788	0.000000
0	0	211	98.889300	-32.620800	9.971270	18.050400	81.501534	0.000000
0	0	212	94.231500	7.271900	-9.462750	-13.617900	-26.229286	0.000000
0	0	213	91.493500	-27.504900	-27.382100	-13.204200	-67.564095	0.000000
0	0	214	91.714700	-1.501660	-29.894300	-34.031900	-46.437841	0.000000
0	0	215	111.505000	-51.045800	-21.488800	-12.113100	-78.585160	0.000000
0	0	216	65.600300	-24.359600	-36.355300	6.472820	-61.911885	0.000000
0	0	217	98.021000	20.619600	-37.553700	-12.259300	-30.615072	0.000000
0	0	218	110.411000	-37.513000	9.935050	-25.080300	82.583093	0.000000
0	0	219	67.868400	-20.138300	-44.347400	19.697700	-57.211477	0.000000
0	0	220	159.446000	6.300530	26.847400	2.376040	38.396431	0.000000
0	0	221	123.464000	-7.613060	-55.098400	-16.429800	-48.933433	0.000000
0	0	222	101.681000	21.047200	-14.336800	41.306600	-17.130832	0.000000
0	0	223	123.842000	13.745800	-6.516160	6.940050	-12.681583	0.000000
0	0	224	96.331100	10.296800	-17.578600	32.223600	-29.820017	0.000000
0	0	225	71.420700	-7.059090	-68.013600	-6.975490	-47.962739	0.000000
0	0	226	108.850000	3.495840	-3.265120	14.867400	-21.522760	0.000000
0	0	227	60.292100	22.303200	-44.100300	-9.760480	-31.586270	0.000000
0	0	228	146.518000	-5.753060	-70.112800	11.306500	-47.345429	0.000000
0	0	229	108.423000	52.193000	-19.775000	-1.440190	-10.375404	0.000000
0	0	230	122.739000	-17.422800	-21.921900	37.391700	-64.238257	0.000000
0	0	231	103.721000	28.792600	0.236792	10.940800	0.235597	0.000000
0	0	232	153.234000	61.159700	-36.375800	-4.438420	-15.371402	0.000000
0	0	233	151.350000	28.127200	-9.094090	-12.294100	-8.958532	0.000000
0	0	234	135.448000	49.474100	-10.310800	-39.336100	-5.886195	0.000000
0	0	235	151.690000	30.509700	-10.081100	10.035700	-9.142366	0.000000
0	0	236	146.738000	38.654700	-11.923200	11.072900	-8.571296	0.000000
0	0	237	204.320000	-18.379100	6.880320	10.013000	79.738164	0.000000
0	0	238	172.435000	-28.546600	-29.172200	41.223000	-67.189505	0.000000
0	0	239	188.030000	37.647300	-10.913900	33.448200	-8.083400	0.000000
0	0	240	188.973000	43.109800	-14.441800	-20.956900	-9.260435	0.000000
0	0	241	219.989000	70.728400	-13.099500	10.822300	-5.246384	0.000000
0	0	242	218.242000	4.600360	29.324900	56.777100	40.542178	0.000000
0	0	243	207.332000	60.944500	29.463300	22.242100	12.900601	0.000000
0	0	244	243.885000	23.955400	11.444500	2.216780	12.767882	0.000000
0	0	245	202.960000	31.723000	-4.863460	40.902400	-4.358081	0.000000
0	0	246	279.236000	-3.974830	33.671100	-15.650700	48.366267	0.000000
0	0	247	251.912000	36.638900	26.347500	4.236530	17.860197	0.000000
0	0	248	282.171000	31.499600	-29.565600	29.755000	-21.592994	0.000000
0	0	249	353.850000	6.766350	-2.735720	9.993110	-11.007050	0.000000
0	0	250	423.385000	30.180200	-68.739900	-115.207000	-33.148080	0.000000
0	0	251	540.139000	74.420100	-137.801000	-200.630000	-30.814260	4.553890
0	0	252	478.766000	73.195200	-121.555000	-159.528000	-29.472728	5.029160
0	0	253	394.196000	59.562500	-76.542000	-73.862300	-26.055552	0.000000
0	0	254	512.184000	35.922600	-109.887000	-178.757000	-35.948589	0.000000
0	0	255	506.151000	19.450800	-94.356700	-171.151000	-39.176070	0.000000
0	0	256	500.588000	25.395900	-89.360500	-103.901000	-37.067530	0.000000
0	0	257	483.859000	61.464200	-111.840000	-150.310000	-30.604005	0.000000
0	0	258	467.813000	40.247900	-35.413700	-145.110000	-20.672103	0.000000
0	0	259	449.735000	66.398700	-14.690900	-113.353000	-6.237934	0.000000
0	0	260	431.288000	-3.201430	-35.605500	-131.011000	-47.568936	0.000000
0	0	261	403.244000	48.095800	-24.195600	-46.566200	-13.352820	0.000000
0	0	262	461.645000	17.766100	-1.633130	-105.070000	-2.626047	0.000000
0	0	263	494.135000	5.735020	-32.806800	-82.134800	-40.042105	0.000000
0	0	264	486.573000	-23.260600	-24.050100	-59.690200	-67.021981	0.000000
0	0	265	389.809000	-8.579100	-5.660080	-95.296600	-73.292540	0.000000
0	0	266	455.029000	-18.194700	-34.814900	-74.465000	-58.796064	0.000000
0	0	267	459.784000	-36.587300	8.946060	-87.347200	83.130020	0.000000
0	0	268	351.039000	-43.367400	-14.286700	-24.422100	-80.883177	0.000000
0	0	269	392.178000	-53.667000	-43.876500	-61.842600	-70.365808	0.000000
0	0	270	432.772000	9.484010	-24.649300	-74.968500	-34.477691	0.000000
0	0	271	466.883000	-39.281300	-17.547200	-64.494500	-77.964694	0.000000
0	0	272	498.504000	3.002290	-58.165000	-43.223600	-43.522599	0.000000
0	0	273	466.625000	-46.671700	-47.352400	-19.619500	-67.292603	0.000000
0	0	274	406.195000	-42.913800	-23.883500	-41.948200	-75.451027	0.000000
0	0	275	397.000000	-34.160200	-31.161200	-21.807600	-68.814343	0.000000
0	0	276	413.759000	-27.916400	-14.334200	-53.883300	-76.410458	0.000000
0	0	277	409.382000	-63.887200	-10.303900	-25.587300	-85.419039	0.000000
0	0	278	406.649000	-0.924566	-50.267700	-31.469400	-45.526857	0.000000
0	0	279	493.693000	-37.855000	-88.313700	-53.275000	-56.601014	0.000000
0	0	280	422.428000	-12.308000	-62.925600	-37.742000	-50.533553	0.000000
0	0	281	425.976000	-60.292300	-37.022200	-20.617700	-74.224096	0.000000
0	0	282	450.262000	-69.418500	-67.770100	46.333100	-67.844204	0.000000
0	0	283	444.966000	-64.234700	-83.144000	-16.395500	-63.844329	0.000000
0	0	284	384.389000	-43.288900	-20.728600	-30.220200	-77.206441	0.000000
0	0	285	464.570000	-35.128100	-41.684900	-2.535340	-65.060514	0.000000
0	0	286	517.587000	-64.747600	-28.736200	-16.598500	-78.033727	0.000000
0	0	287	532.623000	-99.588700	-59.008000	19.127600	-74.676268	0.000000
0	0	288	466.599000	-97.087800	-4.819290	-71.948300	-88.579129	0.000000
0	0	289	513.801000	-110.415000	-49.961800	39.578000	-77.826837	0.000000
0	0	290	480.386000	-81.899200	-34.954200	54.792600	-78.443717	0.000000
0	0	291	507.598000	-62.176000	-83.827900	29.863600	-63.282351	0.000000
0	0	292	535.779000	-67.489900	-28.123100	24.939500	-78.689233	0.000000
0	0	293	525.312000	-74.255200	-36.469600	24.810900	-76.921280	0.000000
0	0	294	494.248000	-66.837600	-73.570900	1.012020	-66.127240	0.000000
0	0	295	454.757000	-27.767200	-47.884300	61.981900	-60.054317	0.000000
0	0	296	489.594000	-54.135700	-53.018500	37.783800	-67.798675	0.000000
0	0	297	434.278000	-69.703200	-34.171200	55.822800	-76.942061	0.000000
0	0	298	435.514000	-13.312700	-17.718100	75.208500	-63.459897	0.000000
0	0	299	438.203000	2.124190	-18.585200	58.265300	-41.739845	0.000000
0	0	300	393.730000	26.330500	-20.377000	35.026800	-18.868026	0.000000
0	0	301	309.782000	62.384000	40.974900	62.266400	16.648804	0.000000
0	0	302	315.851000	80.015500	-29.469600	-9.396050	-10.109342	0.000000
0	0	303	367.510000	73.642400	57.700800	32.371000	19.039827	0.000000
0	0	304	326.192000	135.691000	64.089100	42.445700	12.641070	4.791530
0	0	305	347.304000	119.153000	48.852000	30.380400	11.146664	0.000000
0	0	306	329.100000	141.043000	68.455000	33.229100	12.944773	4.585830
0	0	307	267.090000	132.806000	52.196000	31.763200	10.728019	5.042340
0	0	308	299.543000	107.420000	90.733800	20.651900	20.093287	5.097240
0	0	309	276.969000	114.651000	107.163000	29.273400	21.533271	4.563930
0	0	310	296.502000	101.287000	71.991100	38.569500	17.701912	0.000000
0	0	311	337.104000	103.604000	89.464600	-13.102400	20.405707	5.235220
0	0	312	260.486000	116.576000	112.992000	22.484900	22.052787	4.410640
0	0	313	346.339000	62.218000	186.668000	0.160533	35.783170	3.618270
0	0	314	147.018000	29.694800	75.343500	6.752550	34.244666	0.000000
0	0	315	83.177600	6.578850	43.559200	-3.083630	40.705697	0.000000
0	0	316	77.107800	9.549830	19.108500	60.231400	31.722776	0.000000
0	0	317	214.635000	35.918100	82.438400	10.471200	33.228712	0.000000
0	0	318	149.173000	12.096900	56.337300	-23.625300	38.940652	0.000000
0	0	319	95.066900	16.048300	46.014700	30.537400	35.386517	0.000000
0	0	320	82.277600	-9.143930	15.100800	27.436800	60.598002	0.000000
0	0	321	61.330600	17.915100	66.135100	6.839600	37.421549	0.000000
0	0	322	76.107200	-5.501800	9.979940	-44.009600	59.433664	0.000000
0	0	323	65.902600	3.958100	40.415900	14.893500	42.203309	0.000000
0	0	324	113.739000	-13.174800	46.447000	-3.286580	52.918056	0.000000
0	0	325	119.306000	-7.531160	40.957900	-3.653050	50.209458	0.000000
0	0	326	66.193600	-24.917300	62.260000	40.246300	55.905980	0.000000
0	0	327	74.406700	-7.525910	76.782700	17.246400	47.799002	0.000000
0	0	328	121.549000	-41.006400	70.792000	16.739000	60.040824	0.000000
0	0	329	70.170500	-33.942400	-0.648667	29.182300	-89.452582	0.000000
0	0	330	88.002000	-45.268600	44.332800	18.782200	67.799189	0.000000
0	0	331	83.032100	-33.669000	7.674070	-10.233700	83.580050	0.000000
0	0	332	137.275000	-23.668800	52.101900	3.125980	57.215651	0.000000
0	0	333	78.495300	-38.209700	3.355380	-6.678430	87.490726	0.000000
0	0	334	147.631000	-33.957700	18.727700	-31.215400	75.561614	0.000000
0	0	335	142.943000	-105.356000	-29.948900	-23.712000	-82.065733	0.000000
0	0	336	166.876000	-74.155400	-2.469720	-13.291200	-89.046244	0.000000
0	0	337	135.580000	-98.975100	12.855200	-25.071500	86.299835	0.000000
0	0	338	127.895000	-90.213700	-9.695360	8.706030	-86.932954	0.000000
0	0	339	143.810000	-59.057800	-10.151400	-45.343200	-85.123391	0.000000
0	0	340	97.247600	-37.704900	45.495200	7.179940	64.825402	0.000000
0	0	341	114.227000	-42.712300	-25.264200	-23.980600	-74.697905	0.000000
0	0	342	129.908000	-85.066100	19.378500	-26.804800	83.583364	0.000000
0	0	343	91.481100	-25.472100	17.894400	2.668120	72.455791	0.000000
0	0	344	121.111000	-11.750700	20.977700	5.952520	59.627727	0.000000
0	0	345	120.149000	-17.038900	38.631100	-22.796600	56.900344	0.000000
0	0	346	119.324000	-30.056300	19.697900	9.555960	73.380249	0.000000
0	0	347	111.044000	-80.055900	5.594160	-9.006630	88.001387	0.000000
0	0	348	131.432000	-88.707800	5.441180	13.090800	88.244988	0.000000
0	0	349	98.718900	-39.397200	-10.490900	5.629820	-82.544489	0.000000
0	0	350	126.597000	-74.288000	-31.348300	1.878990	-78.560532	0.000000
0	0	351	135.870000	-57.272800	-35.968200	-23.141400	-73.935273	0.000000
0	0	352	136.202000	-40.678200	-36.218700	-15.302200	-69.159525	0.000000
0	0	353	142.479000	-54.530100	23.230300	-50.417700	78.462785	0.000000
0	0	354	111.172000	-24.190400	-8.385600	-4.277700	-80.440565	0.000000
0	0	355	110.991000	-64.862800	-46.250100	-34.445500	-72.254709	0.000000
0	0	356	113.077000	-43.797200	-25.580700	-22.164000	-74.856007	0.000000
0	0	357	121.675000	-14.819400	-25.432700	17.735200	-60.114481	0.000000
0	0	358	100.479000	-55.338500	-9.150930	-3.002320	-85.305190	0.000000
0	0	359	108.934000	-57.650000	-14.610500	18.456700	-82.889349	0.000000
0	0	360	109.094000	-45.817500	-49.366300	-19.359400	-66.432396	0.000000
0	0	361	114.942000	-59.716900	-6.197810	-6.656730	-87.037342	0.000000
0	0	362	150.584000	-19.269200	-82.602800	-3.159010	-51.565437	0.000000
0	0	363	190.611000	-54.134700	-85.413000	-62.009900	-61.183247	0.000000
0	0	364	292.252000	-44.898800	-118.534000	-121.202000	-55.372947	0.000000
0	0	365	243.340000	-9.815070	-79.751600	-107.063000	-48.508070	0.000000
0	0	366	229.196000	-33.394900	-84.164600	-73.792700	-55.821115	0.000000
0	0	367	234.351000	15.348400	-37.808100	-120.793000	-33.952522	0.000000
0	0	368	168.125000	-0.716592	-17.921000	-45.848700	-46.144909	0.000000
0	0	369	172.286000	-28.866400	-49.970800	-50.105100	-60.006769	0.000000
0	0	370	218.213000	-25.397600	-74.338800	-78.415400	-54.431280	0.000000
0	0	371	220.715000	24.255400	-93.606100	-88.247200	-37.736457	0.000000
0	0	372	174.614000	-41.872300	-48.640400	-69.512000	-65.361829	0.000000
0	0	373	192.150000	-15.954000	-57.384100	-51.838600	-52.768531	0.000000
0	0	374	170.279000	-8.168550	-85.789100	-9.446990	-47.719557	0.000000
0	0	375	172.307000	22.753900	-74.043400	-36.882000	-36.458775	0.000000
0	0	376	190.934000	-0.398441	-73.817900	-68.551000	-45.154629	0.000000
0	0	377	213.953000	11.220900	-50.165600	-56.659700	-38.695888	0.000000
0	0	378	218.844000	-10.861700	-102.277000	-34.353900	-48.031012	0.000000
0	0	379	212.842000	-11.758400	-124.285000	-62.537200	-47.702287	0.000000
0	0	380	217.293000	-2.642300	-48.127100	-49.469100	-46.571264	0.000000
0	0	381	206.337000	6.837680	-102.136000	-76.293000	-43.084973	0.000000
0	0	382	214.281000	13.397600	-67.598800	-54.730000	-39.394830	0.000000
0	0	383	261.248000	12.752000	-66.518300	-89.417400	-39.573843	0.000000
0	0	384	156.678000	-13.529800	-11.020800	-135.188000	-70.417602	0.000000
0	0	385	143.944000	-30.769000	-27.089400	-50.288800	-69.319459	0.000000
0	0	386	147.309000	23.528600	-14.317700	-44.101100	-15.660742	0.000000
0	0	387	232.648000	57.750500	-88.622800	-133.704000	-28.454986	0.000000
0	0	388	244.318000	9.603780	-107.016000	-95.467800	-42.435963	0.000000
0	0	389	184.005000	-21.996400	-48.300500	-85.084500	-57.242433	0.000000
0	0	390	184.826000	-37.767300	-58.866200	-37.746500	-61.341683	0.000000
0	0	391	175.262000	17.258100	-35.673600	-46.654900	-32.091664	0.000000
0	0	392	129.721000	15.945300	-37.802900	-20.663000	-33.564968	0.000000
0	0	393	145.166000	-14.051200	-34.783400	-34.504500	-55.998438	0.000000
0	0	394	74.558300	37.317200	-47.120700	-1.734440	-25.811283	0.000000
0	0	395	166.646000	20.756200	-24.534100	-76.504900	-24.884150	0.000000
0	0	396	100.775000	30.698300	-30.474600	-45.670400	-22.395239	0.000000
0	0	397	77.553300	-2.786650	-20.581300	-36.907800	-48.855398	0.000000
0	0	398	94.627800	66.215900	-37.808700	-50.218800	-14.862995	0.000000
0	0	399	114.648000	38.781800	17.036500	-92.347300	11.857729	0.000000
0	0	400	98.275300	49.926100	-45.705000	-19.207400	-21.236319	0.000000
0	0	401	97.960600	60.331000	-45.106800	-69.452300	-18.391914	0.000000
0	0	402	122.992000	25.671800	-31.622800	-58.856700	-25.464930	0.000000
0	0	403	104.888000	11.848600	-34.534200	-19.302800	-35.531515	0.000000
0	0	404	120.587000	14.727700	-24.435700	7.576060	-29.461054	0.000000
0	0	405	97.689900	28.744400	-56.925800	-31.232200	-31.604367	0.000000
0	0	406	98.742700	21.289900	11.647400	-57.602700	14.341219	0.000000
0	0	407	41.872100	-12.634600	25.184300	-37.390200	58.321130	0.000000
0	0	408	161.435000	27.511800	-9.455310	-77.847500	-9.483461	0.000000
0	0	409	109.673000	-29.209600	13.988300	-42.855900	77.205261	0.000000
0	0	410	52.493700	39.804000	-1.934190	4.473060	-1.390989	0.000000
0	0	411	89.670700	37.861000	6.672250	-9.017370	4.997310	0.000000
0	0	412	71.911500	43.272600	22.415700	-49.332400	13.692336	0.000000
0	0	413	90.387900	-5.011760	13.653300	0.686323	55.078416	0.000000
0	0	414	134.041000	15.051500	-43.715200	-28.797400	-35.500498	0.000000
0	0	415	111.873000	10.015600	5.898680	-47.393900	15.247963	0.000000
0	0	416	68.574100	2.026270	-14.194900	27.158300	-40.938060	0.000000
0	0	417	85.505900	-1.963770	-32.114400	-17.695400	-46.749617	0.000000
0	0	418	75.856200	19.978700	-37.644600	-16.654700	-31.022132	0.000000
0	0	419	85.298100	-5.612110	-14.978400	5.531450	-55.269990	0.000000
0	0	420	50.285800	20.089200	4.868850	-16.579200	6.811802	0.000000
0	0	421	57.488800	-11.446900	-25.787800	-22.210800	-56.967935	0.000000
0	0	422	83.890700	-19.387800	15.620600	19.043100	70.570938	0.000000
0	0	423	68.703900	57.539100	27.567400	14.960000	12.799709	0.000000
0	0	424	82.318100	-29.885800	-22.085400	-14.305200	-71.767927	0.000000
0	0	425	66.052500	-31.518200	44.961900	-6.822400	62.515189	0.000000
0	0	426	38.862100	-13.052600	25.021000	5.006570	58.774754	0.000000
0	0	427	74.145000	-3.310690	-11.326200	-19.727100	-53.146918	0.000000
0	0	428	18.137000	30.004000	52.402500	-7.089240	30.102962	0.000000
0	0	429	113.017000	-10.328000	-51.200300	-21.283000	-50.702263	0.000000
0	0	430	89.727700	24.139600	10.695800	-48.173800	11.948613	0.000000
0	0	431	27.645700	57.072700	20.858000	-22.307900	10.037762	0.000000
0	0	432	126.807000	-9.824730	22.825000	-40.006600	56.644422	0.000000
0	0	433	90.705000	-9.416120	-41.658400	-15.716600	-51.368318	0.000000
0	0	434	79.459200	7.358470	4.355350	-11.779900	15.310275	0.000000
0	0	435	75.517900	-44.115400	-2.403190	-24.411400	-88.440945	0.000000
0	0	436	93.211400	-26.802700	16.969000	-22.691400	73.830889	0.000000
0	0	437	47.829600	11.439900	40.603700	-2.208930	37.132535	0.000000
0	0	438	45.916100	18.866300	-3.327360	-9.275380	-5.001064	0.000000
0	0	439	81.131000	-15.617200	35.169800	5.043330	56.971841	0.000000
0	0	440	95.680300	0.666485	-7.273350	-9.629120	-42.382195	0.000000
0	0	441	104.485000	6.927140	1.320750	-23.364700	5.397316	0.000000
0	0	442	49.581400	-43.570700	0.858353	2.795870	89.435703	0.000000
0	0	443	60.407500	-27.078200	-52.382400	-15.076900	-58.667971	0.000000
0	0	444	81.078400	-18.526600	7.336070	-18.422200	79.198837	0.000000
0	0	445	99.506100	15.762200	-41.547000	-36.203100	-34.612068	0.000000
0	0	446	68.530000	11.313400	-9.854950	-50.009700	-20.529341	0.000000
0	0	447	48.147700	41.758400	12.312700	-26.821200	8.214225	0.000000
0	0	448	114.643000	-14.088300	-9.777420	-40.934700	-72.619484	0.000000
0	0	449	76.211500	-5.769010	22.949000	-5.365250	52.055424	0.000000
0	0	450	113.033000	17.053900	-33.004500	-30.397100	-31.336975	0.000000
0	0	451	118.959000	3.226210	-6.975410	-44.005900	-32.589449	0.000000
0	0	452	129.739000	31.382700	1.560340	-3.711650	1.423194	0.000000
0	0	453	40.677700	49.557600	-8.163980	-22.673200	-4.677363	0.000000
0	0	454	18.581500	38.501400	-12.843700	-19.976100	-9.224104	0.000000
0	0	455	65.488200	15.127800	7.683590	-13.537000	13.463279	0.000000
0	0	456	23.411000	-7.457110	-49.818400	8.763780	-49.256581	0.000000
0	0	457	39.586100	-17.855700	3.047940	31.394500	85.156533	0.000000
0	0	458	25.208500	-46.642900	-50.887300	12.453400	-66.254064	0.000000
0	0	459	29.375200	-24.686500	2.875750	4.851580	86.677758	0.000000
0	0	460	41.754600	13.181200	-22.910600	-61.494500	-30.043404	0.000000
0	0	461	32.189000	27.175100	-65.710600	9.986180	-33.766050	0.000000
0	0	462	53.260600	-25.693900	-21.077600	-10.501200	-70.318390	0.000000
0	0	463	74.415000	4.589970	14.236500	-20.601700	36.065116	0.000000
0	0	464	10.826100	11.927900	-65.541600	-40.482900	-39.842819	0.000000
0	0	465	48.328000	2.079370	-9.450380	-1.254320	-38.795463	0.000000
0	0	466	51.014000	9.761170	-17.665000	43.691700	-30.538112	0.000000
0	0	467	55.198000	14.822000	-60.473500	-9.344880	-38.114172	0.000000
0	0	468	34.365200	31.103000	16.762400	-0.166519	14.160823	0.000000
0	0	469	9.383290	29.602300	43.502400	-29.465700	27.882844	0.000000
0	0	470	30.504300	-6.450800	-11.472300	4.460430	-59.674383	0.000000
0	0	471	20.282300	4.837210	-15.766500	24.517400	-36.471914	0.000000
0	0	472	47.005100	-7.330470	-30.803700	-28.710500	-51.692953	0.000000
0	0	473	33.520800	-21.785400	3.710290	11.547500	85.167323	0.000000
0	0	474	68.353300	4.835360	-5.162380	8.102180	-23.436721	0.000000
0	0	475	43.661700	-0.804761	-41.921000	18.327900	-45.549888	0.000000
0	0	476	32.002600	53.092100	-14.346700	-19.010300	-7.560738	0.000000
0	0	477	16.512900	39.953200	16.141700	30.785600	10.999728	0.000000
0	0	478	12.062700	32.492600	5.247640	-22.204300	4.587101	0.000000
0	0	479	26.884300	34.122600	-22.990200	6.465140	-16.985116	0.000000
0	0	480	29.876100	50.466900	-23.146000	-44.550700	-12.318977	0.000000
0	0	481	23.061500	46.784300	-8.568160	20.652400	-5.189120	0.000000
0	0	482	37.848900	22.207200	5.950060	-1.143240	7.499589	0.000000
0	0	483	6.324750	29.787900	6.917680	1.376050	6.537061	0.000000
0	0	484	20.794600	36.831200	-26.683200	-9.735120	-17.961152	0.000000
0	0	485	11.460300	-47.422700	-19.262100	17.633700	-78.947024	0.000000
0	0	486	-6.153130	17.804300	-8.287740	-35.965500	-12.480775	0.000000
0	0	487	26.256600	20.164300	-16.252800	35.622500	-19.434729	0.000000
0	0	488	-2.420980	18.954200	-10.671800	-29.763700	-14.690427	0.000000
0	0	489	52.553300	68.539900	-8.836240	3.762730	-3.673058	0.000000
0	0	490	25.784200	3.346890	29.473900	0.924828	41.760782	0.000000
0	0	491	13.864000	44.141300	-17.881000	2.935170	-11.026078	0.000000
0	0	492	29.970200	18.281100	24.525500	35.320400	26.649733	0.000000
0	0	493	0.883248	-20.587200	1.570660	2.678480	87.818591	0.000000
0	0	494	11.863900	-5.662310	-5.530840	2.811550	-67.836471	0.000000
0	0	495	56.673500	15.899900	-2.544500	7.370850	-4.546045	0.000000
0	0	496	35.474200	7.500250	24.627300	-0.859933	36.530937	0.000000
0	0	497	50.499600	18.945300	26.342300	1.508540	27.138215	0.000000
0	0	498	41.883500	-10.724000	4.674340	-0.276870	78.224371	0.000000
0	0	499	46.735000	36.439500	36.722900	-20.585800	22.610969	0.000000
0	0	500	54.927600	-47.141800	-40.150700	15.760900	-69.789472	0.000000
0	0	501	39.007600	-4.314870	-6.101380	0.951486	-62.633894	0.000000
0	0	502	7.840080	19.725200	1.493930	-6.210600	2.165575	0.000000
0	0	503	45.538300	4.553960	26.055700	37.071600	40.043052	0.000000
0	0	504	40.684200	-2.819870	-0.126051	13.915300	-88.720263	0.000000
0	0	505	13.686400	40.389000	37.774900	-26.387500	21.542262	0.000000
0	0	506	57.815200	61.839300	8.679670	-39.490300	3.994877	0.000000
0	0	507	27.446900	22.059300	20.392600	-6.723160	21.375835	0.000000
0	0	508	29.919500	21.339700	32.409000	32.416200	28.318551	0.000000
0	0	509	18.228500	-34.901200	5.888710	-2.251980	85.211481	0.000000
0	0	510	49.127800	9.758770	55.736400	-8.179460	40.034434	0.000000
0	0	511	15.340400	-15.807900	27.467200	-10.552500	59.960626	0.000000
0	0	512	26.211800	4.372110	-5.402630	28.017000	-25.509141	0.000000
0	0	513	60.498300	-21.193200	15.862900	30.675100	71.592755	0.000000
0	0	514	15.591900	-36.718700	-12.094700	21.443800	-80.884368	0.000000
0	0	515	20.472600	14.817900	16.694100	35.053800	24.203662	0.000000
0	0	516	1.148480	4.402060	-2.705300	26.826300	-15.786468	0.000000
0	0	517	44.949700	-36.125000	16.846800	-7.341910	77.499065	0.000000
0	0	518	44.832000	5.688950	-12.060500	-10.966800	-32.373350	0.000000
0	0	519	22.813800	-21.323800	-6.537280	14.620900	-81.477963	0.000000
0	0	520	19.462400	-34.484400	21.461300	-13.243600	74.052005	0.000000
0	0	521	22.583600	0.746602	30.593900	-19.163300	44.301026	0.000000
0	0	522	81.066400	-16.918500	48.268400	7.673010	54.658007	0.000000
0	0	523	19.517400	-4.869400	-69.980400	-33.287100	-46.990179	0.000000
0	0	524	10.912600	-30.671700	3.323420	-16.391400	86.907933	0.000000
0	0	525	8.049950	-60.838700	-35.915900	-7.760080	-74.722340	0.000000
0	0	526	8.656320	-32.353100	-45.239500	4.492990	-62.785257	0.000000
0	0	527	52.248800	-29.624600	-31.192700	-9.474830	-66.761513	0.000000
0	0	528	-4.660030	-42.622500	19.066100	4.149490	77.949925	0.000000
0	0	529	27.057600	19.304400	9.043140	10.070200	12.550363	0.000000
0	0	530	51.859400	-35.141700	30.776000	32.037300	69.394570	0.000000
0	0	531	36.745200	6.649090	23.024900	5.101210	36.946217	0.000000
0	0	532	30.907100	-28.360100	10.171100	22.507300	80.135038	0.000000
0	0	533	26.041700	-20.252800	-12.120500	54.279900	-74.550574	0.000000
0	0	534	7.243810	15.081400	3.299680	7.343900	6.170674	0.000000
0	0	535	9.739620	23.714000	-24.638500	-26.237300	-23.047681	0.000000
0	0	536	4.947590	-1.410650	6.671260	-9.883000	50.969712	0.000000
0	0	537	37.216600	5.020510	-8.598780	-5.209650	-29.860461	0.000000
0	0	538	4.741620	-19.260300	0.550927	-18.667200	89.180771	0.000000
0	0	539	14.911200	6.328730	-38.560500	21.147300	-40.339722	0.000000
0	0	540	12.762700	-3.124510	-37.457400	-54.210300	-47.384145	0.000000
0	0	541	34.814300	19.014700	-28.329400	10.931200	-28.065239	0.000000
0	0	542	10.017000	-5.994560	-59.189700	19.036700	-47.891515	0.000000
0	0	543	35.532400	-31.448600	-8.776150	8.637930	-82.203767	0.000000
0	0	544	-1.632660	9.209240	-9.436140	18.611400	-22.848606	0.000000
0	0	545	-4.766720	11.785200	-27.159200	-11.234400	-33.271258	0.000000
0	0	546	2.040130	-13.257700	-36.561900	51.812200	-54.965568	0.000000
0	0	547	68.510000	-16.951800	-17.249200	37.307600	-67.250894	0.000000
0	0	548	0.752439	-15.700700	-12.915500	6.527320	-70.279530	0.000000
0	0	549	23.706500	-26.074300	8.426490	15.751000	81.045304	0.000000
0	0	550	22.278900	20.450300	-19.971500	35.493900	-22.160679	0.000000
0	0	551	40.940000	-15.089200	6.986750	31.832500	77.577228	0.000000
0	0	552	20.628800	-6.976770	-31.288000	41.607400	-51.285237	0.000000
0	0	553	-20.445200	0.468872	-38.841800	13.308400	-44.654199	0.000000
0	0	554	-28.895900	7.747880	-20.730100	21.596300	-34.753379	0.000000
0	0	555	-11.618400	1.216590	-11.321400	13.188600	-41.933285	0.000000
0	0	556	34.371500	39.958000	-18.587200	5.721920	-12.473181	0.000000
0	0	557	-10.598800	-10.041500	29.470700	-12.793800	54.407713	0.000000
0	0	558	4.087920	14.416300	29.880900	-20.926700	32.122305	0.000000
0	0	559	17.255100	9.246270	-19.556000	30.880500	-32.347376	0.000000
0	0	560	-21.033900	21.214100	0.745352	-15.068600	1.006122	0.000000
0	0	561	30.340400	30.890000	3.333580	-11.638200	3.079698	0.000000
0	0	562	32.116700	45.790800	32.985100	-17.855200	17.883421	0.000000
0	0	563	-6.315010	-6.702480	-63.021500	49.505600	-48.035358	0.000000
0	0	564	-13.285400	10.378600	18.333400	0.309854	30.242826	0.000000
0	0	565	21.803900	51.700300	-17.450200	6.649350	-9.325440	0.000000
0	0	566	5.110860	51.491100	-14.141700	-1.407040	-7.678632	0.000000
0	0	567	12.339700	20.509100	-18.940500	-16.723400	-21.361499	0.000000
0	0	568	38.945600	4.770240	-7.171430	66.361800	-28.184615	0.000000
0	0	569	3.608780	42.952000	10.638600	-24.994300	6.955690	0.000000
0	0	570	10.829300	38.983800	23.322700	-33.740800	15.445334	0.000000
0	0	571	14.900900	11.716400	-35.714700	2.538380	-35.918822	0.000000
0	0	572	39.344900	35.378900	31.003400	12.458400	20.614440	0.000000
0	0	573	-20.724500	3.953850	8.232480	-27.212100	32.173107	0.000000
0	0	574	12.577900	44.548200	-6.073270	-6.624660	-3.881646	0.000000
0	0	575	52.891700	23.412900	-2.155030	-0.787203	-2.629473	0.000000
0	0	576	32.231300	32.042200	22.587200	14.953800	17.590395	0.000000
0	0	577	-13.202400	38.595300	10.231300	-15.224700	7.423572	0.000000
0	0	578	-18.540600	37.491700	24.749500	-13.851200	16.715055	0.000000
0	0	579	-2.045140	34.428600	32.049700	1.420660	21.475284	0.000000
0	0	580	35.585600	17.454300	32.421300	25.291500	30.851899	0.000000
0	0	581	-0.898670	-19.117300	9.873130	1.927800	76.342954	0.000000
0	0	582	14.925800	34.996800	-25.794500	35.419500	-18.196093	0.000000
0	0	583	-4.967630	12.756400	-12.514700	7.774140	-22.226012	0.000000
0	0	584	20.894200	17.398700	16.186000	27.898300	21.466011	0.000000
0	0	585	-6.271710	1.688310	39.643800	9.464560	43.780709	0.000000
0	0	586	-6.524350	16.258300	25.628800	-5.692180	28.804966	0.000000
0	0	587	35.856100	-41.067700	50.078800	-13.650900	64.676931	0.000000
0	0	588	7.797670	45.896000	42.290800	-16.321500	21.329486	0.000000
0	0	589	25.405300	-3.443900	-28.277200	15.662500	-48.471948	0.000000
0	0	590	10.307800	-4.673900	1.843050	27.158800	79.239645	0.000000
0	0	591	-16.132700	-11.366200	31.667900	-3.830340	54.872005	0.000000
0	0	592	19.109400	-45.682300	33.337500	13.426100	71.939606	0.000000
0	0	593	-10.450800	-7.999760	9.586000	18.090800	64.922927	0.000000
0	0	594	-28.569200	-48.149500	-27.284900	-31.236200	-75.230526	0.000000
0	0	595	13.060700	-42.790100	-10.011700	-4.011840	-83.415630	0.000000
0	0	596	7.818880	-8.082400	-1.511040	-15.301000	-84.705274	0.000000
0	0	597	25.719200	-24.855000	16.279200	13.712900	73.388266	0.000000
0	0	598	-7.237350	-12.102200	46.635800	55.566200	52.273810	0.000000
0	0	599	-2.569960	-25.406700	0.404058	-5.865870	89.544434	0.000000
0	0	600	31.449300	-9.363010	-9.938380	-41.055600	-66.646266	0.000000
0	0	601	35.648700	-49.372700	37.224200	21.318900	71.492895	0.000000
0	0	602	-15.631500	15.682900	6.143080	35.023200	10.695279	0.000000
0	0	603	4.750700	0.429724	-13.556900	22.577400	-44.092229	0.000000
0	0	604	25.629800	-1.060040	10.675300	36.235200	47.835394	0.000000
0	0	605	-10.558600	1.611270	2.915960	7.733340	30.538154	0.000000
0	0	606	57.435400	-1.038210	-16.877500	-21.977900	-46.760041	0.000000
0	0	607	40.721100	-17.470600	25.867500	-0.328417	62.017310	0.000000
0	0	608	11.169400	-54.760300	-0.525068	1.991410	-89.725319	0.000000
0	0	609	-18.646100	-37.695800	21.251900	4.843230	75.293420	0.000000
0	0	610	-25.415100	-21.885000	-3.471720	35.796300	-85.493007	0.000000
0	0	611	0.282323	19.863300	18.825200	23.025000	21.731497	0.000000
0	0	612	-3.139220	-26.858600	-25.504000	18.733200	-68.240944	0.000000
0	0	613	-13.661900	-11.933500	16.635200	7.764900	62.827155	0.000000
0	0	614	20.234200	-2.093890	-27.214600	6.371660	-47.199833	0.000000
0	0	615	-14.384900	10.231000	39.011700	9.497060	37.652424	0.000000
0	0	616	-47.319000	22.401800	-13.910900	20.225300	-15.919570	0.000000
0	0	617	33.155800	7.204260	-14.683700	-2.456200	-31.933029	0.000000
0	0	618	2.565270	-26.318700	0.772790	-3.811850	89.159060	0.000000
0	0	619	47.776700	-1.972690	8.803540	10.545300	51.315078	0.000000
0	0	620	36.019900	40.440300	-6.006350	18.198200	-4.224017	0.000000
0	0	621	-2.921640	-19.074100	-5.050710	4.458620	-82.584397	0.000000
0	0	622	-14.058100	-8.422620	-23.677200	-15.492900	-54.790924	0.000000
0	0	623	3.616780	-4.701550	-25.082600	-9.168270	-50.308242	0.000000
0	0	624	19.014700	-17.371000	-2.736830	28.107100	-85.523276	0.000000
0	0	625	39.253700	42.011400	-13.321200	10.528300	-8.796530	0.000000
0	0	626	-17.027700	25.470100	-35.354300	-35.986800	-27.115051	0.000000
0	0	627	-43.500500	1.082080	-18.207500	0.661993	-43.299443	0.000000
0	0	628	-2.052860	-35.214300	-8.818170	15.883100	-82.970704	0.000000
0	0	629	52.050400	25.156000	-8.450730	-42.599700	-9.284449	0.000000
0	0	630	-7.569910	14.000900	28.285200	14.060100	31.832518	0.000000
0	0	631	-13.786300	37.441900	9.505620	10.181800	7.122548	0.000000
0	0	632	-4.161940	8.343700	20.954800	1.988390	34.144368	0.000000
0	0	633	-9.395960	9.526750	-1.818110	-0.546543	-5.402278	0.000000
0	0	634	3.622470	-2.668150	-0.506535	4.557080	-84.625302	0.000000
0	0	635	4.014260	19.086900	-15.258900	-3.132590	-19.320182	0.000000
0	0	636	30.200100	22.993700	0.657414	8.796680	0.818850	0.000000
0	0	637	20.731900	-9.483410	-28.417600	10.037200	-54.227342	0.000000
0	0	638	14.985800	-10.252200	-21.106000	7.479020	-57.954038	0.000000
0	0	639	44.502100	-20.024300	-41.706000	-12.793400	-57.823529	0.000000
0	0	640	5.480360	22.792500	-6.825680	8.537070	-8.335702	0.000000
0	0	641	21.377000	40.854600	-4.846330	-26.062700	-3.382516	0.000000
0	0	642	-11.476700	47.287100	-4.068200	-6.924780	-2.458579	0.000000
0	0	643	-0.670587	25.748500	-0.639126	-30.627800	-0.710948	0.000000
0	0	644	3.056150	-26.168000	-39.102100	-10.982700	-61.895662	0.000000
0	0	645	11.716000	10.910700	13.840200	-6.259990	25.875043	0.000000
0	0	646	24.937600	0.835173	35.754400	-26.684700	44.330947	0.000000
0	0	647	-39.990900	26.185300	-7.170010	26.820700	-7.656639	0.000000
0	0	648	6.371300	13.670000	-1.980330	-18.259600	-4.121458	0.000000
0	0	649	12.577500	8.836190	-30.732600	25.832200	-36.979540	0.000000
0	0	650	-31.833600	28.190300	8.222760	17.064100	8.130654	0.000000
0	0	651	-29.269000	25.326600	2.313010	-27.170100	2.609097	0.000000
0	0	652	-5.176280	6.291310	19.121300	38.524700	35.893853	0.000000
0	0	653	3.035090	5.046290	6.312410	-4.752030	25.680166	0.000000
0	0	654	-15.542200	-22.322700	21.226700	-7.436880	68.220824	0.000000
0	0	655	19.736400	0.023626	46.465900	16.068400	44.985434	0.000000
0	0	656	0.026759	3.043190	27.138400	16.652000	41.800906	0.000000
0	0	657	29.634700	-3.789330	19.163800	-11.920400	50.592513	0.000000
0	0	658	11.925800	19.026800	2.634860	-27.737300	3.942131	0.000000
0	0	659	11.992400	27.421600	5.446680	0.452131	5.617145	0.000000
0	0	660	10.200900	24.690100	18.540200	-2.457160	18.451743	0.000000
0	0	661	16.116600	48.664700	-19.208900	-28.645800	-10.770055	0.000000
0	0	662	-10.008600	-13.661900	-11.573600	-45.448900	-69.865294	0.000000
0	0	663	-5.453050	11.206500	16.869900	-17.603500	28.202162	0.000000
0	0	664	-40.163100	-13.181500	-20.338300	-2.702630	-61.473882	0.000000
0	0	665	1.045960	-20.841500	10.649200	-2.103830	76.467363	0.000000
0	0	666	-0.656447	-29.592600	-26.042500	3.660580	-69.325559	0.000000
0	0	667	-13.910800	-3.390160	32.076900	9.445540	48.016555	0.000000
0	0	668	19.855400	34.199600	-1.053240	52.214500	-0.881986	0.000000
0	0	669	-0.907221	-2.218370	-14.154400	-0.177738	-49.453655	0.000000
0	0	670	35.088000	4.329650	-6.286550	-33.385400	-27.722089	0.000000
0	0	671	-13.116600	43.099500	28.793100	-24.555300	16.872672	0.000000
0	0	672	-29.339100	65.138600	46.724600	-20.391800	17.826135	0.000000
0	0	673	-7.003350	-24.621200	38.426500	-25.876300	61.324552	0.000000
0	0	674	12.232700	-21.537900	58.652900	-24.828700	55.081856	0.000000
0	0	675	-10.504900	-31.256500	5.666960	-12.677300	84.861809	0.000000
0	0	676	-0.393529	-37.937100	20.633000	-0.659544	75.729691	0.000000
0	0	677	7.587830	-23.187500	13.238900	14.966600	75.137900	0.000000
0	0	678	-6.488090	-24.491100	-39.444100	21.320200	-60.918208	0.000000
0	0	679	-6.732880	5.608220	-3.770650	-12.441200	-16.957328	0.000000
0	0	680	-14.528600	-24.396800	-14.464400	20.396500	-74.668551	0.000000
0	0	681	7.026120	-13.329200	26.558900	15.915000	58.325424	0.000000
0	0	682	39.653500	-18.923300	27.777600	-30.744900	62.132190	0.000000
0	0	683	-4.929000	11.809700	-5.171700	-12.148900	-11.824779	0.000000
0	0	684	-0.437171	-1.817520	-39.401700	8.087720	-46.320533	0.000000
0	0	685	45.262500	-12.860100	42.069500	25.902500	53.498856	0.000000
0	0	686	23.374800	-31.492600	49.122500	2.123290	61.332034	0.000000
0	0	687	33.381500	-20.067900	22.055100	0.400365	66.149505	0.000000
0	0	688	-8.985730	-14.661100	-2.296490	5.318180	-85.548812	0.000000
0	0	689	-12.965500	-29.269800	4.354630	-11.114200	85.768930	0.000000
0	0	690	-8.892500	-16.766800	17.875900	5.486000	66.583139	0.000000
0	0	691	12.549300	-28.852500	-32.309900	-57.813700	-65.882308	0.000000
0	0	692	14.823300	-39.132600	-42.681100	9.124260	-66.258235	0.000000
0	0	693	0.971250	-17.959000	6.732490	3.606090	79.724963	0.000000
0	0	694	-10.443300	8.923130	18.592500	19.441600	32.181088	0.000000
0	0	695	28.490700	-4.657890	-2.701480	68.869300	-74.943576	0.000000
0	0	696	25.215300	-58.879300	19.689000	-15.002500	80.755137	0.000000
0	0	697	9.103840	-0.519472	34.048500	16.692400	45.437042	0.000000
0	0	698	-0.037398	-27.664200	22.120300	-13.845700	70.677081	0.000000
0	0	699	-0.799216	1.904440	17.198900	4.610260	41.840680	0.000000
0	0	700	8.427430	12.717900	1.717400	10.650700	3.845294	0.000000
0	0	701	26.742200	29.012000	13.179500	-4.456780	12.215616	0.000000
0	0	702	19.726100	-27.234200	-37.996800	-19.961100	-62.815528	0.000000
0	0	703	-31.203600	-19.158100	-31.869300	35.324000	-60.506005	0.000000
0	0	704	6.417780	-39.858400	5.302440	0.473592	86.211162	0.000000
0	0	705	-1.321660	-3.814330	-40.374100	-5.437910	-47.698491	0.000000
0	0	706	-31.868200	5.795640	-28.677300	18.148800	-39.287251	0.000000
0	0	707	22.318400	-19.998800	-31.890400	-1.408440	-61.046125	0.000000
0	0	708	-18.347700	25.213000	-3.407320	8.110370	-3.848202	0.000000
0	0	709	4.772670	-5.679100	31.467100	-15.133900	50.115233	0.000000
0	0	710	10.420500	6.029800	3.810130	15.075800	16.144054	0.000000
0	0	711	24.366300	-6.188230	-23.244000	-10.364700	-52.454005	0.000000
0	0	712	-2.249710	-4.866470	-41.969900	-18.968800	-48.306996	0.000000
0	0	713	12.320500	9.418090	-16.027800	0.590542	-29.780547	0.000000
0	0	714	-11.896800	20.570900	14.177000	17.869600	17.286867	0.000000
0	0	715	-21.511500	9.222540	-4.010030	17.051600	-11.749884	0.000000
0	0	716	-26.173000	-11.167100	-29.340200	-0.697591	-55.418600	0.000000
0	0	717	32.833700	-31.263100	-0.128365	-8.640800	-89.882374	0.000000
0	0	718	9.307680	11.789900	-23.461600	29.147400	-31.659801	0.000000
0	0	719	20.014500	-11.896300	-1.582230	-9.728740	-86.212009	0.000000
0	0	720	-27.857300	-1.995360	-2.033950	-39.177800	-67.225638	0.000000
0	0	721	6.461870	13.500600	-21.083100	-14.909400	-28.683231	0.000000
0	0	722	-21.549300	-38.759300	32.023400	-11.661400	70.218036	0.000000
0	0	723	32.870800	17.492100	-4.879090	29.139700	-7.792719	0.000000
0	0	724	-45.462100	26.759000	10.678800	-25.331700	10.877809	0.000000
0	0	725	4.002700	19.943200	32.241200	-32.198200	29.130308	0.000000
0	0	726	-18.787500	8.756670	-27.033100	17.225200	-36.025808	0.000000
0	0	727	13.113500	83.192800	13.433900	-0.231348	4.586445	0.000000
0	0	728	-0.492744	-8.443010	15.260300	-11.755000	59.477139	0.000000
0	0	729	4.303840	19.348100	10.694600	13.282700	14.465741	0.000000
0	0	730	7.263090	17.321900	5.196360	-14.834700	8.349303	0.000000
0	0	731	0.395411	4.240020	-32.510100	32.679500	-41.284667	0.000000
0	0	732	14.280900	25.149100	11.429600	-28.408200	12.220269	0.000000
0	0	733	17.775400	40.675900	-13.554600	-31.467200	-9.214918	0.000000
0	0	734	-16.961700	0.087561	-2.760760	10.257900	-44.091696	0.000000
0	0	735	3.361380	25.886900	1.514830	-9.407640	1.674486	0.000000
0	0	736	10.902900	27.795700	33.122900	18.602600	24.998839	0.000000
0	0	737	-66.292200	19.168400	1.501060	32.972000	2.238821	0.000000
0	0	738	-0.051285	41.437800	27.734800	-0.128451	16.897427	0.000000
0	0	739	20.160300	18.767000	28.607700	-38.494200	28.367318	0.000000
0	0	740	32.464400	-6.978580	-3.017650	-3.919020	-78.307785	0.000000
0	0	741	-6.893460	21.674900	-21.960400	-2.163670	-22.687437	0.000000
0	0	742	41.151300	-4.616440	-19.718000	33.802600	-51.588465	0.000000
0	0	743	-22.552000	13.611400	-13.560100	1.950100	-22.445913	0.000000
0	0	744	17.670800	-7.187470	18.868900	36.712200	55.426324	0.000000
0	0	745	5.467460	-1.589060	15.050400	-26.531200	48.013553	0.000000
0	0	746	-8.885820	-12.635400	-16.508500	-3.113210	-63.714996	0.000000
0	0	747	20.434300	-11.441100	13.955100	0.731894	64.673320	0.000000
0	0	748	-4.727420	38.950600	10.198300	-21.391800	7.336099	0.000000
0	0	749	21.608300	-21.370400	33.466600	8.107920	61.280317	0.000000
0	0	750	5.335170	-2.517850	27.956300	-15.334300	47.573195	0.000000
0	0	751	15.335100	1.810740	20.554600	16.993900	42.482787	0.000000
0	0	752	45.098900	56.886900	53.291800	-29.859900	21.565559	0.000000
0	0	753	-8.476910	-10.114700	57.941800	38.956400	49.951073	0.000000
0	0	754	20.456100	35.873300	27.486500	-9.016170	18.729858	0.000000
0	0	755	34.938000	-4.560190	-15.824200	13.139100	-53.037915	0.000000
0	0	756	20.780500	5.608990	34.914800	0.791136	40.436765	0.000000
0	0	757	-10.115200	-2.751850	10.067500	-0.161552	52.643894	0.000000
0	0	758	1.744470	3.424510	-9.476290	0.557217	-35.065664	0.000000
0	0	759	3.656690	-8.902110	19.156700	-15.167300	57.462136	0.000000
0	0	760	16.489300	-2.766060	-38.087500	32.986700	-47.076873	0.000000
0	0	761	27.171600	-37.860800	1.985490	19.395200	88.499027	0.000000
0	0	762	42.604000	20.185000	38.355700	21.453000	31.122023	0.000000
0	0	763	19.499500	8.596900	43.571200	-2.682860	39.419255	0.000000
0	0	764	6.259060	-8.593610	31.046300	-1.188800	52.736039	0.000000
0	0	765	26.724800	-20.732700	18.188600	-5.644380	69.369916	0.000000
0	0	766	22.389400	-52.223800	29.493500	30.847800	75.272160	0.000000
0	0	767	19.400100	10.943000	36.633300	-47.156200	36.684103	0.000000
0	0	768	-7.349960	-26.786300	-20.763200	12.043400	-71.109607	0.000000
0	0	769	22.764300	-34.277200	-11.106400	-6.435930	-81.023394	0.000000
0	0	770	-3.357670	0.615318	-39.456500	7.067140	-44.553277	0.000000
0	0	771	-12.088300	8.639910	-13.508900	-22.037400	-28.699085	0.000000
0	0	772	-7.551550	-2.838150	-49.762700	-25.443600	-46.632126	0.000000
0	0	773	3.776240	-22.203600	7.319220	-0.828294	80.877827	0.000000
0	0	774	-39.165600	-43.549900	-15.843000	-6.229900	-80.004570	0.000000
0	0	775	9.004180	-21.485400	-27.694600	-13.936800	-63.902109	0.000000
0	0	776	20.635900	-14.578500	-9.356570	2.920220	-73.653703	0.000000
0	0	777	-10.656300	-36.102100	10.765200	-8.975280	81.698035	0.000000
0	0	778	-16.240100	-20.480700	-24.518800	41.568000	-64.936104	0.000000
0	0	779	35.465700	14.698100	38.214300	-19.254200	34.481054	0.000000
0	0	780	-8.069600	12.580500	15.421200	-11.786600	25.396345	0.000000
0	0	781	-24.307000	-13.697800	-5.703910	10.579100	-78.696317	0.000000
0	0	782	-9.852320	8.616660	-40.968600	18.847200	-39.061234	0.000000
0	0	783	0.789466	16.863000	-21.165500	-15.628900	-25.727464	0.000000
0	0	784	13.432900	-17.918400	-49.268900	-6.563790	-54.992804	0.000000
0	0	785	-19.899500	17.337900	-26.836600	33.742700	-28.567673	0.000000
0	0	786	1.260880	23.579000	-43.231700	-10.638900	-30.695754	0.000000
0	0	787	13.057400	40.181700	-38.709000	9.908720	-21.965275	0.000000
0	0	788	-3.175440	-23.171100	-14.213800	-17.553200	-74.236942	0.000000
0	0	789	14.205300	4.456160	-33.816200	-4.684480	-41.246525	0.000000
0	0	790	-3.661470	-10.389100	2.363490	-10.738000	83.591755	0.000000
0	0	791	-35.090700	-35.287100	-14.463900	-19.316500	-78.855834	0.000000
0	0	792	-11.594300	0.402005	-9.127090	24.305100	-43.739011	0.000000
0	0	793	-26.230800	-9.498050	-1.999640	-37.507200	-84.055525	0.000000
0	0	794	19.295900	-4.964550	16.159500	4.877390	53.539048	0.000000
0	0	795	16.477600	-3.295370	14.661300	5.232910	51.333826	0.000000
0	0	796	-38.180200	-18.273300	5.655180	-3.523180	81.401933	0.000000
0	0	797	-38.650100	13.243700	-26.255800	7.318540	-31.616573	0.000000
0	0	798	4.960680	0.450221	3.895760	4.148310	41.703874	0.000000
0	0	799	9.022660	-25.789000	-25.871700	-23.097400	-67.454140	0.000000
0	0	800	1.424330	22.365300	-26.188400	-12.691100	-24.751080	0.000000
0	0	801	-21.739300	5.867120	-20.033500	9.981880	-36.838258	0.000000
0	0	802	-16.146400	28.851300	-15.731700	2.470840	-14.301118	0.000000
0	0	803	7.448350	39.533600	-16.431900	-23.319400	-11.284958	0.000000
0	0	804	-28.074200	-3.403900	3.114220	-16.269300	68.772340	0.000000
0	0	805	10.373100	32.405700	-1.807160	1.148790	-1.595946	0.000000
0	0	806	-16.366400	13.863900	-13.994700	9.889230	-22.634505	0.000000
0	0	807	-2.653060	34.181900	-4.696830	3.371140	-3.911921	0.000000
0	0	808	23.765200	55.089600	-12.838600	13.370400	-6.559297	0.000000
0	0	809	17.496200	52.006500	2.213950	-2.564020	1.218823	0.000000
0	0	810	9.145940	58.382500	21.849600	-18.182800	10.259159	0.000000
0	0	811	-6.943420	-4.782290	10.099600	-40.799400	57.669077	0.000000
0	0	812	-24.387600	15.072200	27.798400	16.963800	30.766799	0.000000
0	0	813	-21.533500	12.789100	11.981000	-15.905200	21.565722	0.000000
0	0	814	33.220300	15.830700	-5.046290	-6.871880	-8.840258	0.000000
0	0	815	12.969100	5.578920	16.929500	-21.819600	35.880482	0.000000
0	0	816	14.651900	28.769300	30.027000	-34.984600	23.112708	0.000000
0	0	817	-14.614300	-25.093800	17.428600	8.683990	72.609274	0.000000
0	0	818	13.141000	0.738645	1.136790	25.437700	28.492823	0.000000
0	0	819	32.966000	22.611300	-2.789090	0.505764	-3.515940	0.000000
0	0	820	31.972300	-4.769500	-7.193690	32.158700	-61.772420	0.000000
0	0	821	44.608100	11.586700	5.232660	60.290600	12.152186	0.000000
0	0	822	11.051100	45.759700	38.044500	13.382700	19.870025	0.000000
0	0	823	21.042300	33.118200	40.330000	-4.900730	25.303918	0.000000
0	0	824	21.675200	-3.249120	6.401110	24.393700	58.455878	0.000000
0	0	825	-25.226100	50.038000	27.079000	25.042400	14.210433	0.000000
0	0	826	0.937296	-2.853170	21.100700	11.068700	48.850325	0.000000
0	0	827	25.224900	21.670100	-0.809942	8.848120	-1.070246	0.000000
0	0	828	41.502300	-3.191820	8.211000	-30.871900	55.621171	0.000000
0	0	829	-39.479400	-4.231170	23.572300	-24.195900	50.088043	0.000000
0	0	830	0.299689	29.930700	41.775800	-11.464600	27.189954	0.000000
0	0	831	29.271500	-21.292600	27.965600	7.598290	63.642558	0.000000
0	0	832	-28.051300	4.163620	25.033900	5.213760	40.278523	0.000000
0	0	833	-13.471300	-5.445590	20.553100	-18.971500	52.419835	0.000000
0	0	834	35.125400	26.288000	7.711890	-12.973100	8.174832	0.000000
0	0	835	-25.277100	-12.521800	41.730800	15.157500	53.351234	0.000000
0	0	836	-31.658500	0.493651	68.117200	25.156700	44.792390	0.000000
0	0	837	33.800800	15.246600	-6.761900	10.964400	-11.958695	0.000000
0	0	838	9.178170	-0.909530	8.301570	-34.970600	48.126228	0.000000
0	0	839	-3.215100	-25.952900	29.199800	-13.910200	65.815412	0.000000
0	0	840	-16.429100	-31.035400	31.632700	-7.134880	67.226961	0.000000
0	0	841	-7.127200	-54.176300	-5.490900	3.559540	-87.106348	0.000000
0	0	842	-50.469500	-29.939700	2.199960	13.823400	87.898738	0.000000
0	0	843	-26.660400	-6.983340	15.617500	-3.908730	57.045865	0.000000
0	0	844	25.917100	-47.884800	6.212200	27.898900	86.304089	0.000000
0	0	845	-0.255795	-6.319250	-16.785700	21.843800	-55.314832	0.000000
0	0	846	-19.889000	11.607700	0.801630	61.451600	1.975293	0.000000
0	0	847	17.877800	-15.750200	56.514200	24.201800	52.786432	0.000000
0	0	848	-18.512700	6.302200	5.320210	-4.225910	20.085244	0.000000
0	0	849	3.620120	-3.200120	47.141400	9.913390	46.941738	0.000000
0	0	850	10.648800	-37.157700	17.943200	-29.239100	77.112210	0.000000
0	0	851	-0.591588	17.282700	-6.055550	17.306200	-9.654776	0.000000
0	0	852	9.073720	-25.161700	-20.942100	15.339800	-70.114682	0.000000
0	0	853	-3.081300	-19.896200	50.880500	-0.520333	55.678689	0.000000
0	0	854	-16.763600	-38.542700	23.150800	-3.154380	74.504364	0.000000
0	0	855	-40.956000	-51.655900	-13.638200	10.720200	-82.605121	0.000000
0	0	856	-13.602500	-41.708200	4.272470	-0.586355	87.075592	0.000000
0	0	857	28.120900	-28.831700	-23.411500	-32.420800	-70.461605	0.000000
0	0	858	21.055000	33.189800	-20.276100	-34.395800	-15.710663	0.000000
0	0	859	29.707500	-32.402400	8.866490	2.099310	82.348193	0.000000
0	0	860	-4.817900	-29.467000	-4.561090	-41.716600	-85.600610	0.000000
0	0	861	-8.465670	18.267600	-24.761300	-9.640390	-26.791011	0.000000
0	0	862	11.180000	-34.155700	-22.063800	20.904500	-73.569233	0.000000
0	0	863	-0.595169	11.895400	-25.367900	3.781180	-32.438697	0.000000
0	0	864	4.216180	4.248940	-43.075700	15.034200	-42.183315	0.000000
0	0	865	-43.300200	-15.653600	13.197800	10.072100	69.932614	0.000000
0	0	866	-13.577800	-33.136700	-23.340500	5.209450	-72.420140	0.000000
0	0	867	-33.487700	-14.265100	-34.748600	-16.448500	-56.159639	0.000000
0	0	868	-48.083800	-6.630920	-5.862230	26.642600	-69.260454	0.000000
0	0	869	18.483400	-0.333841	-29.549500	-25.932000	-45.323641	0.000000
0	0	870	-41.012900	-34.737500	24.224100	14.202600	72.555057	0.000000
0	0	871	-7.383510	-29.978500	-1.719250	5.461850	-88.358857	0.000000
0	0	872	-15.217900	-55.156500	-28.108200	-13.755200	-76.498120	0.000000
0	0	873	16.006100	-3.347780	-8.268110	-13.747800	-56.021579	0.000000
0	0	874	-4.418340	-40.951400	4.521370	-2.665300	86.849797	0.000000
0	0	875	-20.584000	19.524800	-12.667500	-14.493600	-16.487557	0.000000
0	0	876	-27.131500	15.374100	50.560300	14.979900	36.543409	0.000000
0	0	877	-2.163870	26.295600	3.719330	18.698600	4.025343	0.000000
0	0	878	-10.007600	21.053900	10.329400	-25.383800	13.066676	0.000000
0	0	879	11.218300	-14.980900	-8.989120	-12.676400	-74.517306	0.000000
0	0	880	17.207000	22.510300	-13.856200	-15.647900	-15.807173	0.000000
0	0	881	16.614400	37.479200	-8.661400	-5.257220	-6.506273	0.000000
0	0	882	22.511600	21.533300	0.767492	31.422700	1.020639	0.000000
0	0	883	-0.019278	-21.251200	-71.222100	28.530200	-53.307007	0.000000
0	0	884	19.595900	-30.135800	-33.847000	-26.474300	-65.840194	0.000000
0	0	885	2.363370	-16.485500	48.436600	17.805000	54.398058	0.000000
0	0	886	40.987500	1.046340	-31.801900	-3.749710	-44.057773	0.000000
0	0	887	10.218700	23.207100	-6.308890	18.307200	-7.604208	0.000000
0	0	888	42.074800	-15.397800	28.398100	21.971100	59.233548	0.000000
0	0	889	-5.101420	-11.789400	5.377110	23.414000	77.741207	0.000000
0	0	890	22.975600	18.923500	10.776400	-36.353600	14.830147	0.000000
0	0	891	-16.629900	26.104400	-11.236300	20.152500	-11.644417	0.000000
0	0	892	31.926200	37.654000	27.582000	-42.408800	18.111609	0.000000
0	0	893	-12.346300	6.995390	-33.703800	-29.500200	-39.137231	0.000000
0	0	894	26.534900	19.409400	-36.632200	29.364700	-31.041665	0.000000
0	0	895	28.150200	38.816800	-37.314000	2.540750	-21.934572	0.000000
0	0	896	25.840400	30.147700	-18.244800	31.064500	-15.590754	0.000000
0	0	897	-1.908750	-11.677300	-4.465470	-5.877350	-79.536422	0.000000
0	0	898	-14.184200	8.364510	6.466050	-3.202480	18.852620	0.000000
0	0	899	13.466000	8.256280	6.258670	29.902400	18.581967	0.000000
0	0	900	17.836300	4.249340	-23.767400	-8.212730	-39.931635	0.000000
0	0	901	-32.007900	6.522350	18.510000	6.698530	35.294561	0.000000
0	0	902	20.252900	15.704000	48.907600	11.866000	36.099210	0.000000
0	0	903	5.015890	-20.310400	-35.942300	7.760240	-59.735037	0.000000
0	0	904	3.528370	28.604200	48.252000	-10.625000	29.670087	0.000000
0	0	905	-14.060300	-3.030120	-10.547600	3.875880	-53.014164	0.000000
0	0	906	-50.222600	-17.379700	19.611700	14.419400	65.773527	0.000000
0	0	907	-16.418000	2.422560	-19.399200	-26.962800	-41.440894	0.000000
0	0	908	13.430000	40.466100	19.622500	82.949300	12.934653	0.000000
0	0	909	14.487600	20.795100	29.893100	-1.484980	27.587820	0.000000
0	0	910	-10.904500	17.295800	37.528600	4.223440	32.628225	0.000000
0	0	911	5.534720	-38.340500	4.463890	-9.858840	86.679546	0.000000
0	0	912	-23.549400	4.710100	-16.514800	-3.204410	-37.040798	0.000000
0	0	913	26.970000	2.026980	-34.108800	-26.624200	-43.299545	0.000000
0	0	914	-22.865100	23.498100	2.345310	-24.508800	2.849865	0.000000
0	0	915	-1.729130	26.857800	40.450500	-6.814410	28.208574	0.000000
0	0	916	6.983370	11.392200	-4.356190	-27.236900	-10.463016	0.000000
0	0	917	7.651150	8.688760	5.249290	-7.934900	15.569078	0.000000
0	0	918	4.588270	4.422080	0.001349	-9.256610	0.008738	0.000000
0	0	919	-11.696400	-34.263700	-19.991900	6.316650	-74.868824	0.000000
0	0	920	-10.817800	24.064400	22.928300	13.527500	21.807541	0.000000
0	0	921	-6.441200	0.557791	-29.636200	-21.506900	-44.460874	0.000000
0	0	922	30.387000	32.217300	-16.387100	-5.586890	-13.479920	0.000000
0	0	923	28.923500	-1.837580	-27.186200	-4.658240	-46.933438	0.000000
0	0	924	1.533400	14.388900	7.216550	15.437300	13.317704	0.000000
0	0	925	37.254500	-6.531550	-37.476300	-1.525630	-49.943241	0.000000
0	0	926	-12.745100	34.704400	14.105700	-11.610000	11.059710	0.000000
0	0	927	48.750500	3.300950	5.184640	2.932550	28.757980	0.000000
0	0	928	2.548150	55.515800	-30.418000	-21.366900	-14.359522	0.000000
0	0	929	-3.091060	68.094000	-8.542660	-15.628100	-3.575312	0.000000
0	0	930	60.979200	3.389980	-12.316600	15.231600	-37.305571	0.000000
0	0	931	31.253700	65.411800	14.426700	10.644900	6.218790	0.000000
0	0	932	-2.252540	36.816000	16.322400	0.141986	11.955069	0.000000
0	0	933	-38.488000	9.408690	-7.736590	-5.642180	-19.714911	0.000000
0	0	934	33.305800	26.283800	-15.211100	-6.381950	-15.029526	0.000000
0	0	935	21.302100	16.355900	-30.846400	9.491450	-31.032907	0.000000
0	0	936	5.358140	2.407610	-15.447400	-8.218910	-40.570617	0.000000
0	0	937	29.559400	18.753300	-51.502700	-21.255900	-34.996144	0.000000
0	0	938	-10.599800	44.833100	28.993700	5.276720	16.445435	0.000000
0	0	939	-24.900400	57.946800	17.693900	-20.268300	8.489955	0.000000
0	0	940	22.394300	-3.188130	33.801900	2.507110	47.694044	0.000000
0	0	941	6.403880	-1.783190	-14.166600	-17.109900	-48.587126	0.000000
0	0	942	-1.713380	25.328400	22.764200	-20.798400	20.973998	0.000000
0	0	943	2.087400	28.796400	-12.775800	10.219100	-11.962464	0.000000
0	0	944	11.250700	11.826500	21.742200	-34.159900	30.728182	0.000000
0	0	945	10.633800	29.089100	13.528400	-11.888000	12.470808	0.000000
0	0	946	55.957800	-16.600100	23.465000	4.332190	62.638574	0.000000
0	0	947	-22.240200	33.660400	7.157900	13.765400	6.002574	0.000000
0	0	948	44.358800	26.268400	-0.048922	35.152400	-0.053354	0.000000
0	0	949	-4.094740	41.413400	52.253700	45.042500	25.800799	0.000000
0	0	950	40.276500	-24.285600	-10.728000	-24.416500	-78.083439	0.000000
0	0	951	-4.149740	19.920600	19.086700	-7.957720	21.887657	0.000000
0	0	952	38.906200	-67.931500	35.095700	25.045100	76.338801	0.000000
0	0	953	20.257000	6.101030	4.372230	-16.929500	17.813411	0.000000
0	0	954	8.360140	13.374500	40.143400	16.010200	35.786786	0.000000
0	0	955	11.235100	-3.929360	16.947300	3.946450	51.526904	0.000000
0	0	956	4.524030	2.410610	-16.016500	-9.794090	-40.720388	0.000000
0	0	957	-38.990200	-3.652170	-1.837450	-32.400700	-76.646245	0.000000
0	0	958	14.431500	13.907100	20.067900	21.779400	27.638977	0.000000
0	0	959	5.422960	-18.005600	24.103100	-9.920780	63.380311	0.000000
0	0	960	29.065100	-17.045500	35.414000	15.510000	57.851243	0.000000
0	0	961	-12.763300	-9.730790	9.973100	7.664070	67.147718	0.000000
0	0	962	-4.031740	0.973116	28.737300	17.812300	44.030282	0.000000
0	0	963	-27.700100	-35.595400	13.820300	-20.252000	79.390379	0.000000
0	0	964	-22.920700	-25.962500	23.224100	-32.525700	69.093289	0.000000
0	0	965	-25.071500	13.826400	9.533200	-3.533570	17.292987	0.000000
0	0	966	-22.139200	-1.363720	27.939500	25.228500	46.397187	0.000000
0	0	967	-1.274120	3.263690	38.941300	39.126800	42.604604	0.000000
0	0	968	-48.510300	24.332500	-3.635340	1.770720	-4.248645	0.000000
0	0	969	70.888300	-22.490200	25.219900	-3.748570	65.862716	0.000000
0	0	970	-0.852992	-39.168200	11.828400	-23.517100	81.598108	0.000000
0	0	971	17.663300	-8.190610	17.994200	5.097300	57.237053	0.000000
0	0	972	19.673000	-13.808600	16.527100	20.301600	64.939591	0.000000
0	0	973	16.352300	-44.836600	30.044100	-9.030950	73.087380	0.000000
0	0	974	10.515600	-27.011000	-2.837740	10.294200	-87.001291	0.000000
0	0	975	10.279200	-39.021700	-14.017100	-29.200500	-80.120527	0.000000
0	0	976	40.552700	-35.193400	-14.777000	1.615510	-78.611723	0.000000
0	0	977	31.651900	-20.813600	-4.447620	-13.721000	-83.968990	0.000000
0	0	978	17.628700	-18.975200	4.054350	26.518700	83.969605	0.000000
0	0	979	-3.689170	18.639500	4.456980	-4.492290	6.723883	0.000000
0	0	980	22.654100	11.697900	20.437900	-3.210720	30.107385	0.000000
0	0	981	45.053000	-10.995300	26.292800	-26.397600	56.347017	0.000000
0	0	982	21.174600	-8.507000	29.354700	4.465190	53.080801	0.000000
0	0	983	-9.373110	-20.629000	-6.834900	19.855300	-80.834342	0.000000
0	0	984	20.595000	0.390886	-14.426200	-11.127400	-44.223959	0.000000
0	0	985	-42.265200	5.613000	21.517700	-5.287320	37.689953	0.000000
0	0	986	-16.034700	24.816100	31.240200	-28.564500	25.768812	0.000000
0	0	987	26.527000	6.798300	-32.183000	4.210360	-39.036127	0.000000
0	0	988	32.544900	-51.454900	-59.723300	-13.810400	-65.373352	0.000000
0	0	989	37.876800	-39.495100	14.270800	24.808200	80.066823	0.000000
0	0	990	21.462100	45.056500	17.172800	13.209300	10.431903	0.000000
0	0	991	41.048800	5.884030	-28.220200	-3.403370	-39.111165	0.000000
0	0	992	25.479700	-36.395100	-9.937590	13.083600	-82.363903	0.000000
0	0	993	12.082700	27.559500	20.433600	35.840400	18.277281	0.000000
0	0	994	-0.730496	-7.697130	-25.865000	-24.286000	-53.286203	0.000000
0	0	995	28.801800	-21.339400	-51.809600	-0.993505	-56.192921	0.000000
0	0	996	23.321200	-49.198500	-10.319700	-28.108900	-84.076795	0.000000
0	0	997	0.749592	30.825400	5.565830	13.406600	5.117521	0.000000
0	0	998	10.350900	8.776550	-17.815600	1.087540	-31.886814	0.000000
0	0	999	17.844800	-12.130700	3.210600	-41.873100	82.587792	0.000000
0	0	1000	-7.176970	-7.755620	7.976630	-17.967500	67.097575	0.000000
0	0	1001	18.483700	14.039800	-26.204100	-30.499300	-30.909100	0.000000
0	0	1002	-27.402000	38.333600	-26.289800	13.180400	-17.221478	0.000000
0	0	1003	-19.862000	-26.396700	-1.509860	-32.614700	-88.363158	0.000000
0	0	1004	-4.949720	-22.994900	-29.065200	-39.171900	-64.174622	0.000000
0	0	1005	10.732800	-51.616600	-65.712400	9.696160	-64.074685	0.000000
0	0	1006	5.241550	25.044700	-9.714870	-38.795500	-10.600667	0.000000
0	0	1007	24.275200	-2.833280	-38.640900	-6.182130	-47.096807	0.000000
0	0	1008	5.615580	-12.158800	22.534400	-21.589400	59.174899	0.000000
0	0	1009	-28.309200	-5.024430	-17.378300	1.604840	-53.062844	0.000000
0	0	1010	-2.100440	6.204380	-15.033300	10.966200	-33.786807	0.000000
0	0	1011	-9.936950	-8.369620	22.096600	27.139500	55.372695	0.000000
0	0	1012	30.431000	72.640200	-9.131320	22.562300	-3.582425	0.000000
0	0	1013	18.259600	-2.627380	-1.669600	19.382400	-73.782797	0.000000
0	0	1014	13.658300	40.883400	-32.520700	-15.667400	-19.250247	0.000000
0	0	1015	19.881800	37.032600	-25.259200	21.162400	-17.148560	0.000000
0	0	1016	18.482000	47.495600	-9.253440	8.929920	-5.512338	0.000000
0	0	1017	33.557100	6.099900	27.515100	-6.111000	38.750050	0.000000
0	0	1018	-3.661250	8.378850	-6.102530	13.660200	-18.033403	0.000000
0	0	1019	-27.019200	-13.451000	3.732510	22.213600	82.245615	0.000000
0	0	1020	41.442900	-1.393020	-3.437140	26.676300	-56.030978	0.000000
0	0	1021	21.719600	30.647800	-2.991360	37.491000	-2.787331	0.000000
0	0	1022	30.184800	-12.162500	22.391200	-23.991600	59.255010	0.000000
0	0	1023	7.483830	7.454750	18.046500	-8.038030	33.777592	0.000000
