0	0	0	65.662100	-29.730900	7.666410	-12.561100	82.770346	0.000000
0	0	1	25.600700	-18.521700	-20.859000	8.012830	-65.801700	0.000000
0	0	2	44.837500	-8.513590	-13.601100	-22.577100	-61.022226	0.000000
0	0	3	-0.236797	1.357950	-16.221100	-6.529390	-42.607320	0.000000
0	0	4	26.236000	-12.319600	4.306410	-28.057900	80.366269	0.000000
0	0	5	60.731000	-19.501900	-9.878390	-8.402920	-76.568101	0.000000
0	0	6	47.864300	-10.402100	-1.692030	-4.392740	-85.380526	0.000000
0	0	7	85.166900	-7.999290	31.277600	-41.293000	52.172984	0.000000
0	0	8	50.763200	-41.152200	-18.714300	1.241580	-77.772972	0.000000
0	0	9	68.145000	-42.442900	32.383400	-16.968300	71.328411	0.000000
0	0	10	39.494500	21.722600	-17.709500	-36.023100	-19.594439	0.000000
0	0	11	42.356000	32.592700	-36.894200	-11.557600	-24.271152	0.000000
0	0	12	38.008600	-17.783700	-9.583530	-55.277700	-75.840018	0.000000
0	0	13	33.459300	15.014500	-4.004710	-26.701800	-7.467211	0.000000
0	0	14	16.793300	-13.618100	-5.020590	9.277460	-79.881282	0.000000
0	0	15	59.978800	11.336800	24.817400	-39.245300	32.724338	0.000000
0	0	16	25.939600	-5.329470	-33.117700	-16.962700	-49.570976	0.000000
0	0	17	12.341500	-4.643500	-62.397800	-57.365500	-47.127987	0.000000
0	0	18	61.758000	-3.785210	-6.303910	-14.351400	-60.491446	0.000000
0	0	19	61.199900	-24.118400	24.426500	-19.595700	67.318183	0.000000
0	0	20	94.840700	4.836370	-26.840700	-49.528400	-39.892799	0.000000
0	0	21	56.363100	-9.037730	5.569180	-16.039100	74.179012	0.000000
0	0	22	53.510000	-4.875410	-39.053000	-21.755300	-48.558019	0.000000
0	0	23	79.728000	-13.309200	-41.574400	-1.489420	-53.875706	0.000000
0	0	24	32.337600	-8.773790	-39.192500	-3.546200	-51.309208	0.000000
0	0	25	41.656000	-30.381600	-24.659600	-30.670900	-70.467532	0.000000
0	0	26	41.415000	1.646230	-5.355250	-43.175700	-36.456158	0.000000
0	0	27	49.370200	2.251590	-37.442100	-26.733100	-43.279324	0.000000
0	0	28	51.913800	-3.682620	-15.671300	4.724420	-51.612041	0.000000
0	0	29	78.288200	28.412900	-20.454600	-19.266200	-17.875159	0.000000
0	0	30	63.629000	12.443600	-31.629400	-52.380700	-34.262196	0.000000
0	0	31	28.153600	-23.798900	-66.623300	-36.989700	-54.828767	0.000000
0	0	32	43.052000	-15.507900	-14.981500	-19.839300	-67.994557	0.000000
0	0	33	48.838800	-8.859560	19.694300	-14.407200	57.110395	0.000000
0	0	34	39.685200	6.173640	10.704300	-20.654100	30.013031	0.000000
0	0	35	52.795100	-0.630660	-17.210200	-28.931000	-46.049319	0.000000
0	0	36	40.526200	-26.278200	5.684400	7.602950	83.897030	0.000000
0	0	37	50.157200	-7.509740	-9.708410	-31.527100	-63.861502	0.000000
0	0	38	48.614900	-23.805200	-26.141100	-9.694380	-66.161164	0.000000
0	0	39	45.713600	-2.709620	-54.456600	-43.691800	-46.424270	0.000000
0	0	40	50.575600	-42.080000	-7.251830	-2.882180	-85.111006	0.000000
0	0	41	43.211100	8.632500	-29.815700	-9.746070	-36.926377	0.000000
0	0	42	1.937710	-16.701000	-28.893600	-25.472200	-60.014327	0.000000
0	0	43	27.979200	16.760200	1.850530	20.754100	3.150315	0.000000
0	0	44	42.968300	-18.675500	-18.464500	-42.086600	-67.662753	0.000000
0	0	45	38.580400	-17.988400	-31.451900	-17.560500	-59.883346	0.000000
0	0	46	43.398000	15.362800	-34.107800	-21.472800	-32.876148	0.000000
0	0	47	63.471000	-13.518400	-42.026200	-30.017900	-53.915609	0.000000
0	0	48	34.308400	-5.009370	-7.898280	-17.937700	-61.192162	0.000000
0	0	49	55.152000	5.403750	-20.838900	-42.098100	-37.731391	0.000000
0	0	50	56.314400	-18.544300	-46.323800	23.845700	-55.908583	0.000000
0	0	51	79.238400	-45.643100	-44.941400	-42.739700	-67.721912	0.000000
0	0	52	28.456300	-0.929045	1.216290	-30.357000	63.686931	0.000000
0	0	53	82.117200	-27.870200	-17.135400	-30.419400	-74.207802	0.000000
0	0	54	86.745000	-22.120900	-65.200700	-30.489600	-54.370368	0.000000
0	0	55	10.276200	-14.525000	-55.708200	37.135300	-52.306790	0.000000
0	0	56	16.704800	-47.970700	-24.870500	-2.781500	-76.297717	0.000000
0	0	57	61.800900	-43.884800	-13.325700	-42.891800	-81.554495	0.000000
0	0	58	33.366900	-50.216100	-33.096300	0.524672	-73.306012	0.000000
0	0	59	38.688200	-18.307000	-24.273500	-29.923500	-63.511744	0.000000
0	0	60	92.994700	-28.913100	-45.424600	-24.399600	-61.238530	0.000000
0	0	61	75.517700	-22.488700	-67.506500	-44.129100	-54.212331	0.000000
0	0	62	51.577400	5.573750	-11.221700	-40.592800	-31.793345	0.000000
0	0	63	75.805300	-6.599990	-12.789300	-39.175500	-58.648125	0.000000
0	0	64	58.994000	2.739540	-47.202000	-42.783700	-43.339179	0.000000
0	0	65	70.328900	-23.644300	-29.324900	-17.171300	-64.439399	0.000000
0	0	66	89.110300	-0.897098	-30.553000	-33.143000	-45.840918	0.000000
0	0	67	103.191000	3.479720	-22.366200	-1.210740	-40.578426	0.000000
0	0	68	65.707500	-26.362200	-31.849200	-9.266820	-64.807608	0.000000
0	0	69	81.758300	-2.056010	-47.409700	-25.511400	-46.241591	0.000000
0	0	70	75.248900	7.440870	-21.680100	-9.602420	-35.528583	0.000000
0	0	71	106.346000	24.438500	-33.042600	-66.309400	-26.756577	0.000000
0	0	72	91.139800	-5.694090	-46.618900	-12.552600	-48.481842	0.000000
0	0	73	97.607100	-27.289700	-49.301500	-37.160100	-59.482851	0.000000
0	0	74	128.305000	-14.275400	-19.123400	-40.411200	-63.370460	0.000000
0	0	75	83.713100	-41.182100	-55.618500	-30.991800	-63.258843	0.000000
0	0	76	27.988300	26.437500	21.740700	-4.963570	19.715970	0.000000
0	0	77	98.746300	-19.025300	-43.177900	18.010600	-56.889766	0.000000
0	0	78	88.823100	-14.580500	-11.180900	2.404320	-71.258796	0.000000
0	0	79	66.557500	7.269620	-22.225800	-5.722810	-35.944051	0.000000
0	0	80	105.001000	-11.164600	-2.064080	-4.055000	-84.762793	0.000000
0	0	81	63.650400	-1.476720	-36.756100	2.322690	-46.150344	0.000000
0	0	82	88.398200	-13.936300	-66.330300	-26.990300	-50.932759	0.000000
0	0	83	89.311700	-19.390000	-14.245900	-6.521710	-71.847573	0.000000
0	0	84	88.109100	-10.006400	-67.058800	-64.216800	-49.243479	0.000000
0	0	85	85.912100	-11.565000	-17.706100	-58.845500	-61.575576	0.000000
0	0	86	101.127000	-36.610600	-52.549600	-22.187000	-62.432204	0.000000
0	0	87	121.552000	-24.520400	-21.985000	-25.004800	-69.060292	0.000000
0	0	88	102.690000	3.445630	-35.896600	-25.993800	-42.258556	0.000000
0	0	89	101.644000	-22.564700	-61.364400	-28.431500	-55.094653	0.000000
0	0	90	48.573200	-50.466700	-28.117200	-9.026530	-75.437957	0.000000
0	0	91	88.031900	-16.433900	-74.641600	-41.005500	-51.208376	0.000000
0	0	92	110.307000	-3.194400	-61.124500	-10.728300	-46.495794	0.000000
0	0	93	83.896700	-24.424900	-13.057400	-27.150600	-75.935658	0.000000
0	0	94	109.003000	6.917690	-63.870900	41.260800	-41.909270	0.000000
0	0	95	94.251400	-49.807600	-86.708500	-3.697300	-59.937086	0.000000
0	0	96	101.299000	-26.273500	-82.237200	14.952100	-53.858934	0.000000
0	0	97	129.463000	-14.774000	-66.971500	14.628900	-51.220138	0.000000
0	0	98	99.083000	-23.691100	-60.158900	7.695450	-55.747477	0.000000
0	0	99	110.228000	-24.935900	-86.366800	8.827050	-53.052267	0.000000
0	0	100	91.476300	-11.497600	-36.479100	-1.096450	-53.746988	0.000000
0	0	101	68.750900	-26.508100	-80.317400	18.805800	-54.132525	0.000000
0	0	102	96.013600	-29.999600	-82.861000	8.348770	-54.951326	0.000000
0	0	103	115.075000	-2.190630	-89.898500	-15.060600	-45.697948	0.000000
0	0	104	127.353000	-27.538100	-21.128200	2.022230	-71.251655	0.000000
0	0	105	113.745000	-16.979100	-63.867500	-0.252589	-52.443830	0.000000
0	0	106	102.724000	4.339570	-14.879400	-6.814090	-36.870350	0.000000
0	0	107	74.508100	-74.385500	-105.688000	0.310155	-62.569356	4.584970
0	0	108	111.321000	-1.617390	-66.056400	12.063400	-45.701303	0.000000
0	0	109	160.108000	15.368600	-58.869400	13.709100	-37.684385	0.000000
0	0	110	116.588000	-18.858700	-67.281500	55.853900	-52.828972	0.000000
0	0	111	83.602900	-10.989400	-82.015200	16.923800	-48.815867	0.000000
0	0	112	129.475000	-11.769100	-74.911700	5.083610	-49.464273	0.000000
0	0	113	114.577000	-8.454230	-117.402000	6.395540	-47.059407	5.159950
0	0	114	139.292000	-4.985260	-99.202700	0.492134	-46.438440	0.000000
0	0	115	115.478000	-1.772020	-52.872000	29.657200	-45.959783	0.000000
0	0	116	142.015000	-24.917400	-65.332600	-2.651630	-55.438252	0.000000
0	0	117	95.348000	-13.196400	-52.178600	19.588200	-52.096483	0.000000
0	0	118	137.823000	28.536000	-70.202700	-6.953560	-33.939618	0.000000
0	0	119	135.252000	7.689890	-93.387700	60.679600	-42.646336	0.000000
0	0	120	146.235000	-2.475630	1.952620	27.262800	70.867931	0.000000
0	0	121	92.767500	-0.975752	-64.207300	12.845900	-45.435326	0.000000
0	0	122	159.592000	15.889300	-86.027000	46.177200	-39.767665	0.000000
0	0	123	147.654000	-12.448300	-69.173200	-4.675150	-50.100833	0.000000
0	0	124	116.282000	-15.057300	-49.666900	45.042100	-53.432752	0.000000
0	0	125	158.277000	24.333600	-89.528700	44.814800	-37.397261	0.000000
0	0	126	105.925000	29.076100	-65.076100	25.611200	-32.962418	0.000000
0	0	127	133.856000	21.654100	-76.370500	39.275000	-37.084920	0.000000
0	0	128	112.556000	-3.225990	-63.890100	37.799100	-46.445285	0.000000
0	0	129	140.161000	-29.635300	-51.576800	5.075600	-59.940533	0.000000
0	0	130	129.921000	15.033700	-95.910700	-1.016290	-40.545777	0.000000
0	0	131	135.788000	4.065160	-88.089400	35.345300	-43.678891	0.000000
0	0	132	147.128000	9.035610	-40.756800	44.074800	-38.749970	0.000000
0	0	133	130.342000	61.308800	-34.488300	8.731190	-14.679622	0.000000
0	0	134	162.040000	2.447820	-106.769000	27.319600	-44.343324	5.689000
0	0	135	172.898000	22.994000	-72.359700	35.119900	-36.185559	0.000000
0	0	136	116.339000	-0.169732	-56.870300	66.612500	-45.085501	0.000000
0	0	137	120.445000	13.782200	-38.230500	31.575100	-35.087814	0.000000
0	0	138	174.388000	6.576770	-65.122300	4.572290	-42.116596	0.000000
0	0	139	156.116000	18.517600	-43.584400	45.824500	-33.490467	0.000000
0	0	140	149.073000	33.791400	-41.996700	64.379800	-25.589568	0.000000
0	0	141	168.713000	8.083990	-0.187326	26.170000	-0.663724	0.000000
0	0	142	132.025000	30.499400	-62.361100	42.739800	-31.968896	0.000000
0	0	143	163.355000	11.871700	-34.065900	37.065100	-35.393477	0.000000
0	0	144	185.353000	25.889900	-62.914400	63.479900	-33.816174	0.000000
0	0	145	162.387000	-16.723900	-10.850400	84.087600	-73.512326	0.000000
0	0	146	168.784000	33.139700	-42.839500	74.128500	-26.137624	0.000000
0	0	147	188.977000	-1.804070	-83.394100	29.420500	-45.619645	0.000000
0	0	148	168.182000	-15.863400	-76.969500	62.421200	-50.822793	0.000000
0	0	149	196.776000	-1.423290	-8.106490	46.419700	-49.979080	0.000000
0	0	150	145.531000	10.785700	-56.734200	59.567500	-39.617994	0.000000
0	0	151	180.675000	3.572880	-50.273300	75.263500	-42.967437	0.000000
0	0	152	165.733000	-25.521500	-7.223810	13.947600	-82.097970	0.000000
0	0	153	200.328000	-7.062400	-70.872100	61.398200	-47.845367	0.000000
0	0	154	195.944000	4.551970	-42.180800	79.000600	-41.920361	0.000000
0	0	155	181.929000	-9.027940	-73.392000	69.163700	-48.506358	0.000000
0	0	156	215.611000	-45.343800	-30.108200	79.167300	-73.207956	0.000000
0	0	157	195.820000	4.010270	-46.872400	45.911900	-42.554922	0.000000
0	0	158	193.219000	-6.360310	-7.377170	79.633600	-65.383319	0.000000
0	0	159	151.879000	-37.298300	-26.815700	45.007100	-72.142833	0.000000
0	0	160	234.034000	-29.492000	-77.134500	41.440900	-55.462056	0.000000
0	0	161	204.862000	-53.578600	-66.282900	34.766300	-64.474862	0.000000
0	0	162	157.439000	21.807900	6.350370	60.442900	8.117670	0.000000
0	0	163	218.318000	-20.131700	-31.359700	34.263400	-61.349437	0.000000
0	0	164	205.785000	40.175400	-60.367700	34.552100	-28.177889	0.000000
0	0	165	165.133000	1.724480	-10.463100	22.413600	-40.320456	0.000000
0	0	166	161.787000	0.052780	-64.180900	39.527600	-44.976441	0.000000
0	0	167	170.206000	1.057970	-46.761500	30.665400	-44.351958	0.000000
0	0	168	178.415000	-1.719850	-54.239500	46.950800	-45.908076	0.000000
0	0	169	248.784000	8.321000	-79.446900	5.341440	-42.010417	0.000000
0	0	170	172.386000	-20.478300	-77.816700	57.316600	-52.371858	0.000000
0	0	171	217.787000	8.293030	-39.213900	44.377600	-39.029462	0.000000
0	0	172	206.927000	-12.896200	-57.591400	38.709700	-51.310894	0.000000
0	0	173	181.219000	-35.478600	-44.940400	61.855800	-64.144821	0.000000
0	0	174	160.594000	-41.430900	-29.887900	31.758200	-72.096820	0.000000
0	0	175	202.559000	-54.975200	-21.602300	77.218000	-79.273920	0.000000
0	0	176	195.307000	-34.753100	-39.785500	34.660200	-65.568797	0.000000
0	0	177	188.420000	-3.360470	-41.713000	48.879700	-47.302949	0.000000
0	0	178	218.509000	-25.106000	-41.886300	25.457600	-60.468910	0.000000
0	0	179	185.503000	-8.372860	-61.605300	34.218000	-48.869862	0.000000
0	0	180	172.758000	-39.833500	-71.762900	62.837600	-59.516691	0.000000
0	0	181	206.784000	-16.947300	-46.697900	68.388300	-54.973260	0.000000
0	0	182	217.851000	-52.288300	-103.343000	38.174300	-58.418986	5.166640
0	0	183	226.334000	5.241110	-63.220200	44.665700	-42.630438	0.000000
0	0	184	162.461000	27.074400	-70.574700	51.547300	-34.505905	0.000000
0	0	185	243.870000	27.537300	-118.736000	52.607100	-38.471389	4.966070
0	0	186	218.840000	5.682610	-89.608900	19.478000	-43.185704	0.000000
0	0	187	202.197000	1.115090	-60.538800	-0.706642	-44.472382	0.000000
0	0	188	215.106000	11.597400	-57.317700	39.730700	-39.280732	0.000000
0	0	189	197.444000	-17.939200	-47.366600	45.614900	-55.371615	0.000000
0	0	190	179.891000	7.409300	-47.989300	62.871700	-40.611565	0.000000
0	0	191	216.937000	38.720900	-24.992500	72.406200	-16.420160	0.000000
0	0	192	154.223000	-14.135000	-6.838750	53.031700	-77.090762	0.000000
0	0	193	183.816000	-1.911480	-36.107400	60.646800	-46.515169	0.000000
0	0	194	191.808000	-0.052667	-84.768600	55.351000	-45.017799	0.000000
0	0	195	227.288000	12.632800	-5.294860	63.876500	-11.370154	0.000000
0	0	196	156.198000	6.275100	-51.535600	0.568224	-41.528850	0.000000
0	0	197	185.714000	-31.137500	-43.879300	35.267400	-62.680081	0.000000
0	0	198	170.811000	18.409500	-82.635300	89.075400	-38.720368	0.000000
0	0	199	197.196000	35.619400	-41.838700	61.990700	-24.795285	0.000000
0	0	200	188.069000	-26.495900	-50.344800	-7.570420	-58.878663	0.000000
0	0	201	226.468000	4.264830	-60.369200	29.310100	-42.979504	0.000000
0	0	202	171.760000	40.535100	-19.036700	105.491000	-12.578196	0.000000
0	0	203	195.305000	26.636000	-41.171700	78.495600	-28.549592	0.000000
0	0	204	225.416000	25.760400	-59.937200	23.575900	-33.371229	0.000000
0	0	205	182.507000	-4.950830	-47.557000	48.255100	-47.971629	0.000000
0	0	206	192.280000	34.460800	-63.101700	56.578500	-30.680187	0.000000
0	0	207	173.544000	4.432050	-67.780400	36.843700	-43.129424	0.000000
0	0	208	198.162000	3.543910	-78.405900	85.344600	-43.706010	0.000000
0	0	209	218.374000	-35.850700	-54.948600	55.397600	-61.561031	0.000000
0	0	210	228.298000	29.705200	-80.633100	21.577800	-34.888112	0.000000
0	0	211	224.961000	-15.786700	-74.981000	33.919100	-50.944778	0.000000
0	0	212	247.342000	-21.251400	-27.782300	50.338700	-63.706655	0.000000
0	0	213	211.889000	-5.443410	-37.440600	53.595200	-49.136077	0.000000
0	0	214	219.830000	-23.554700	-84.973000	52.794800	-52.746745	0.000000
0	0	215	200.758000	5.462730	-42.933300	63.044400	-41.374393	0.000000
0	0	216	220.393000	9.085880	-75.830400	12.720900	-41.583741	0.000000
0	0	217	188.089000	13.757100	-61.624800	80.808500	-38.707826	0.000000
0	0	218	234.834000	14.738400	-38.182300	46.237800	-34.446685	0.000000
0	0	219	217.034000	-0.693526	-86.246700	46.204200	-45.230358	0.000000
0	0	220	216.029000	29.753800	-70.960900	83.825800	-33.625884	0.000000
0	0	221	207.724000	29.342200	-73.947500	21.235600	-34.178467	0.000000
0	0	222	227.036000	-1.107850	-88.102300	58.752700	-45.360216	0.000000
0	0	223	241.004000	22.385900	-60.783900	45.211900	-34.890960	0.000000
0	0	224	207.612000	20.795400	-65.491500	39.556400	-36.191944	0.000000
0	0	225	212.263000	19.748600	-82.809200	59.461200	-38.293235	0.000000
0	0	226	221.493000	3.941030	-105.774000	16.501300	-43.933103	0.000000
0	0	227	207.198000	11.604900	-111.148000	34.575200	-42.019688	5.432610
0	0	228	187.185000	1.362140	-67.872200	54.759300	-44.425137	0.000000
0	0	229	273.711000	9.674370	-77.770000	41.471100	-41.454496	0.000000
0	0	230	255.188000	21.263700	-90.683900	63.772700	-38.401802	0.000000
0	0	231	283.731000	-31.763000	-64.916400	19.042400	-58.036040	0.000000
0	0	232	261.706000	-58.072800	-60.339700	39.981600	-66.951629	0.000000
0	0	233	259.842000	20.373700	-107.175000	30.789200	-39.618321	5.555070
0	0	234	264.466000	15.938900	-94.525200	9.813810	-40.214392	0.000000
0	0	235	272.069000	-0.622131	-92.091600	39.807300	-45.193530	0.000000
0	0	236	314.203000	-4.904930	-86.066200	60.018300	-46.630885	0.000000
0	0	237	279.340000	-1.782620	-112.725000	16.355100	-45.452997	5.389240
0	0	238	278.184000	-27.174300	-77.608200	31.741200	-54.648782	0.000000
0	0	239	281.615000	-7.513330	-85.990400	12.419600	-47.496742	0.000000
0	0	240	295.329000	21.313100	-108.138000	30.873600	-39.425191	5.497400
0	0	241	321.499000	-56.237800	-119.132000	51.425800	-57.635129	4.549680
0	0	242	280.263000	-55.536000	-110.092000	82.580800	-58.384349	4.853220
0	0	243	301.670000	-49.947700	-85.147100	89.440200	-60.198046	0.000000
0	0	244	301.738000	-52.657400	-126.722000	78.643900	-56.282292	4.379300
0	0	245	306.074000	-24.480200	-94.975500	36.943300	-52.226774	0.000000
0	0	246	337.309000	-101.523000	-88.016600	49.599200	-69.537975	4.327450
0	0	247	306.660000	-48.059700	-96.317800	88.345100	-58.258912	5.560960
0	0	248	315.903000	-82.334500	-119.277000	48.632000	-62.308267	4.091210
0	0	249	313.155000	-68.928400	-141.794000	42.568200	-57.962575	3.799100
0	0	250	324.495000	-60.037600	-137.762000	38.540400	-56.773947	3.995300
0	0	251	327.920000	-32.473200	-117.798000	55.413400	-52.705928	4.946470
0	0	252	302.389000	-52.437800	-103.135000	53.895700	-58.475267	5.171260
0	0	253	345.621000	-72.067400	-129.440000	79.832100	-59.553721	4.029000
0	0	254	330.242000	-53.677000	-174.057000	46.427700	-53.569554	3.314300
0	0	255	308.252000	-35.622900	-135.047000	31.409300	-52.388487	4.329390
0	0	256	316.826000	-72.655100	-83.925800	56.136200	-65.441474	5.297810
0	0	257	356.387000	-69.431200	-95.431500	74.914100	-63.018884	5.015260
0	0	258	316.454000	-62.103900	-178.452000	52.736300	-54.594321	3.189900
0	0	259	335.480000	-30.207200	-106.486000	-5.169920	-52.918603	5.459000
0	0	260	308.458000	2.313330	-146.085000	36.836400	-44.546384	4.158550
0	0	261	320.085000	-58.161700	-137.184000	79.241100	-56.487708	4.031600
0	0	262	367.458000	-20.340800	-153.860000	68.712600	-48.765509	3.909960
0	0	263	340.207000	-25.649800	-133.776000	55.417800	-50.426994	4.448930
0	0	264	303.145000	-35.364500	-121.568000	62.137800	-53.109937	4.771320
0	0	265	293.033000	-10.833400	-136.189000	57.073700	-47.274060	4.445260
0	0	266	366.836000	-49.064700	-111.254000	48.449000	-56.899103	4.936570
0	0	267	371.715000	-12.378300	-155.691000	51.976500	-47.272885	3.888450
0	0	268	371.338000	-76.521000	-154.763000	32.743500	-58.154814	3.467910
0	0	269	346.014000	-91.482800	-127.184000	65.708100	-62.863636	3.779450
0	0	270	382.645000	-74.988400	-126.944000	64.080500	-60.285605	4.041630
0	0	271	387.790000	-78.117300	-152.437000	82.556100	-58.566578	3.492380
0	0	272	413.242000	-76.255100	-160.445000	106.345000	-57.710228	3.373470
0	0	273	458.129000	-72.775200	-124.120000	95.391300	-60.192174	4.142430
0	0	274	390.595000	-79.579600	-152.503000	141.553000	-58.778298	3.475960
0	0	275	402.406000	-100.882000	-142.065000	87.555700	-62.689501	3.399820
0	0	276	410.957000	-120.249000	-139.141000	95.460600	-65.417183	3.198040
0	0	277	387.908000	-127.433000	-146.192000	105.151000	-65.539045	3.031570
0	0	278	424.250000	-114.850000	-138.898000	101.375000	-64.793090	3.268700
0	0	279	395.700000	-123.983000	-149.180000	103.097000	-64.864929	3.036500
0	0	280	416.568000	-136.438000	-172.427000	105.195000	-64.176928	2.683720
0	0	281	429.000000	-146.358000	-155.348000	134.091000	-66.646625	2.746290
0	0	282	474.747000	-147.972000	-135.656000	163.376000	-68.743198	2.902920
0	0	283	451.982000	-157.521000	-123.039000	159.570000	-71.003376	2.897270
0	0	284	462.878000	-190.868000	-161.278000	188.432000	-69.901573	2.324560
0	0	285	472.256000	-163.851000	-132.359000	222.436000	-70.534344	2.752910
0	0	286	471.881000	-135.725000	-172.913000	177.439000	-64.064757	2.685240
0	0	287	491.633000	-159.716000	-182.853000	164.922000	-65.568065	2.421430
0	0	288	488.481000	-155.392000	-196.621000	173.962000	-64.159876	2.354700
0	0	289	511.388000	-183.439000	-214.040000	159.023000	-65.298806	2.087030
0	0	290	492.646000	-152.517000	-188.768000	203.943000	-64.468413	2.429640
0	0	291	458.728000	-184.554000	-236.881000	214.347000	-63.961079	1.966210
0	0	292	495.992000	-139.466000	-196.051000	217.910000	-62.713569	2.462000
0	0	293	552.728000	-173.597000	-215.401000	247.735000	-64.433101	2.131560
0	0	294	491.755000	-120.720000	-253.401000	207.054000	-57.736543	2.134930
0	0	295	497.052000	-119.604000	-236.264000	186.386000	-58.424958	2.259640
0	0	296	446.177000	-109.475000	-212.353000	191.337000	-58.636302	2.503490
0	0	297	431.443000	-99.290500	-158.334000	171.893000	-61.045815	3.182660
0	0	298	407.036000	-33.492100	-199.476000	178.749000	-49.765543	2.997810
0	0	299	406.981000	-30.252500	-171.608000	186.793000	-49.998928	3.479040
0	0	300	384.316000	-26.227400	-204.328000	155.269000	-48.657225	2.945880
0	0	301	374.517000	-18.328700	-124.884000	181.721000	-49.174726	4.806180
0	0	302	346.501000	9.222290	-103.251000	146.579000	-42.447968	0.000000
0	0	303	335.981000	41.259900	-80.921700	188.505000	-31.492066	0.000000
0	0	304	379.716000	34.128200	-107.890000	125.724000	-36.223293	5.333220
0	0	305	417.105000	18.532600	-89.892600	203.144000	-39.175448	0.000000
0	0	306	368.553000	50.088300	-50.042100	145.460000	-22.486782	0.000000
0	0	307	311.506000	49.045300	-74.996500	165.167000	-28.408302	0.000000
0	0	308	305.839000	65.780500	-30.800300	157.379000	-12.545165	0.000000
0	0	309	354.157000	67.578900	6.755320	166.520000	2.854218	0.000000
0	0	310	286.392000	19.258600	-31.897000	143.136000	-29.438743	0.000000
0	0	311	306.130000	117.019000	23.452000	141.052000	5.666312	4.716410
0	0	312	319.743000	74.723300	25.169700	85.562800	9.307759	0.000000
0	0	313	335.932000	53.974100	41.985100	93.830900	18.939226	0.000000
0	0	314	316.569000	66.780400	46.399400	82.217500	17.395896	0.000000
0	0	315	305.613000	68.521300	60.536000	96.077600	20.729695	0.000000
0	0	316	323.971000	24.585200	42.251100	64.827800	29.902800	0.000000
0	0	317	338.764000	52.470200	38.525200	80.704600	18.143618	0.000000
0	0	318	311.178000	33.361900	71.581200	106.964000	32.505576	0.000000
0	0	319	299.924000	13.801400	73.042600	109.452000	39.650054	0.000000
0	0	320	292.032000	-23.617800	87.150000	95.070200	52.581528	0.000000
0	0	321	304.750000	-22.926900	38.501100	86.778300	60.386622	0.000000
0	0	322	306.228000	-11.399300	94.288500	109.643000	48.446747	0.000000
0	0	323	318.214000	-60.200300	92.456800	132.777000	61.534441	5.384870
0	0	324	320.334000	-40.869000	116.014000	112.081000	54.703080	4.899310
0	0	325	306.260000	-45.223800	107.695000	81.152500	56.389371	5.143930
0	0	326	312.757000	-72.895000	113.354000	102.635000	61.372007	4.410060
0	0	327	347.688000	-100.576000	94.311300	22.495900	68.420576	4.230340
0	0	328	303.239000	-55.093700	137.876000	97.554700	55.890547	4.050430
0	0	329	314.300000	-112.504000	135.157000	114.435000	64.886912	3.349210
0	0	330	313.392000	-73.327300	148.942000	67.921600	58.106000	3.606850
0	0	331	329.556000	-91.658000	139.428000	39.615700	61.660177	3.559450
0	0	332	324.259000	-80.630700	93.420000	35.980700	65.398721	4.766100
0	0	333	299.988000	-93.171500	94.684300	77.368500	67.269304	4.404900
0	0	334	313.378000	-108.885000	89.321400	27.752400	70.318508	4.119720
0	0	335	320.351000	-123.274000	65.593100	62.886300	75.991459	4.093550
0	0	336	322.083000	-91.762500	119.662000	72.658900	63.741351	3.917680
0	0	337	279.539000	-139.374000	39.827400	53.840100	82.026113	3.895500
0	0	338	311.529000	-114.742000	79.734400	27.128500	72.602251	4.126590
0	0	339	332.192000	-140.368000	84.695500	18.799400	74.446991	3.500130
0	0	340	332.512000	-143.828000	64.108500	40.267800	77.988009	3.613390
0	0	341	332.323000	-139.495000	87.948600	33.552200	73.884725	3.484690
0	0	342	292.591000	-132.184000	94.409400	47.692200	72.232272	3.553170
0	0	343	319.765000	-192.958000	38.642300	4.889120	84.337796	2.860310
0	0	344	328.834000	-124.761000	34.012600	-26.560800	82.375246	4.364230
0	0	345	283.439000	-153.880000	0.336211	-29.489300	89.937408	3.645770
0	0	346	325.131000	-148.328000	2.974320	-43.964200	89.425620	3.781620
0	0	347	300.982000	-164.460000	42.327500	-41.468000	82.783440	3.321280
0	0	348	295.817000	-142.699000	34.463800	-50.748400	83.211138	3.839730
0	0	349	313.116000	-143.235000	-0.432994	-35.704400	-89.913399	3.916720
0	0	350	306.989000	-121.391000	-1.905170	-6.371450	-89.550423	4.621070
0	0	351	295.319000	-174.621000	28.865100	-62.192500	85.306902	3.177010
0	0	352	313.639000	-117.376000	4.761040	-71.795300	88.838612	4.776370
0	0	353	306.890000	-146.023000	14.853700	-48.863000	87.095879	3.825600
0	0	354	321.129000	-102.294000	0.327008	-75.696500	89.908420	0.000000
0	0	355	285.896000	-96.672600	8.164530	-81.704900	87.586257	0.000000
0	0	356	294.599000	-140.613000	-21.378700	-58.190900	-85.677499	3.952140
0	0	357	257.039000	-115.765000	-12.526700	-115.548000	-86.912084	4.822840
0	0	358	293.134000	-77.989400	28.403000	-83.267800	79.994428	0.000000
0	0	359	273.767000	-123.196000	16.059000	-79.707000	86.286592	4.522150
0	0	360	259.978000	-73.274000	-27.701100	-108.763000	-79.645497	0.000000
0	0	361	291.467000	-48.814700	54.079600	-88.871100	66.035421	0.000000
0	0	362	254.738000	-79.672700	19.287900	-127.935000	83.195569	0.000000
0	0	363	266.082000	-69.474300	30.294800	-111.697000	78.220011	0.000000
0	0	364	293.784000	-53.540100	11.097300	-100.432000	84.145035	0.000000
0	0	365	273.521000	-120.454000	26.297600	-92.866900	83.842195	4.568160
0	0	366	272.303000	-26.563100	-26.485600	-83.390300	-67.541852	0.000000
0	0	367	260.068000	-66.215500	4.877430	-97.061100	87.893602	0.000000
0	0	368	237.819000	-44.333700	51.085800	-105.768000	65.476184	0.000000
0	0	369	259.910000	-71.436500	11.365100	-117.187000	85.480179	0.000000
0	0	370	223.931000	-57.128300	59.454200	-108.493000	66.928531	0.000000
0	0	371	223.348000	-61.921400	38.985700	-90.439400	73.902745	0.000000
0	0	372	302.508000	-28.809700	30.850600	-97.688000	66.520376	0.000000
0	0	373	281.941000	-60.274000	54.380100	-125.137000	68.971376	0.000000
0	0	374	227.352000	-68.356300	12.719500	-74.204100	84.729578	0.000000
0	0	375	286.088000	-55.565700	35.749700	-71.745700	73.621849	0.000000
0	0	376	225.393000	-58.815600	-21.987200	-70.362300	-79.751304	0.000000
0	0	377	234.692000	-58.065700	10.121500	-102.183000	85.056027	0.000000
0	0	378	301.113000	-38.134400	38.756700	-92.261200	67.268150	0.000000
0	0	379	219.569000	-47.541000	68.576700	-118.523000	62.365875	0.000000
0	0	380	264.492000	-45.983200	21.747200	-98.107900	77.344378	0.000000
0	0	381	228.785000	-40.262600	-8.297700	-102.415000	-84.177490	0.000000
0	0	382	224.606000	-51.662000	23.256200	-141.016000	77.882300	0.000000
0	0	383	278.975000	-36.117800	49.469900	-105.882000	63.066525	0.000000
0	0	384	266.842000	-45.006600	41.949700	-111.481000	68.506686	0.000000
0	0	385	207.775000	20.242600	21.677400	-114.410000	23.480152	0.000000
0	0	386	217.258000	-21.933700	58.970200	-135.734000	55.201229	0.000000
0	0	387	211.496000	-11.227100	25.476300	-95.241300	56.891256	0.000000
0	0	388	226.779000	-79.028100	57.269400	-112.154000	72.035116	0.000000
0	0	389	219.830000	-34.286000	79.752400	-73.626100	56.631569	0.000000
0	0	390	232.738000	17.352600	27.498400	-100.787000	28.873210	0.000000
0	0	391	232.923000	-28.131500	41.546400	-85.178500	62.051169	0.000000
0	0	392	239.439000	23.822100	73.192400	-70.708400	35.985683	0.000000
0	0	393	243.539000	1.395710	85.927200	-111.201000	44.534715	0.000000
0	0	394	212.292000	-11.490200	56.979300	-111.982000	50.700559	0.000000
0	0	395	226.833000	-35.512500	12.265600	-82.493500	80.472845	0.000000
0	0	396	203.241000	13.098900	63.058300	-107.308000	39.132510	0.000000
0	0	397	186.640000	-67.095500	45.807300	-91.007600	72.838973	0.000000
0	0	398	226.465000	-53.354600	46.905800	-66.714000	69.340112	0.000000
0	0	399	208.444000	-21.570500	39.278700	-81.513000	59.387032	0.000000
0	0	400	165.528000	12.225900	26.910300	-77.257000	32.783365	0.000000
0	0	401	185.225000	-23.633200	46.963500	-84.680900	58.356338	0.000000
0	0	402	161.435000	11.205000	27.391800	-79.209600	33.876148	0.000000
0	0	403	214.024000	-10.719300	21.951300	-62.199800	58.013635	0.000000
0	0	404	141.671000	-35.489900	51.173000	-46.443800	62.371193	0.000000
0	0	405	152.666000	-28.541600	51.549900	-37.213300	59.485978	0.000000
0	0	406	165.042000	-50.190200	38.084000	-80.016000	71.404504	0.000000
0	0	407	176.445000	-24.712300	33.331900	-59.340800	63.276635	0.000000
0	0	408	140.285000	-23.030000	3.836030	-0.789944	85.271627	0.000000
0	0	409	163.454000	-38.821800	15.128600	-27.833900	79.354732	0.000000
0	0	410	118.570000	-12.567300	37.217800	-17.401200	54.329117	0.000000
0	0	411	145.929000	-7.911880	-5.499970	-20.978800	-72.597387	0.000000
0	0	412	164.943000	-15.815100	23.826300	-37.405200	61.787437	0.000000
0	0	413	192.230000	-71.164600	-1.646780	-36.395400	-89.337194	0.000000
0	0	414	129.425000	-13.582400	-31.238000	-41.288500	-56.749793	0.000000
0	0	415	128.228000	-55.908600	-24.358700	-31.229500	-78.228913	0.000000
0	0	416	152.754000	-6.689200	-30.020100	-44.730400	-51.280831	0.000000
0	0	417	125.938000	-30.259200	-23.175500	-72.631100	-71.275761	0.000000
0	0	418	108.371000	-26.452500	2.180800	-1.537970	87.643537	0.000000
0	0	419	131.253000	-23.855400	18.827300	-54.336900	70.859292	0.000000
0	0	420	152.236000	-58.334800	8.239950	-33.849000	85.980003	0.000000
0	0	421	108.802000	11.399600	36.605500	-48.282600	36.351244	0.000000
0	0	422	130.132000	-23.120500	9.775480	-38.870900	78.540540	0.000000
0	0	423	102.818000	-21.987800	21.881400	-32.301000	67.569482	0.000000
0	0	424	56.948900	-12.020100	1.969670	-22.796700	85.346975	0.000000
0	0	425	102.653000	-17.315700	-10.792800	-33.245700	-74.032447	0.000000
0	0	426	104.864000	-21.962500	-19.715200	-18.206400	-69.043226	0.000000
0	0	427	93.385400	-35.072000	-46.392200	-34.583500	-63.544443	0.000000
0	0	428	111.079000	-45.562600	-43.668200	3.899360	-68.108113	0.000000
0	0	429	89.413800	-40.214000	-34.723600	-29.614000	-69.595181	0.000000
0	0	430	173.426000	-3.118990	-15.188400	6.012010	-50.802279	0.000000
0	0	431	116.245000	-11.699200	32.947000	-34.112600	54.774759	0.000000
0	0	432	125.401000	2.136190	-22.161100	-16.192400	-42.247030	0.000000
0	0	433	63.726200	10.514400	-27.303400	-58.128500	-34.469280	0.000000
0	0	434	109.572000	1.803910	17.889600	-92.257300	42.121002	0.000000
0	0	435	61.283300	18.004300	-14.487400	-27.266000	-19.411179	0.000000
0	0	436	61.167100	-13.568800	-18.647700	-18.686600	-63.020555	0.000000
0	0	437	81.162500	22.028500	12.650200	-5.389050	14.933625	0.000000
0	0	438	51.849300	14.360700	-0.430619	-17.341300	-0.858776	0.000000
0	0	439	67.448900	17.246400	-23.422500	-33.778100	-26.817564	0.000000
0	0	440	79.202900	-46.084800	-11.027300	-29.974800	-83.271564	0.000000
0	0	441	65.925400	-29.397800	-8.540500	-37.975800	-81.900315	0.000000
0	0	442	85.125000	-9.168560	-2.879540	19.839100	-81.282115	0.000000
0	0	443	114.954000	-34.458700	-10.113500	12.187900	-81.821616	0.000000
0	0	444	95.890600	-38.224600	-33.395300	-24.460800	-69.428796	0.000000
0	0	445	80.344900	-8.898150	6.620190	-24.589600	71.675446	0.000000
0	0	446	68.509000	-32.083200	-21.531900	-32.800500	-73.066687	0.000000
0	0	447	80.747500	14.109600	-11.312600	-23.263600	-19.360729	0.000000
0	0	448	92.728900	54.241300	-4.444740	-19.393700	-2.342285	0.000000
0	0	449	68.476700	-7.917080	-48.190700	-10.183500	-49.664791	0.000000
0	0	450	73.791200	-20.568000	-7.347810	-71.967500	-80.170499	0.000000
0	0	451	85.651400	-8.680570	16.005500	-23.683500	59.236577	0.000000
0	0	452	76.302100	16.109200	14.864700	18.048300	21.349576	0.000000
0	0	453	73.347900	-34.344100	6.812480	32.152500	84.390236	0.000000
0	0	454	72.830300	-0.379765	-14.959700	13.379800	-45.727095	0.000000
0	0	455	63.347300	-7.179500	-61.684800	-6.174180	-48.319396	0.000000
0	0	456	59.458700	-48.300800	-2.763480	-5.506520	-88.362726	0.000000
0	0	457	48.688800	12.299800	-48.774300	-8.050060	-37.923187	0.000000
0	0	458	73.627400	-12.406700	-25.298100	2.447100	-58.062133	0.000000
0	0	459	18.920300	27.531400	-29.960200	-7.675040	-23.709544	0.000000
0	0	460	38.679600	14.094300	-51.065300	-20.918600	-37.285103	0.000000
0	0	461	63.946500	11.302200	-8.846190	-1.600620	-19.025077	0.000000
0	0	462	48.693600	9.451000	5.475570	-55.826200	15.043231	0.000000
0	0	463	104.269000	58.655700	-63.970500	5.408840	-23.740865	0.000000
0	0	464	62.192000	40.224200	-36.003700	16.860700	-20.915474	0.000000
0	0	465	58.662100	16.565800	-3.096340	13.777300	-5.293542	0.000000
0	0	466	47.012000	-5.846420	-13.308700	0.424749	-56.857776	0.000000
0	0	467	26.969300	20.023500	-23.514100	-15.161100	-24.791924	0.000000
0	0	468	23.922200	-9.417680	-21.371600	6.252750	-56.890664	0.000000
0	0	469	25.259600	-11.441700	-31.165900	-9.125350	-55.079659	0.000000
0	0	470	61.196400	4.174340	-12.151600	-11.501600	-35.520642	0.000000
0	0	471	31.890100	-36.993000	-25.279600	5.756940	-72.826397	0.000000
0	0	472	59.564700	25.024700	30.735100	16.814200	25.423658	0.000000
0	0	473	24.753000	-25.402400	2.057150	-30.891400	87.685074	0.000000
0	0	474	44.043700	-10.799000	-21.741200	-5.821470	-58.206950	0.000000
0	0	475	48.086400	-10.510700	-15.897400	-4.769150	-61.735510	0.000000
0	0	476	-0.411453	29.009700	-24.865800	-29.172300	-20.300843	0.000000
0	0	477	44.111800	22.117200	9.838380	-39.544900	11.990451	0.000000
0	0	478	43.506000	5.931830	-8.640370	8.656740	-27.764714	0.000000
0	0	479	18.562500	10.865100	1.312890	13.628400	3.444980	0.000000
0	0	480	26.666200	-14.680300	-3.037070	-7.812380	-84.155752	0.000000
0	0	481	51.245800	-0.733064	-6.203230	56.436200	-48.369823	0.000000
0	0	482	21.133100	-1.377540	2.896850	-5.971370	57.716252	0.000000
0	0	483	48.643300	-6.334780	-30.215700	2.957570	-50.920339	0.000000
0	0	484	27.262000	23.670800	-33.835200	-46.412600	-27.511856	0.000000
0	0	485	67.948100	19.136700	-25.394100	35.379700	-26.499372	0.000000
0	0	486	42.006300	31.779600	15.976200	4.419300	13.344766	0.000000
0	0	487	12.620300	-4.389950	-7.724630	22.797600	-59.804905	0.000000
0	0	488	45.165900	-4.127910	-44.882300	24.278700	-47.627409	0.000000
0	0	489	36.767500	-4.922260	-6.119910	-6.885850	-64.404907	0.000000
0	0	490	33.618000	0.545210	-2.463350	10.565800	-38.759994	0.000000
0	0	491	59.085500	-7.416120	2.320610	-7.416510	81.312176	0.000000
0	0	492	17.801500	-3.396680	-31.888600	4.668820	-48.040026	0.000000
0	0	493	24.273800	-8.447570	-45.900000	12.626400	-50.214094	0.000000
0	0	494	73.747300	-40.210000	11.891300	4.660360	81.762738	0.000000
0	0	495	27.217600	9.216300	-0.350076	-7.560070	-1.087651	0.000000
0	0	496	23.704300	-7.482820	-17.480800	-30.789300	-56.586900	0.000000
0	0	497	56.969200	7.411340	28.352800	-27.179400	37.675415	0.000000
0	0	498	5.280660	-22.029500	15.714400	16.428500	72.249215	0.000000
0	0	499	36.059600	-38.011200	-26.802800	4.375170	-72.405613	0.000000
0	0	500	-5.338000	10.931600	-43.046600	-11.180000	-37.875527	0.000000
0	0	501	-17.343300	-21.413300	-27.779500	-1.138920	-63.813075	0.000000
0	0	502	25.188400	6.753200	-19.184500	-40.314000	-35.303626	0.000000
0	0	503	7.460650	15.005100	-22.493200	24.028500	-28.146474	0.000000
0	0	504	24.691300	36.764300	-3.743230	7.812630	-2.906825	0.000000
0	0	505	44.329700	-1.550230	-29.219500	22.254700	-46.518480	0.000000
0	0	506	-6.257010	9.214900	-23.392200	7.983420	-34.249505	0.000000
0	0	507	-14.013400	15.242500	-1.682180	-27.469300	-3.148872	0.000000
0	0	508	25.691000	34.108200	-7.177740	17.482000	-5.941970	0.000000
0	0	509	40.739500	27.826400	-12.019100	4.975080	-11.680520	0.000000
0	0	510	-36.794200	12.969700	-12.010900	9.576800	-21.400982	0.000000
0	0	511	35.974000	-7.964840	-13.493200	8.495440	-60.276368	0.000000
0	0	512	7.274980	-15.279500	-0.328575	10.398400	-89.384042	0.000000
0	0	513	30.922000	4.012070	-17.686600	8.141480	-38.609592	0.000000
0	0	514	-19.136000	5.631270	-30.364200	-5.431390	-39.746718	0.000000
0	0	515	-1.841950	-26.466500	-8.813280	0.343379	-80.791184	0.000000
0	0	516	18.040200	11.604000	40.302100	22.305100	36.968772	0.000000
0	0	517	-24.843500	-7.112120	14.662200	8.076960	57.938200	0.000000
0	0	518	24.524300	10.787700	-35.021900	21.853600	-36.439870	0.000000
0	0	519	-10.168200	-5.534530	5.607600	15.071800	67.312130	0.000000
0	0	520	16.440700	4.086210	13.903300	18.758700	36.810912	0.000000
0	0	521	27.688600	24.028400	1.937890	-27.266600	2.305462	0.000000
0	0	522	-47.737300	11.479900	17.714400	-22.537500	28.527278	0.000000
0	0	523	31.046100	6.768350	3.843250	-2.244480	14.794534	0.000000
0	0	524	-49.257800	-53.600000	-2.932840	5.081740	-88.434030	0.000000
0	0	525	27.186700	-14.639200	-4.989380	15.765500	-80.589848	0.000000
0	0	526	-13.138800	-34.378200	30.439100	-3.502100	69.238861	0.000000
0	0	527	11.823600	14.213400	22.532000	1.107060	28.877941	0.000000
0	0	528	-29.784200	-4.154830	22.355700	-27.644700	50.264179	0.000000
0	0	529	-5.598170	-14.414400	16.365400	-2.079570	65.686559	0.000000
0	0	530	8.596840	-9.433670	25.117000	2.662870	55.292814	0.000000
0	0	531	-38.886200	21.362200	12.525200	19.319200	15.192089	0.000000
0	0	532	4.352200	8.705420	-7.621700	-1.799700	-20.601268	0.000000
0	0	533	13.784600	-34.901000	-13.382400	5.392130	-79.510617	0.000000
0	0	534	-7.037180	-18.687500	-5.094050	9.715890	-82.376066	0.000000
0	0	535	-7.487140	1.894320	12.517600	8.563590	40.697291	0.000000
0	0	536	-24.664300	-30.428700	8.489920	-39.088200	82.205176	0.000000
0	0	537	41.683900	29.377100	-27.324100	-17.198100	-21.463189	0.000000
0	0	538	24.727100	44.089500	-22.754000	-24.205500	-13.648826	0.000000
0	0	539	10.033300	-3.321310	14.035900	-27.723800	51.656502	0.000000
0	0	540	12.248100	36.125200	-44.326600	-19.159900	-25.410363	0.000000
0	0	541	-27.227200	-35.679300	1.827880	-42.384600	88.533627	0.000000
0	0	542	8.831250	19.370700	29.298800	13.380700	28.264795	0.000000
0	0	543	1.806770	-35.754100	5.828360	-25.162200	85.370758	0.000000
0	0	544	-16.781200	18.543800	-24.826500	1.152540	-26.621316	0.000000
0	0	545	21.677200	21.342400	-6.570440	1.073730	-8.555714	0.000000
0	0	546	4.073690	9.057680	2.411320	17.154000	7.453715	0.000000
0	0	547	30.288800	-34.713200	4.882530	35.355100	85.996837	0.000000
0	0	548	-32.924200	-6.102930	-21.967900	-11.261600	-52.762946	0.000000
0	0	549	18.505900	-38.298900	12.616600	-15.809000	80.883423	0.000000
0	0	550	35.158000	-58.611800	13.865500	-39.616600	83.345252	0.000000
0	0	551	-0.229407	4.939260	0.128563	-5.166970	0.745502	0.000000
0	0	552	-23.274200	-32.125200	8.058040	-21.775300	82.959440	0.000000
0	0	553	5.432770	-20.218800	-61.856700	22.987700	-54.050382	0.000000
0	0	554	16.839400	12.584700	-52.756300	-0.615506	-38.291585	0.000000
0	0	555	8.895320	5.405800	26.000100	-9.725310	39.127354	0.000000
0	0	556	26.941100	-41.916700	14.412700	-19.857500	80.512453	0.000000
0	0	557	4.634840	-40.547500	13.046800	0.162607	81.081799	0.000000
0	0	558	12.569600	-18.887400	-36.008800	-21.244600	-58.838995	0.000000
0	0	559	8.946080	-13.478600	-30.049400	8.568060	-57.079263	0.000000
0	0	560	-41.917900	13.339500	11.637800	3.130200	20.551235	0.000000
0	0	561	-34.245300	-16.603000	2.361740	-6.933360	85.952058	0.000000
0	0	562	-1.831300	-6.996300	-11.604200	1.481820	-60.543119	0.000000
0	0	563	-32.708100	14.707200	-2.892420	-15.763200	-5.563095	0.000000
0	0	564	-30.305200	-5.234190	-6.328970	6.420990	-64.795728	0.000000
0	0	565	-29.394200	-13.780100	15.640500	-22.729400	65.690871	0.000000
0	0	566	21.721800	-14.759400	20.954800	25.249200	62.579372	0.000000
0	0	567	-27.491100	-35.360800	-11.308800	18.702100	-81.132556	0.000000
0	0	568	-12.568700	-22.180400	3.899500	-12.216400	85.014410	0.000000
0	0	569	-5.370520	31.444300	-17.045500	-0.065331	-14.230740	0.000000
0	0	570	-12.846200	-7.511370	4.418830	-10.674800	74.766159	0.000000
0	0	571	4.273770	27.868400	-9.939700	11.524300	-9.814785	0.000000
0	0	572	8.632160	11.395700	-0.951995	-8.771010	-2.387696	0.000000
0	0	573	0.913972	-7.421290	5.471860	9.642050	71.798967	0.000000
0	0	574	8.242790	24.435300	14.415100	-1.300000	15.268800	0.000000
0	0	575	-3.823900	12.824800	-6.836220	35.922800	-14.029854	0.000000
0	0	576	11.928900	6.004640	0.364139	35.352400	1.735167	0.000000
0	0	577	16.456000	-17.735500	-9.499060	1.586950	-75.913342	0.000000
0	0	578	-0.704552	-3.787880	-20.807500	29.280600	-50.158684	0.000000
0	0	579	-27.069800	-18.727400	-4.674860	5.490310	-82.991943	0.000000
0	0	580	33.064100	-7.823320	-13.433800	2.967750	-60.107425	0.000000
0	0	581	25.018400	30.348400	27.713100	9.928160	21.200619	0.000000
0	0	582	13.115100	-13.709600	22.661000	-19.674900	60.586687	0.000000
0	0	583	47.851500	2.422500	-18.921500	-37.576600	-41.352086	0.000000
0	0	584	42.352700	8.894730	44.080900	7.269350	39.295965	0.000000
0	0	585	11.525900	-7.761980	19.550400	-13.752500	55.827135	0.000000
0	0	586	25.760300	12.493900	-47.973700	19.493800	-37.701293	0.000000
0	0	587	37.927100	11.864900	10.597500	3.773290	20.885307	0.000000
0	0	588	6.911520	-26.132900	-16.050400	-14.001100	-74.221217	0.000000
0	0	589	3.329380	1.469190	9.953370	39.045300	40.801678	0.000000
0	0	590	-1.699010	6.938480	26.750500	-13.634400	37.729596	0.000000
0	0	591	39.904400	-28.574500	-14.496600	48.622200	-76.550057	0.000000
0	0	592	11.599400	19.492100	-24.168700	-28.766900	-25.556881	0.000000
0	0	593	-5.842320	4.858290	-24.740200	-10.540300	-39.445032	0.000000
0	0	594	-17.831800	2.249290	20.718100	-44.086900	41.901935	0.000000
0	0	595	38.059000	24.587200	15.212000	34.128200	15.872455	0.000000
0	0	596	11.153800	-6.989980	9.368770	19.212800	63.363193	0.000000
0	0	597	-31.705900	41.773500	37.516600	-12.207500	20.963437	0.000000
0	0	598	24.945300	-1.700000	41.668300	-11.758400	46.168140	0.000000
0	0	599	-12.299700	-7.153560	9.883880	-7.095460	62.947763	0.000000
0	0	600	15.535100	0.021258	12.501100	-16.129900	44.951285	0.000000
0	0	601	16.431800	9.373720	12.501500	-7.967680	26.568579	0.000000
0	0	602	-0.743236	1.496980	-21.782100	-25.077900	-43.034258	0.000000
0	0	603	-1.465620	-8.351340	-16.331100	16.192200	-58.542067	0.000000
0	0	604	20.081600	-14.174800	-24.837000	-18.484700	-59.856983	0.000000
0	0	605	36.343900	29.348800	19.894600	5.476650	17.066036	0.000000
0	0	606	0.598109	-12.116400	-5.978880	-26.130800	-76.867902	0.000000
0	0	607	-9.585250	-19.922900	9.555470	16.218600	77.188289	0.000000
0	0	608	5.191400	-29.047100	-7.707020	-0.898706	-82.570097	0.000000
0	0	609	-19.114100	12.189100	10.808500	6.513360	20.782261	0.000000
0	0	610	3.982350	2.471390	11.296300	-21.411100	38.829671	0.000000
0	0	611	-35.742400	-20.347900	-22.999000	-11.068100	-65.750072	0.000000
0	0	612	32.163700	12.269100	-20.094100	-4.335730	-29.296252	0.000000
0	0	613	5.813650	42.600000	35.731800	8.268950	19.994536	0.000000
0	0	614	6.874730	-10.410300	-29.683300	1.586840	-54.663199	0.000000
0	0	615	1.021930	-5.747280	-1.891180	-40.519300	-80.892936	0.000000
0	0	616	26.745500	-25.028800	16.368700	25.200300	73.407765	0.000000
0	0	617	-10.511200	-25.343800	42.005500	4.752170	60.552231	0.000000
0	0	618	10.352100	29.688100	37.182600	32.559400	25.697355	0.000000
0	0	619	-12.226000	-23.247100	-46.450000	25.938400	-58.293428	0.000000
0	0	620	-28.076600	23.627500	10.618900	-2.736390	12.100283	0.000000
0	0	621	-9.540390	-24.961800	-7.021710	15.894600	-82.144401	0.000000
0	0	622	16.144100	-18.653500	-14.723200	28.353500	-70.857991	0.000000
0	0	623	-5.323180	-25.894100	-3.140330	16.211200	-86.542586	0.000000
0	0	624	-37.041000	-8.160090	7.073120	-1.379190	69.540719	0.000000
0	0	625	-22.183400	-4.284960	-31.567200	-10.391600	-48.865067	0.000000
0	0	626	18.929500	16.257000	46.540300	-2.339450	35.372586	0.000000
0	0	627	0.508917	-58.649400	-30.808600	-17.527000	-76.143500	0.000000
0	0	628	-3.719890	-9.030930	18.361300	25.339700	58.095038	0.000000
0	0	629	-28.187000	-2.831910	-25.501800	12.979100	-48.168294	0.000000
0	0	630	-11.060300	-6.719690	15.504600	12.259600	56.715949	0.000000
0	0	631	30.962900	-15.136000	-34.897200	18.981400	-56.723938	0.000000
0	0	632	-21.214700	-20.090300	-30.211700	-5.722710	-61.811637	0.000000
0	0	633	-14.858900	-15.265200	-0.335770	-0.293249	-89.369969	0.000000
0	0	634	5.812440	13.118500	-28.738400	-6.039340	-32.732129	0.000000
0	0	635	12.495600	15.418200	-1.958760	-37.351100	-3.620095	0.000000
0	0	636	10.855000	-22.204000	2.996960	-10.573400	86.156511	0.000000
0	0	637	-10.663600	-1.622210	-11.641700	12.689000	-48.966393	0.000000
0	0	638	-14.626000	19.365900	-4.722400	28.237500	-6.852098	0.000000
0	0	639	-0.834460	7.683530	14.487400	-39.026100	31.030166	0.000000
0	0	640	36.309500	-9.247290	6.070430	-18.711600	73.358451	0.000000
0	0	641	-22.861300	-14.332400	-14.282600	8.600710	-67.549857	0.000000
0	0	642	15.018900	7.857690	-25.066000	12.327400	-36.297417	0.000000
0	0	643	16.392800	-19.952300	-34.081400	-6.765210	-60.173009	0.000000
0	0	644	6.055780	-0.712069	-5.906430	5.612910	-48.437152	0.000000
0	0	645	18.905200	-9.456200	12.843300	31.642600	63.181643	0.000000
0	0	646	-26.331500	-15.767700	-8.869050	10.760600	-75.321511	0.000000
0	0	647	32.358000	39.120300	-12.389300	6.728340	-8.786431	0.000000
0	0	648	8.819310	-13.838800	10.948000	-9.243500	70.826080	0.000000
0	0	649	21.609100	4.946910	-25.327600	-38.237200	-39.474148	0.000000
0	0	650	20.802100	-0.703583	19.304900	-17.621300	46.043634	0.000000
0	0	651	3.185500	-2.160960	8.537720	2.536620	52.101844	0.000000
0	0	652	-16.914200	22.348300	-4.687360	-17.527700	-5.922789	0.000000
0	0	653	-9.392510	31.348500	-20.144100	-31.870100	-16.362112	0.000000
0	0	654	-0.486529	-14.483000	-27.654700	17.927700	-58.820715	0.000000
0	0	655	-9.069400	-10.787000	-20.359100	16.604500	-58.958144	0.000000
0	0	656	48.456900	2.399830	-36.905800	2.718660	-43.139766	0.000000
0	0	657	-0.150754	8.762510	-3.661920	6.878650	-11.340212	0.000000
0	0	658	24.442800	9.743120	-2.145490	2.416350	-6.209328	0.000000
0	0	659	31.626500	20.917400	-17.879800	6.921960	-20.261600	0.000000
0	0	660	-9.353100	-16.702100	-6.562660	3.638090	-79.274467	0.000000
0	0	661	-7.341230	15.054000	-1.585730	3.848100	-3.006570	0.000000
0	0	662	20.677100	10.213100	-8.295120	-41.548400	-19.541820	0.000000
0	0	663	-11.444800	-5.726470	-25.201000	30.720400	-51.401020	0.000000
0	0	664	17.714500	25.046300	-22.901300	33.391500	-21.219252	0.000000
0	0	665	-17.780400	21.600500	8.636530	15.759700	10.896508	0.000000
0	0	666	-9.267630	13.865100	14.761500	-22.616100	23.396774	0.000000
0	0	667	24.485400	19.852000	28.361000	20.228500	27.504464	0.000000
0	0	668	5.117720	47.267400	-10.973000	6.419990	-6.534780	0.000000
0	0	669	-29.013600	4.692380	32.516500	-18.784600	40.894234	0.000000
0	0	670	15.538900	14.802500	-19.198200	-0.827774	-26.183245	0.000000
0	0	671	-3.903210	-8.754260	-32.644600	12.972100	-52.505867	0.000000
0	0	672	2.001610	-24.590200	-33.727000	-12.543700	-63.047809	0.000000
0	0	673	12.761900	5.026880	1.090000	4.706620	6.117148	0.000000
0	0	674	7.253080	-3.267920	35.492300	-14.346900	47.630311	0.000000
0	0	675	-0.354331	-15.789500	11.083200	-9.899130	72.466823	0.000000
0	0	676	12.747900	-25.445400	6.489840	12.708100	82.845889	0.000000
0	0	677	0.689999	-22.641200	-2.321030	1.620390	-87.073426	0.000000
0	0	678	-25.800500	10.808900	-18.809100	-35.015300	-30.057799	0.000000
0	0	679	29.409700	-10.726600	30.191100	-18.776500	54.779812	0.000000
0	0	680	-1.252270	18.324900	15.536200	12.228100	20.145957	0.000000
0	0	681	11.364800	20.630200	39.100600	-1.939640	31.091521	0.000000
0	0	682	-2.277100	-49.067500	-30.569400	15.709000	-74.038401	0.000000
0	0	683	9.808430	-2.074510	30.272900	-5.576010	46.960089	0.000000
0	0	684	-28.147300	9.326550	-10.741700	9.160840	-24.516821	0.000000
0	0	685	7.439710	-7.920420	20.564300	-6.901950	55.532192	0.000000
0	0	686	38.668700	-18.521800	-16.587000	-2.151160	-69.077152	0.000000
0	0	687	-41.764700	0.813711	11.130200	6.381590	42.909318	0.000000
0	0	688	17.491200	-22.761500	0.762086	-0.549396	89.041188	0.000000
0	0	689	11.145900	12.911400	-16.307700	39.502400	-25.815029	0.000000
0	0	690	20.479600	3.797140	-7.926460	3.599800	-32.201715	0.000000
0	0	691	-12.390700	-2.183500	2.265470	1.799780	66.972237	0.000000
0	0	692	32.682500	20.819800	5.558960	-23.695900	7.474717	0.000000
0	0	693	1.414740	-0.282109	1.508550	0.003178	50.296175	0.000000
0	0	694	-3.508720	46.753900	-1.282030	-2.868880	-0.785352	0.000000
0	0	695	-8.358650	18.153900	35.409200	-11.160800	31.428147	0.000000
0	0	696	-4.950700	-20.477900	0.845528	17.518100	88.817806	0.000000
0	0	697	-15.543000	-6.984120	-21.507500	-16.661000	-53.995072	0.000000
0	0	698	22.033400	-14.126000	-13.712000	3.207370	-67.926013	0.000000
0	0	699	3.670470	-32.310000	-4.353930	21.060500	-86.162673	0.000000
0	0	700	5.034030	-15.316000	-33.761500	-3.131040	-57.200777	0.000000
0	0	701	14.174000	-11.772400	9.670850	0.719319	70.298704	0.000000
0	0	702	-12.397200	-24.448700	-19.665400	13.755600	-70.594207	0.000000
0	0	703	24.342800	-44.192500	-7.634400	-28.343900	-85.099352	0.000000
0	0	704	6.755520	-28.690300	24.285600	-16.574400	69.876473	0.000000
0	0	705	29.714400	-8.655960	24.802300	7.032790	54.619450	0.000000
0	0	706	2.721890	-30.872300	-14.404700	-3.046420	-77.493362	0.000000
0	0	707	20.666800	-21.144400	6.212430	27.423500	81.813350	0.000000
0	0	708	3.464790	-16.029700	-18.395200	-11.646600	-65.534556	0.000000
0	0	709	7.090000	2.150390	4.050540	-13.567600	31.018314	0.000000
0	0	710	-26.025900	13.268000	24.971400	31.214200	31.008524	0.000000
0	0	711	12.208800	18.755600	-39.104200	26.693200	-32.188082	0.000000
0	0	712	2.846170	-13.998100	-8.800580	8.274950	-73.921250	0.000000
0	0	713	8.698460	-13.185700	6.076060	6.990650	77.629715	0.000000
0	0	714	5.025220	-15.320400	37.367800	17.526700	56.146553	0.000000
0	0	715	4.984380	-11.760100	5.686760	-7.317920	77.096632	0.000000
0	0	716	-12.049200	-5.044420	5.713360	19.809100	65.720908	0.000000
0	0	717	16.860200	36.853600	11.803100	-12.577300	8.879350	0.000000
0	0	718	-38.613800	-5.683140	13.501500	-7.692700	56.413759	0.000000
0	0	719	11.155500	-3.330210	33.005800	11.630400	47.880757	0.000000
0	0	720	-0.132212	5.051020	15.182800	-11.280400	35.799363	0.000000
0	0	721	-37.423800	-3.909050	-18.529800	0.209445	-50.956230	0.000000
0	0	722	4.924510	-9.835940	-28.083700	-20.812800	-54.651061	0.000000
0	0	723	-20.175100	-40.252900	29.353800	26.704600	71.949591	0.000000
0	0	724	-11.790900	38.861000	4.957960	-10.705800	3.635313	0.000000
0	0	725	-22.115500	2.888620	15.232400	0.368059	39.631066	0.000000
0	0	726	-21.627200	-27.243800	-25.197800	19.020000	-68.617126	0.000000
0	0	727	15.196300	-24.061000	-4.010310	-20.619000	-85.268673	0.000000
0	0	728	-20.069500	-46.193000	-3.725250	4.518190	-87.694670	0.000000
0	0	729	38.258100	-1.823510	-10.661400	-7.105030	-49.852933	0.000000
0	0	730	1.918530	14.322400	-38.339200	-29.289800	-34.757894	0.000000
0	0	731	-3.428520	2.086590	-20.429800	34.598800	-42.084169	0.000000
0	0	732	29.716300	9.965170	-8.834780	0.860427	-20.779551	0.000000
0	0	733	-12.503000	0.631221	4.259670	-18.891400	40.785471	0.000000
0	0	734	-34.948700	13.432800	62.718600	-7.806810	38.955635	0.000000
0	0	735	15.866000	-7.436500	6.685590	5.851900	69.021853	0.000000
0	0	736	1.151900	15.905300	1.677370	-20.315500	3.010075	0.000000
0	0	737	-4.595710	13.704500	16.531000	-5.800800	25.170325	0.000000
0	0	738	-4.012500	1.137690	-25.873100	4.893790	-43.741108	0.000000
0	0	739	1.385250	32.505400	22.396600	-2.785510	17.283648	0.000000
0	0	740	-19.865000	-37.061000	3.373390	4.610620	87.399559	0.000000
0	0	741	22.756200	-8.466910	-1.441110	3.030310	-85.170271	0.000000
0	0	742	21.141700	32.796300	1.259540	23.340100	1.099680	0.000000
0	0	743	-11.684000	6.031840	-13.890700	-4.396740	-33.263893	0.000000
0	0	744	-2.034390	-0.380301	14.852200	28.192200	45.733389	0.000000
0	0	745	37.905400	18.068600	-11.345100	-28.238100	-16.062158	0.000000
0	0	746	27.178300	-27.879200	-2.158560	48.651300	-87.786340	0.000000
0	0	747	9.618230	50.379400	2.446520	25.325500	1.390104	0.000000
0	0	748	-38.829400	42.193600	25.218100	10.868500	15.432873	0.000000
0	0	749	13.735800	8.011610	-22.036000	-22.310900	-35.010147	0.000000
0	0	750	17.093200	8.144180	7.339770	-5.628020	21.013044	0.000000
0	0	751	-22.392900	21.347600	39.655800	-22.479300	30.852715	0.000000
0	0	752	6.500240	46.247600	-13.205400	1.136110	-7.968002	0.000000
0	0	753	29.597000	-52.232300	3.397320	-27.282100	88.139290	0.000000
0	0	754	19.185400	20.799000	-9.543110	-0.525080	-12.323430	0.000000
0	0	755	23.473400	-27.479500	3.454180	-0.538393	86.417741	0.000000
0	0	756	29.071700	-12.337700	-12.560100	-42.267100	-67.244109	0.000000
0	0	757	-6.545050	-31.713400	8.300460	-23.302600	82.666394	0.000000
0	0	758	39.398800	37.215200	12.330600	44.424700	9.165852	0.000000
0	0	759	14.720700	25.408100	2.186320	-29.273800	2.459041	0.000000
0	0	760	-24.086300	-9.168520	-27.033200	15.011600	-54.367383	0.000000
0	0	761	20.268700	6.507120	13.926100	-64.274700	32.477581	0.000000
0	0	762	-27.105000	9.971790	-32.651700	-30.847200	-36.508696	0.000000
0	0	763	3.406100	16.921900	4.958540	11.665200	8.165952	0.000000
0	0	764	-29.107800	15.427800	22.665300	21.244600	27.878846	0.000000
0	0	765	17.496600	26.628900	-4.962270	-6.830480	-5.277968	0.000000
0	0	766	0.342683	-23.345600	1.041330	36.053100	88.723008	0.000000
0	0	767	22.423400	-10.966700	8.158410	-3.683770	71.676746	0.000000
0	0	768	20.672100	5.223670	-5.858000	10.567100	-24.138057	0.000000
0	0	769	6.084990	0.433042	2.046710	-11.750400	39.026784	0.000000
0	0	770	13.751100	-12.108600	-22.076300	6.238310	-59.372134	0.000000
0	0	771	-27.615100	0.975995	21.978400	24.307500	43.728668	0.000000
0	0	772	33.415400	24.432700	18.300500	17.519800	18.416912	0.000000
0	0	773	8.977250	-5.608810	0.728088	-15.829100	86.301855	0.000000
0	0	774	3.738000	-22.894600	22.847900	-15.861900	67.529248	0.000000
0	0	775	10.201100	-36.900400	12.753400	2.202590	80.466994	0.000000
0	0	776	15.941800	-29.563600	23.367200	-37.608400	70.838500	0.000000
0	0	777	-15.988500	0.777478	4.108820	-8.334520	39.642539	0.000000
0	0	778	12.400600	-16.769000	-22.268700	10.688800	-63.490423	0.000000
0	0	779	14.850900	26.323800	59.530400	19.568700	33.072711	0.000000
0	0	780	-19.367400	-24.753400	-17.233800	-3.994330	-72.576806	0.000000
0	0	781	1.287280	1.371790	2.888580	7.988800	32.298451	0.000000
0	0	782	24.283500	-4.960100	-7.797010	-17.971000	-61.231323	0.000000
0	0	783	-1.897480	-37.484400	-24.620100	-30.374900	-73.351361	0.000000
0	0	784	5.628490	-14.148900	7.867740	13.784900	75.461499	0.000000
0	0	785	21.431900	-5.531670	7.387390	-11.320800	63.412916	0.000000
0	0	786	5.775090	25.444600	0.550054	-6.131210	0.619205	0.000000
0	0	787	-3.525650	16.895900	13.916600	33.672900	19.738583	0.000000
0	0	788	1.347360	24.677800	-21.682900	-9.833450	-20.651915	0.000000
0	0	789	-23.431900	-20.413900	5.639150	-6.991060	82.278840	0.000000
0	0	790	-15.665800	17.511400	14.694900	-43.018900	20.001047	0.000000
0	0	791	-4.645920	16.059000	-14.351000	12.317500	-20.892659	0.000000
0	0	792	-1.223160	27.953400	-28.449000	43.640300	-22.751719	0.000000
0	0	793	-24.490600	-3.411050	-2.613570	-11.086200	-71.270208	0.000000
0	0	794	-0.898176	3.729600	-5.000150	9.089550	-26.640415	0.000000
0	0	795	0.382530	-35.692300	27.260200	-1.243240	71.314505	0.000000
0	0	796	-6.026340	44.147300	13.657600	-13.353500	8.595101	0.000000
0	0	797	-20.037400	-29.744300	-29.330700	-17.404700	-67.700568	0.000000
0	0	798	-1.526340	32.497200	-29.249700	24.121800	-20.994687	0.000000
0	0	799	-33.202200	8.570370	14.617000	3.688500	29.807835	0.000000
0	0	800	33.087600	-17.509300	-18.824300	35.023400	-66.463617	0.000000
0	0	801	-34.106400	-6.874160	11.944900	-5.393590	59.959979	0.000000
0	0	802	25.192800	-29.822100	-29.433400	-16.688800	-67.687920	0.000000
0	0	803	10.064000	-9.883340	24.669500	44.508400	55.916258	0.000000
0	0	804	11.118300	-29.101700	15.740400	-24.392000	75.796063	0.000000
0	0	805	20.924400	16.057300	6.744980	-6.951220	11.392589	0.000000
0	0	806	21.810300	12.797400	-11.097700	-48.596200	-20.465652	0.000000
0	0	807	-24.490400	-27.186200	46.020100	-14.958200	60.286155	0.000000
0	0	808	-16.151100	-7.665280	6.185500	-21.288000	70.549097	0.000000
0	0	809	25.002900	9.244280	-26.838000	16.327400	-35.496932	0.000000
0	0	810	7.530050	9.580000	11.879800	15.714900	25.558459	0.000000
0	0	811	-60.416700	-10.192600	21.629100	-6.657740	57.615956	0.000000
0	0	812	8.554540	-17.087900	-7.555230	5.122970	-78.073950	0.000000
0	0	813	1.739130	1.224590	-8.216180	5.481140	-40.761345	0.000000
0	0	814	-26.351700	7.924410	-7.087490	-20.505700	-20.904519	0.000000
0	0	815	17.664000	12.966600	-27.106400	-2.219260	-32.217721	0.000000
0	0	816	14.557400	-8.129340	-7.962940	22.621000	-67.796219	0.000000
0	0	817	12.989700	-18.142700	-3.579460	27.582500	-84.419591	0.000000
0	0	818	-11.724900	3.204370	-30.947700	-11.831500	-42.044288	0.000000
0	0	819	-5.382400	-13.110900	14.658200	-5.258390	65.905383	0.000000
0	0	820	6.395450	-10.022900	-27.278500	-10.462500	-55.087387	0.000000
0	0	821	-19.342700	-39.309800	-65.651500	-10.297100	-60.455843	0.000000
0	0	822	-14.312400	-0.205092	16.040300	5.067530	45.366273	0.000000
0	0	823	10.682200	-20.698600	-17.757900	-2.845080	-69.686398	0.000000
0	0	824	-4.914940	-1.598800	4.867630	-34.875000	54.091526	0.000000
0	0	825	0.614994	24.880800	-24.470200	-2.749060	-22.261655	0.000000
0	0	826	-10.316300	3.752280	-25.164600	-25.703400	-40.759571	0.000000
0	0	827	33.445300	29.705600	-25.136600	35.221600	-20.118793	0.000000
0	0	828	14.143900	17.809200	0.973763	9.698850	1.564838	0.000000
0	0	829	-24.532900	21.608000	7.441270	12.018200	9.501231	0.000000
0	0	830	-21.143000	25.715900	21.422200	-1.337500	19.897711	0.000000
0	0	831	10.883700	-30.115400	3.870120	8.438570	86.338537	0.000000
0	0	832	-18.172100	13.318000	-6.064910	16.074200	-12.242069	0.000000
0	0	833	0.854094	-13.036100	-2.664190	-10.156100	-84.224755	0.000000
0	0	834	-30.201900	6.774410	-27.038200	-9.965630	-37.967062	0.000000
0	0	835	8.003930	11.187900	-6.794630	-2.446580	-15.635563	0.000000
0	0	836	6.330420	-17.823400	9.204260	3.388290	76.343760	0.000000
0	0	837	11.303200	-5.652050	9.803670	5.316840	59.982238	0.000000
0	0	838	15.882400	33.470700	-10.431500	-0.360306	-8.655101	0.000000
0	0	839	-2.557010	-6.457140	-5.611070	-8.317220	-69.505146	0.000000
0	0	840	15.414600	21.517000	-18.674000	25.128900	-20.476898	0.000000
0	0	841	24.942500	22.466900	0.401478	-12.801700	0.511876	0.000000
0	0	842	-51.802700	17.231500	27.319200	53.144000	28.879224	0.000000
0	0	843	-34.184200	-14.624500	19.571500	3.667620	63.384177	0.000000
0	0	844	-32.109800	6.296160	-10.225700	-3.153590	-29.189297	0.000000
0	0	845	-10.301000	-30.344000	2.319330	-11.351200	87.814561	0.000000
0	0	846	-0.344732	35.231500	8.935000	7.321350	7.115328	0.000000
0	0	847	7.059460	10.983100	-20.020700	16.334100	-30.625695	0.000000
0	0	848	22.040800	-14.107200	4.870500	-3.115780	80.476403	0.000000
0	0	849	-33.184700	-8.886130	17.032700	-31.187200	58.775750	0.000000
0	0	850	10.860500	50.742400	-11.791100	-14.515100	-6.540880	0.000000
0	0	851	5.701090	1.709490	-11.095700	-19.404100	-40.620716	0.000000
0	0	852	-6.287270	-2.276940	-0.325911	43.912600	-85.927134	0.000000
0	0	853	30.077500	-20.115600	-19.768600	-16.899800	-67.749236	0.000000
0	0	854	-7.031760	15.697700	-31.861100	7.506440	-31.885457	0.000000
0	0	855	14.998600	1.220690	31.528700	20.933200	43.891399	0.000000
0	0	856	11.668500	-9.149320	26.234300	-15.841600	54.613214	0.000000
0	0	857	-13.733400	-4.694150	-4.884780	11.380500	-66.929954	0.000000
0	0	858	-43.338800	-3.302060	4.273340	25.110100	63.846842	0.000000
0	0	859	35.771000	-16.065200	21.079100	23.166200	63.656216	0.000000
0	0	860	-12.649800	-24.582500	-3.063350	-3.905250	-86.448350	0.000000
0	0	861	-10.338900	-20.671100	12.230600	-16.043000	74.694101	0.000000
0	0	862	-24.072100	-21.456100	14.401200	42.496400	73.065368	0.000000
0	0	863	-7.735330	8.642440	4.846650	-16.155500	14.641778	0.000000
0	0	864	-4.904810	-9.469210	-40.735300	3.662170	-51.543201	0.000000
0	0	865	-37.526500	-42.525300	38.752200	-7.466850	68.828951	0.000000
0	0	866	18.653500	-8.536850	12.040400	23.936600	62.668647	0.000000
0	0	867	37.302700	-3.850360	-5.521280	0.674150	-62.445329	0.000000
0	0	868	18.779100	-16.667700	17.227000	1.484840	67.027321	0.000000
0	0	869	10.769200	-1.972830	-4.346940	-32.483400	-57.205304	0.000000
0	0	870	-6.586430	3.175900	-17.941100	6.916330	-39.980799	0.000000
0	0	871	40.063100	-10.109600	5.544500	-16.552800	75.628957	0.000000
0	0	872	-21.924700	-6.568370	9.244620	-8.798300	62.697036	0.000000
0	0	873	2.462300	-19.135800	5.428090	2.030980	82.081701	0.000000
0	0	874	-6.805360	14.526200	8.341420	-6.071830	14.932927	0.000000
0	0	875	-2.802370	14.631800	16.568400	11.998200	24.275899	0.000000
0	0	876	16.460300	15.301000	-19.683700	6.128860	-26.070258	0.000000
0	0	877	-5.288940	4.664510	9.362080	4.847020	31.757968	0.000000
0	0	878	16.486400	-7.202230	-9.054120	-7.681810	-64.250500	0.000000
0	0	879	12.064000	-33.480400	-1.551100	-18.949100	-88.673732	0.000000
0	0	880	2.460390	-38.735800	-32.417900	-3.380650	-70.037058	0.000000
0	0	881	-31.605900	10.167800	-1.901790	9.377420	-5.297109	0.000000
0	0	882	2.132370	7.207040	-14.231300	-4.035260	-31.570677	0.000000
0	0	883	24.182800	19.353600	-1.634060	-1.355130	-2.413071	0.000000
0	0	884	1.608680	4.579290	6.705250	-34.534200	27.834615	0.000000
0	0	885	0.906325	0.951225	-25.926100	1.954350	-43.949384	0.000000
0	0	886	-2.660670	11.077000	17.791600	-6.948380	29.046862	0.000000
0	0	887	5.304090	-9.899810	4.315430	-0.065406	78.223556	0.000000
0	0	888	42.691800	-35.419600	-12.600200	-36.151600	-80.208724	0.000000
0	0	889	29.564900	39.552200	-4.485260	20.842900	-3.234881	0.000000
0	0	890	56.473600	-17.759800	-15.923800	-5.874280	-69.059974	0.000000
0	0	891	-15.933700	-30.782600	-4.049030	10.205600	-86.253272	0.000000
0	0	892	27.868200	-17.294400	-8.583090	-8.393150	-76.802558	0.000000
0	0	893	-14.298800	-1.793170	-2.829900	10.710000	-61.180223	0.000000
0	0	894	-15.987300	18.346300	-24.900600	-22.376400	-26.808950	0.000000
0	0	895	24.396500	-20.516600	-10.599600	-10.981800	-76.338763	0.000000
0	0	896	-21.306000	42.319400	-14.771200	24.034100	-9.620537	0.000000
0	0	897	-0.006880	21.290500	-33.666100	55.693400	-28.845334	0.000000
0	0	898	2.851680	-12.553800	11.220800	-4.365600	69.104557	0.000000
0	0	899	-0.622236	-5.788240	-40.325500	-12.916700	-49.084163	0.000000
0	0	900	22.843200	-3.242890	-15.934100	12.050200	-50.751831	0.000000
0	0	901	8.577340	-8.188190	2.884180	25.234700	80.297936	0.000000
0	0	902	36.490300	26.811300	15.226500	12.264400	14.796414	0.000000
0	0	903	-10.557100	18.682300	-21.682700	2.764930	-24.625538	0.000000
0	0	904	27.818900	24.083200	-4.555510	8.899110	-5.355676	0.000000
0	0	905	18.150700	-20.328100	-42.683300	7.312150	-57.733160	0.000000
0	0	906	7.742820	-24.008200	-35.033700	19.590500	-62.211201	0.000000
0	0	907	2.286880	-45.079500	1.846760	-6.034870	88.827045	0.000000
0	0	908	-9.523590	-11.113600	-8.170630	15.570100	-71.838486	0.000000
0	0	909	-3.559290	4.672340	2.140480	0.875039	12.306669	0.000000
0	0	910	31.139800	-26.379100	17.858000	16.774100	72.951484	0.000000
0	0	911	38.968700	9.052440	-16.667700	-11.852500	-30.746526	0.000000
0	0	912	1.429600	1.139340	6.407220	-13.503000	39.958493	0.000000
0	0	913	30.104800	34.440400	-10.889300	-6.220410	-8.772907	0.000000
0	0	914	19.589500	-21.192100	-7.292860	2.255910	-80.505034	0.000000
0	0	915	-8.321500	10.909800	30.100000	34.039800	35.038429	0.000000
0	0	916	7.926540	-20.321100	-29.865400	12.799300	-62.116133	0.000000
0	0	917	-14.516700	-33.170600	14.998600	19.898500	77.834580	0.000000
0	0	918	-8.994040	16.910000	26.661600	-25.488500	28.807635	0.000000
0	0	919	-12.605600	-15.579400	-39.610500	28.573300	-55.735227	0.000000
0	0	920	32.384600	14.786200	-4.047060	11.474400	-7.653629	0.000000
0	0	921	12.707600	-7.258900	-8.755320	12.509600	-64.830800	0.000000
0	0	922	-3.341490	-10.621200	-20.455200	7.846120	-58.720119	0.000000
0	0	923	12.562500	31.676000	-19.771500	-2.130770	-15.985776	0.000000
0	0	924	6.023600	-4.933850	15.758400	10.754500	53.692495	0.000000
0	0	925	-6.795950	12.272400	-0.134518	-35.415700	-0.313997	0.000000
0	0	926	12.832200	4.622230	4.345920	3.990390	21.617633	0.000000
0	0	927	11.633000	-19.088000	45.667400	6.922960	56.341944	0.000000
0	0	928	45.147100	15.200500	31.047000	-18.153200	31.956898	0.000000
0	0	929	6.031540	14.536700	15.308100	45.918000	23.240299	0.000000
0	0	930	27.762700	19.613600	-0.991156	2.574640	-1.446465	0.000000
0	0	931	-39.887900	14.653600	-12.228500	0.526073	-19.922581	0.000000
0	0	932	21.222900	4.889340	-3.254380	-11.124900	-16.824011	0.000000
0	0	933	-5.141410	15.968000	32.094900	13.120700	31.774264	0.000000
0	0	934	1.725810	-42.331000	35.642600	38.765700	69.951351	0.000000
0	0	935	40.659200	25.985500	21.253500	10.960800	19.639840	0.000000
0	0	936	14.419600	-13.837600	23.388900	24.620100	60.304939	0.000000
0	0	937	34.958100	-24.484800	33.257900	24.301300	63.180437	0.000000
0	0	938	18.040900	-4.832630	31.079800	-16.128100	49.419102	0.000000
0	0	939	-33.197000	-12.173300	12.149400	3.218570	67.528150	0.000000
0	0	940	38.747700	3.170120	3.789320	-21.906000	25.042185	0.000000
0	0	941	15.851600	7.706630	-30.967800	-23.624200	-38.012639	0.000000
0	0	942	18.346900	8.145110	-11.162600	-9.638000	-26.941286	0.000000
0	0	943	11.019200	-1.387290	11.110000	-23.104100	48.558801	0.000000
0	0	944	-31.844500	-18.401800	-27.184400	26.008600	-62.047527	0.000000
0	0	945	40.946800	-6.090720	-3.909710	27.388300	-73.651541	0.000000
0	0	946	47.043500	-20.749000	-21.269100	14.525100	-67.145415	0.000000
0	0	947	20.216500	-47.295300	0.095275	27.344000	89.942290	0.000000
0	0	948	30.909900	-33.631300	-12.769400	-0.819454	-79.604416	0.000000
0	0	949	40.808700	29.629400	-26.929900	56.389100	-21.133711	0.000000
0	0	950	-45.294000	9.354050	13.673700	-8.323450	27.812167	0.000000
0	0	951	28.277200	-16.527900	-21.864900	1.527110	-63.543002	0.000000
0	0	952	7.504290	-10.003200	-0.704669	9.748780	-87.985246	0.000000
0	0	953	5.046100	11.028900	-16.823700	-5.018890	-28.376430	0.000000
0	0	954	38.136300	28.311100	14.162000	-21.635200	13.287746	0.000000
0	0	955	3.476390	17.042600	16.269400	-22.829400	21.835177	0.000000
0	0	956	8.863850	11.549200	-6.422440	-28.815500	-14.539085	0.000000
0	0	957	-1.873070	-10.546500	-10.725000	-5.400200	-67.259607	0.000000
0	0	958	19.992100	-27.441100	22.688500	27.869600	70.207906	0.000000
0	0	959	25.406700	22.325400	13.704500	-8.731890	15.771891	0.000000
0	0	960	28.856900	32.025100	28.302500	15.336200	20.734480	0.000000
0	0	961	61.169000	-2.883770	-31.234300	39.627900	-47.637497	0.000000
0	0	962	19.941700	-17.609200	-9.391620	5.595750	-75.963697	0.000000
0	0	963	8.255030	-16.259200	39.948800	-22.006800	56.073185	0.000000
0	0	964	49.119800	26.956600	-5.951320	7.211340	-6.224859	0.000000
0	0	965	9.273330	39.272600	-21.219700	-3.568960	-14.191580	0.000000
0	0	966	22.421100	14.318700	-13.769200	19.215600	-21.939616	0.000000
0	0	967	44.462300	-3.012100	-5.901180	22.556000	-58.520414	0.000000
0	0	968	14.512800	23.826800	10.831500	0.519656	12.223110	0.000000
0	0	969	1.851700	-5.334040	-15.604200	-4.651120	-54.436076	0.000000
0	0	970	18.708300	13.291800	20.514600	27.013600	28.530015	0.000000
0	0	971	63.067600	-16.558500	-24.303600	17.710600	-62.133670	0.000000
0	0	972	-1.787610	-20.716100	7.806800	-23.988300	79.675617	0.000000
0	0	973	19.254600	30.901500	3.430640	-44.134000	3.167477	0.000000
0	0	974	23.310300	31.903800	-15.082500	-38.821200	-12.651206	0.000000
0	0	975	26.132800	16.798200	-12.298200	-27.484600	-18.104193	0.000000
0	0	976	4.715850	-24.964200	-4.402630	-31.660000	-84.999145	0.000000
0	0	977	-1.166260	18.338000	-4.802550	-15.798200	-7.337817	0.000000
0	0	978	22.426700	20.552000	-53.367500	12.071500	-34.469070	0.000000
0	0	979	12.084100	25.991900	32.114200	5.318500	25.507365	0.000000
0	0	980	21.118400	-44.034700	-5.124260	-19.533300	-86.681210	0.000000
0	0	981	38.155600	12.848600	-20.121500	-1.167270	-28.719850	0.000000
0	0	982	-19.499500	27.018900	-45.768000	-34.547300	-29.722372	0.000000
0	0	983	29.298500	-6.430560	-16.122200	3.683100	-55.872631	0.000000
0	0	984	50.707400	-27.208200	-40.732400	-36.144100	-61.870954	0.000000
0	0	985	-4.816270	43.971000	-13.861200	-4.846370	-8.748339	0.000000
0	0	986	80.989600	12.166200	-24.982800	-9.129900	-32.017352	0.000000
0	0	987	6.748040	-24.023100	-14.516500	-36.429700	-74.428292	0.000000
0	0	988	-26.344200	15.377800	-4.533210	-28.412900	-8.212475	0.000000
0	0	989	40.355300	9.938620	-42.510500	-24.899300	-38.420525	0.000000
0	0	990	50.798000	15.241000	-3.908450	13.758800	-7.191581	0.000000
0	0	991	-19.069500	27.424700	9.010080	6.380170	9.093681	0.000000
0	0	992	16.616400	38.074300	-31.245500	-5.600240	-19.686929	0.000000
0	0	993	37.486400	36.834900	-7.411480	-14.112600	-5.688237	0.000000
0	0	994	23.870100	-17.891700	18.305600	-29.240400	67.172438	0.000000
0	0	995	31.728600	18.542800	-41.146900	-3.252620	-32.870675	0.000000
0	0	996	12.174800	-38.631400	3.424630	12.143000	87.467018	0.000000
0	0	997	41.284300	21.940700	27.968700	-11.007900	25.943380	0.000000
0	0	998	49.403700	31.411800	-38.525000	4.036370	-25.403762	0.000000
0	0	999	41.133700	-1.101290	17.822500	-35.863700	46.767966	0.000000
0	0	1000	42.786400	38.462200	-17.287000	-21.370500	-12.100869	0.000000
0	0	1001	26.548000	-6.532200	-8.106040	-14.852500	-64.431690	0.000000
0	0	1002	56.291300	-3.984240	39.111700	3.838990	47.908278	0.000000
0	0	1003	21.003000	-3.996500	-8.094320	-44.438300	-58.138728	0.000000
0	0	1004	28.664600	47.774000	-22.894700	-36.355000	-12.802553	0.000000
0	0	1005	18.862100	-11.273600	10.612400	-20.284300	68.365221	0.000000
0	0	1006	9.962060	-13.327700	-37.386500	-18.907500	-54.810176	0.000000
0	0	1007	12.068400	28.314600	3.548250	-44.107200	3.571399	0.000000
0	0	1008	28.874000	-19.206800	47.438000	7.874720	56.021073	0.000000
0	0	1009	66.072000	29.707500	29.129100	-28.916200	22.218383	0.000000
0	0	1010	11.685500	33.925200	-11.896200	3.079960	-9.661856	0.000000
0	0	1011	12.660600	19.520300	-11.740700	-21.109600	-15.512635	0.000000
0	0	1012	67.331600	8.198190	-27.818900	-21.140700	-36.789915	0.000000
0	0	1013	43.102000	18.917600	-13.683400	3.523640	-17.939406	0.000000
0	0	1014	38.692600	5.210610	-26.198700	-20.456700	-39.375668	0.000000
0	0	1015	39.106100	-12.635200	-38.928500	6.777330	-53.991055	0.000000
0	0	1016	48.265400	40.899300	13.411900	-20.647900	9.077803	0.000000
0	0	1017	9.493790	-15.295000	16.239800	-3.155520	66.641950	0.000000
0	0	1018	29.664600	6.918110	-22.013300	19.922000	-36.276827	0.000000
0	0	1019	22.762000	-44.502900	21.048100	-10.340900	77.343857	0.000000
0	0	1020	35.838600	-26.200600	19.802000	-42.599300	71.459294	0.000000
0	0	1021	70.090700	-9.849420	7.132460	-18.100100	72.044907	0.000000
0	0	1022	42.596100	-7.377660	11.082000	-20.485400	61.826521	0.000000
0	0	1023	24.682600	-28.488700	-26.465800	7.020500	-68.554066	0.000000
