0	0	0	42.560100	12.350700	-19.298900	-16.279500	-28.691006	0.000000
0	0	1	45.372200	32.816100	-41.498200	5.586830	-25.831814	0.000000
0	0	2	77.613700	33.376200	34.591400	13.340800	23.012144	0.000000
0	0	3	57.760000	4.369730	19.966400	-48.539400	38.827608	0.000000
0	0	4	24.818000	-5.974280	5.182480	1.821560	69.529750	0.000000
0	0	5	74.825800	11.793900	-5.128980	-10.540500	-11.751729	0.000000
0	0	6	76.409600	26.166800	-23.245500	-43.680400	-20.808280	0.000000
0	0	7	85.021600	4.382540	10.137800	-12.324300	33.310660	0.000000
0	0	8	48.928400	11.642200	26.667800	8.235490	33.207827	0.000000
0	0	9	83.145600	6.233890	0.955545	-30.345200	4.357300	0.000000
0	0	10	113.095000	-0.624266	49.075700	1.047780	45.364395	0.000000
0	0	11	86.003600	27.602700	19.746000	-19.128200	17.789298	0.000000
0	0	12	67.022000	-5.279190	16.510000	-4.297840	53.866024	0.000000
0	0	13	81.657400	31.465700	21.276700	-4.976930	17.033025	0.000000
0	0	14	73.430400	31.577600	47.752500	-37.824100	28.262139	0.000000
0	0	15	72.025700	29.183300	42.641300	-34.196700	27.806316	0.000000
0	0	16	90.642600	16.557600	18.346200	-11.611700	23.966741	0.000000
0	0	17	118.074000	-2.104030	-8.051440	25.152500	-52.322610	0.000000
0	0	18	103.097000	-4.314230	12.281800	4.711250	54.677427	0.000000
0	0	19	103.974000	1.928160	7.147730	-4.159590	37.451665	0.000000
0	0	20	131.815000	21.165200	-9.528210	-0.593329	-12.118228	0.000000
0	0	21	116.610000	29.739300	-25.550500	-41.511900	-20.333751	0.000000
0	0	22	105.741000	-26.311200	-11.310800	-32.867700	-78.368919	0.000000
0	0	23	113.846000	7.634630	-11.874200	-15.654400	-28.630312	0.000000
0	0	24	99.461400	28.894500	-4.213850	16.746200	-4.148639	0.000000
0	0	25	59.924300	-28.369000	-26.127400	-18.281100	-68.677710	0.000000
0	0	26	87.933600	-36.912800	-70.055600	-34.050100	-58.892535	0.000000
0	0	27	71.671000	22.762000	-15.299300	-19.734500	-16.953356	0.000000
0	0	28	53.301400	4.540790	13.474000	-18.830800	35.687992	0.000000
0	0	29	116.433000	34.930600	-28.657700	32.374700	-19.683039	0.000000
0	0	30	93.549100	25.567000	16.111500	-28.324300	16.108905	0.000000
0	0	31	60.739200	5.397880	4.134880	3.233840	18.726405	0.000000
0	0	32	72.408600	-8.212990	-3.378880	-30.459800	-78.818700	0.000000
0	0	33	83.422500	-5.668970	-11.306400	-17.285200	-58.314474	0.000000
0	0	34	65.225300	-15.570100	7.704280	-7.279080	76.836610	0.000000
0	0	35	123.894000	33.698000	10.317300	-43.566500	8.511495	0.000000
0	0	36	83.161200	4.470880	6.721710	-44.463700	28.185261	0.000000
0	0	37	96.418900	-23.901300	7.115960	-49.313800	81.710268	0.000000
0	0	38	96.930600	17.623400	-6.212190	-38.957800	-9.708692	0.000000
0	0	39	93.549900	6.659220	-28.150800	18.878800	-38.345516	0.000000
0	0	40	95.866100	1.955120	3.914790	-35.871100	31.730796	0.000000
0	0	41	108.281000	12.786900	14.424000	25.462800	24.221479	0.000000
0	0	42	87.153200	-7.788090	18.479500	18.363400	56.426370	0.000000
0	0	43	76.010500	-39.073300	33.850400	-5.272450	69.548305	0.000000
0	0	44	105.091000	-19.247800	17.934600	-21.550300	68.511360	0.000000
0	0	45	91.305000	-4.840910	16.207600	57.259200	53.314956	0.000000
0	0	46	83.830600	-5.416700	-14.062600	-7.114850	-55.532964	0.000000
0	0	47	97.348400	32.480400	5.531160	-5.250590	4.832159	0.000000
0	0	48	126.694000	8.091030	43.063200	8.278880	39.679454	0.000000
0	0	49	135.832000	11.441000	1.222930	-45.347700	3.050594	0.000000
0	0	50	135.872000	14.165100	28.650500	10.047500	31.845869	0.000000
0	0	51	89.140600	6.787530	10.661100	20.760200	28.758296	0.000000
0	0	52	105.846000	3.405690	15.007500	-31.211700	38.607135	0.000000
0	0	53	109.895000	-2.687030	16.433900	-12.773000	49.642998	0.000000
0	0	54	99.665600	12.532900	21.092500	-37.348900	29.640874	0.000000
0	0	55	124.770000	14.261500	14.876600	-23.086600	23.104662	0.000000
0	0	56	127.516000	20.394000	0.849065	-30.519300	1.192011	0.000000
0	0	57	124.319000	21.146200	-34.632100	-29.639900	-29.295977	0.000000
0	0	58	87.119000	-15.570800	17.013100	9.216160	66.232752	0.000000
0	0	59	155.560000	-30.152100	16.379100	-20.758000	75.744244	0.000000
0	0	60	156.720000	26.033000	-4.625690	-20.230900	-5.037740	0.000000
0	0	61	84.106100	-12.835200	-13.233300	-4.219830	-67.062543	0.000000
0	0	62	101.904000	17.657300	-20.800800	-42.317600	-24.836436	0.000000
0	0	63	173.197000	17.949100	6.417990	-3.910610	9.837664	0.000000
0	0	64	117.481000	-0.465969	24.766300	-28.017500	45.538936	0.000000
0	0	65	124.684000	12.923300	28.148300	-45.340500	32.669723	0.000000
0	0	66	148.873000	-12.762100	-14.521900	3.153980	-65.654786	0.000000
0	0	67	142.824000	1.757270	20.236000	-31.257000	42.518477	0.000000
0	0	68	110.309000	-17.847600	7.252090	-34.117700	78.943206	0.000000
0	0	69	104.325000	-5.593840	28.437100	-44.097900	50.564261	0.000000
0	0	70	116.663000	5.105660	7.039960	-12.966400	27.024439	0.000000
0	0	71	135.418000	24.410800	26.355800	-35.029500	23.597038	0.000000
0	0	72	100.263000	-9.840620	46.643100	-1.176000	50.956690	0.000000
0	0	73	130.441000	19.073200	8.541220	-44.027800	12.061719	0.000000
0	0	74	50.784300	-1.677650	-19.219800	-23.945100	-47.494283	0.000000
0	0	75	105.166000	1.632890	-9.652860	-22.796700	-40.199334	0.000000
0	0	76	132.726000	14.498900	39.521500	-18.317000	34.926939	0.000000
0	0	77	177.677000	11.051800	25.365400	-51.510100	33.228531	0.000000
0	0	78	149.350000	-20.163400	13.717600	-41.347700	72.885846	0.000000
0	0	79	90.012100	12.430900	55.319200	-7.405590	38.667656	0.000000
0	0	80	69.408200	-9.321230	23.860800	-24.472800	55.669060	0.000000
0	0	81	99.532300	30.843500	17.801800	-53.185500	14.996027	0.000000
0	0	82	90.452700	-19.576200	57.099900	-22.618700	54.461914	0.000000
0	0	83	91.124000	-3.288710	56.274700	1.465580	46.672289	0.000000
0	0	84	84.066900	8.266050	19.065900	0.673209	33.280391	0.000000
0	0	85	93.322500	10.055800	-3.242610	-18.698200	-8.936261	0.000000
0	0	86	158.528000	-23.896100	-21.252200	-3.522420	-69.175717	0.000000
0	0	87	103.255000	-5.398620	48.962800	-19.517100	48.145998	0.000000
0	0	88	124.478000	8.692760	46.906100	-27.506200	39.750456	0.000000
0	0	89	117.212000	31.448700	43.801400	-24.417900	27.161131	0.000000
0	0	90	84.132000	0.203980	16.519100	-5.752240	44.646270	0.000000
0	0	91	91.315800	17.843300	5.632680	0.718260	8.759797	0.000000
0	0	92	89.054300	36.861500	-9.376930	0.016996	-7.136170	0.000000
0	0	93	146.593000	11.426900	12.722600	-19.921000	24.035581	0.000000
0	0	94	153.155000	-23.836400	19.933800	-38.911200	70.047541	0.000000
0	0	95	143.520000	5.624710	13.364200	-51.541800	33.587400	0.000000
0	0	96	99.994900	30.076700	-0.956625	-35.226700	-0.910873	0.000000
0	0	97	76.767900	1.280530	20.992200	-5.315880	43.254634	0.000000
0	0	98	142.482000	-5.765070	19.046200	3.490980	53.420236	0.000000
0	0	99	151.368000	-5.349580	20.250600	-36.400700	52.398864	0.000000
0	0	100	177.266000	8.473710	72.740100	-28.772500	41.677697	0.000000
0	0	101	168.421000	-23.767900	79.331100	-13.426400	53.339208	0.000000
0	0	102	184.788000	11.714600	10.474600	-15.317600	20.900732	0.000000
0	0	103	185.267000	44.265000	47.531600	28.974200	23.519011	0.000000
0	0	104	173.914000	38.560100	7.245940	1.631180	5.321254	0.000000
0	0	105	160.436000	48.596600	-33.025200	-30.693200	-17.099591	0.000000
0	0	106	147.348000	-1.559160	33.713900	-76.942900	46.323930	0.000000
0	0	107	166.948000	-18.814100	32.741800	-42.958200	59.941273	0.000000
0	0	108	207.380000	3.635190	-13.223900	-15.870600	-37.314659	0.000000
0	0	109	159.592000	10.892900	17.483500	46.566400	29.037745	0.000000
0	0	110	185.777000	-2.235490	-23.333600	-29.010700	-47.736277	0.000000
0	0	111	186.458000	-2.556370	-16.022800	-5.321460	-49.532450	0.000000
0	0	112	165.234000	12.856400	4.531410	27.534700	9.707844	0.000000
0	0	113	159.376000	-6.985180	10.712500	-34.809300	61.553357	0.000000
0	0	114	150.551000	-29.832500	33.778900	-12.220500	65.724983	0.000000
0	0	115	159.516000	29.150900	12.869900	22.912100	11.910546	0.000000
0	0	116	189.527000	28.547800	26.289700	6.238170	21.321003	0.000000
0	0	117	171.673000	-21.656800	41.982800	-33.921800	58.643458	0.000000
0	0	118	187.587000	30.890500	39.505300	12.902800	25.988486	0.000000
0	0	119	160.634000	25.503200	57.650300	0.428057	33.068238	0.000000
0	0	120	170.987000	7.506130	25.063300	-31.439200	36.663865	0.000000
0	0	121	167.924000	-0.104697	19.678800	3.616560	45.152414	0.000000
0	0	122	166.835000	32.212500	-18.576900	-12.554300	-14.985992	0.000000
0	0	123	102.646000	-9.609900	-13.442000	22.556300	-62.780790	0.000000
0	0	124	123.093000	19.189900	17.023600	3.459150	20.788316	0.000000
0	0	125	150.116000	23.097000	33.831300	-6.223280	27.839109	0.000000
0	0	126	159.769000	12.859200	52.342500	-16.376800	38.098633	0.000000
0	0	127	178.420000	18.416800	27.601900	16.583700	28.143808	0.000000
0	0	128	141.379000	5.107980	0.757966	26.014700	4.220225	0.000000
0	0	129	185.047000	0.920524	1.994190	19.032900	32.610907	0.000000
0	0	130	150.404000	-16.733400	-15.007200	-13.685500	-69.056471	0.000000
0	0	131	198.181000	8.527600	-16.409100	11.231400	-31.269838	0.000000
0	0	132	178.228000	55.720700	14.125100	34.642000	7.112366	0.000000
0	0	133	184.829000	-8.422710	17.320700	-8.169080	57.966364	0.000000
0	0	134	167.978000	21.386300	-10.820900	-34.003300	-13.419100	0.000000
0	0	135	183.407000	32.103000	-13.464100	-12.664700	-11.376666	0.000000
0	0	136	159.966000	46.744200	-13.858300	-24.303000	-8.256782	0.000000
0	0	137	148.949000	-9.364750	44.397400	2.828720	50.955406	0.000000
0	0	138	184.944000	-18.599400	22.055200	-14.511700	65.070657	0.000000
0	0	139	187.235000	12.193200	12.822200	-20.199700	23.220185	0.000000
0	0	140	156.770000	2.922940	19.132500	15.280500	40.656941	0.000000
0	0	141	151.333000	-4.075710	-3.414010	-16.253500	-70.024423	0.000000
0	0	142	179.727000	25.009300	1.881530	14.045700	2.151220	0.000000
0	0	143	169.105000	41.657100	-47.011800	7.210100	-24.227943	0.000000
0	0	144	145.698000	-12.858100	17.354700	1.316750	63.267376	0.000000
0	0	145	144.668000	16.609000	8.271030	-18.201600	13.236304	0.000000
0	0	146	181.560000	30.405300	-20.613900	-1.432120	-17.068059	0.000000
0	0	147	149.459000	-1.457810	0.165570	33.569800	86.760214	0.000000
0	0	148	190.181000	31.415300	-21.727100	-20.400500	-17.334039	0.000000
0	0	149	170.676000	1.104200	27.586500	39.855100	43.853928	0.000000
0	0	150	212.859000	6.772530	36.328800	-10.529000	39.719979	0.000000
0	0	151	171.875000	21.333800	-22.831500	-4.587970	-23.471113	0.000000
0	0	152	189.100000	55.285800	-11.176300	37.199400	-5.714303	0.000000
0	0	153	187.639000	22.104900	-0.340354	16.501100	-0.441063	0.000000
0	0	154	162.264000	2.365720	10.478900	14.438400	38.639079	0.000000
0	0	155	168.448000	-19.660000	-15.552500	28.497800	-70.826711	0.000000
0	0	156	157.049000	47.382100	-43.724100	-7.383560	-21.350378	0.000000
0	0	157	180.691000	30.920800	-6.927850	-27.121100	-6.314322	0.000000
0	0	158	164.814000	28.112100	-2.547630	-39.150700	-2.589113	0.000000
0	0	159	183.440000	15.871600	-5.979230	-18.058500	-10.321325	0.000000
0	0	160	160.407000	45.538800	-47.135600	19.270200	-22.993561	0.000000
0	0	161	190.520000	46.600400	4.467450	-3.396420	2.738026	0.000000
0	0	162	174.837000	7.802230	-37.733500	-12.650700	-39.158738	0.000000
0	0	163	146.474000	26.611500	10.195300	11.986200	10.481326	0.000000
0	0	164	201.171000	14.853300	-13.818400	-12.406400	-21.466408	0.000000
0	0	165	146.370000	35.572900	16.972100	-6.565610	12.753081	0.000000
0	0	166	199.626000	49.616800	-14.132200	10.182100	-7.949190	0.000000
0	0	167	174.943000	-12.317600	11.624000	-14.819900	68.329711	0.000000
0	0	168	186.879000	11.712600	7.082420	15.308300	15.580338	0.000000
0	0	169	173.640000	7.793930	11.255400	27.578200	27.649447	0.000000
0	0	170	170.511000	-6.281420	-22.658100	5.469820	-52.747385	0.000000
0	0	171	183.805000	34.756500	-29.177000	12.443100	-20.006206	0.000000
0	0	172	221.142000	4.830000	-71.684800	1.747970	-43.072667	0.000000
0	0	173	183.192000	-18.490100	-20.021400	-2.834520	-66.361498	0.000000
0	0	174	194.486000	19.663300	-55.317800	-17.959400	-35.215851	0.000000
0	0	175	146.381000	14.804700	-37.438500	-9.128410	-34.212075	0.000000
0	0	176	175.141000	22.942400	9.088250	-15.197300	10.805085	0.000000
0	0	177	171.952000	9.918700	-11.791900	14.127300	-24.965646	0.000000
0	0	178	118.008000	54.590500	-17.273000	-23.382400	-8.778956	0.000000
0	0	179	147.324000	34.809200	29.556400	-6.658040	20.167249	0.000000
0	0	180	145.587000	8.979840	-55.064700	-13.090700	-40.368926	0.000000
0	0	181	184.613000	38.474300	-9.481720	-4.385850	-6.922134	0.000000
0	0	182	183.645000	38.625700	-51.044700	-23.309000	-26.442541	0.000000
0	0	183	165.765000	-13.080900	17.393000	17.094200	63.473018	0.000000
0	0	184	162.445000	32.192100	18.019400	-17.255000	14.618874	0.000000
0	0	185	134.331000	20.590400	-10.640500	-3.832450	-13.664281	0.000000
0	0	186	198.434000	45.853800	-10.212800	38.619600	-6.278135	0.000000
0	0	187	178.052000	28.581700	16.847500	-34.339000	15.258624	0.000000
0	0	188	203.836000	33.610100	-9.231520	-28.624700	-7.679204	0.000000
0	0	189	170.956000	58.619800	5.422270	-5.910670	2.642381	0.000000
0	0	190	191.446000	31.774200	-55.371400	-14.928100	-30.075584	0.000000
0	0	191	178.944000	25.793000	4.925780	-36.091400	5.405896	0.000000
0	0	192	210.254000	17.960100	13.893400	-39.212800	18.862236	0.000000
0	0	193	215.716000	62.936400	-29.252200	12.217000	-12.464263	0.000000
0	0	194	199.356000	3.191470	-51.529600	-44.817300	-43.227965	0.000000
0	0	195	234.437000	1.613120	16.378600	-37.286300	42.187554	0.000000
0	0	196	219.071000	24.154200	-14.477900	-63.326000	-15.469125	0.000000
0	0	197	185.433000	6.941000	14.783100	-30.515900	32.424441	0.000000
0	0	198	186.605000	3.818840	-29.166700	-25.790600	-41.270305	0.000000
0	0	199	222.825000	5.862410	43.949700	-20.697500	41.201109	0.000000
0	0	200	217.947000	-5.271010	-8.620170	-39.691300	-60.722351	0.000000
0	0	201	182.960000	2.356910	22.906500	-46.177200	42.062680	0.000000
0	0	202	194.479000	1.468450	21.550200	-49.021400	43.050920	0.000000
0	0	203	225.817000	20.134400	32.264500	-10.920700	29.017054	0.000000
0	0	204	168.019000	-1.360500	36.035700	-21.062100	46.081065	0.000000
0	0	205	145.300000	8.511830	-26.951500	-40.069600	-36.236414	0.000000
0	0	206	65.374200	4.122630	-6.320470	29.090900	-28.442471	0.000000
0	0	207	69.784900	0.636714	45.905600	5.433310	44.602677	0.000000
0	0	208	66.852900	5.636920	8.840640	-20.007400	28.738913	0.000000
0	0	209	218.160000	19.539000	-4.405950	-39.985800	-6.353692	0.000000
0	0	210	281.840000	8.410120	26.123700	-39.699900	36.077421	0.000000
0	0	211	215.324000	-8.519160	-13.610600	-19.903100	-61.021656	0.000000
0	0	212	270.225000	15.246200	23.652600	-53.874100	28.597313	0.000000
0	0	213	229.652000	24.981600	44.268700	-58.660900	30.281602	0.000000
0	0	214	186.405000	36.436200	-3.297900	-17.623600	-2.585921	0.000000
0	0	215	321.008000	30.125300	-7.600120	-53.067400	-7.079661	0.000000
0	0	216	327.800000	61.640900	22.173900	-54.008700	9.892516	0.000000
0	0	217	275.115000	51.273100	19.684100	-58.805600	10.501072	0.000000
0	0	218	240.946000	40.947100	24.162900	-28.328600	15.272436	0.000000
0	0	219	286.049000	24.528400	13.466500	-69.684900	14.383760	0.000000
0	0	220	263.105000	6.242620	-2.328480	-58.949000	-10.227688	0.000000
0	0	221	287.353000	37.551000	-10.389700	-69.009200	-7.732914	0.000000
0	0	222	257.083000	49.616800	14.052500	-38.633100	7.906607	0.000000
0	0	223	269.224000	-7.167890	-3.274250	-21.443100	-77.724679	0.000000
0	0	224	237.032000	31.198000	12.949400	-4.129700	11.270972	0.000000
0	0	225	242.904000	27.546200	10.126300	-24.732200	10.092004	0.000000
0	0	226	253.437000	18.078100	32.601600	-60.066800	30.495471	0.000000
0	0	227	309.414000	10.387200	13.235800	-38.111800	25.937931	0.000000
0	0	228	298.226000	51.351000	6.249950	-53.641600	3.469680	0.000000
0	0	229	241.079000	41.631500	32.561900	-49.487000	19.015294	0.000000
0	0	230	338.249000	38.095400	34.482700	-40.820500	21.075178	0.000000
0	0	231	296.123000	31.679500	16.787800	-63.985900	13.960146	0.000000
0	0	232	273.138000	21.256900	19.582800	-42.956900	21.326323	0.000000
0	0	233	352.392000	48.742000	25.673400	-102.975000	13.888343	0.000000
0	0	234	377.469000	32.679000	14.062000	-95.730600	11.641272	0.000000
0	0	235	413.707000	48.892300	-2.407880	-102.693000	-1.409731	0.000000
0	0	236	365.647000	21.981900	-0.933626	-112.571000	-1.216016	0.000000
0	0	237	386.053000	30.684800	42.370400	-106.065000	27.043903	0.000000
0	0	238	443.130000	71.331500	-13.161500	-89.181800	-5.227083	0.000000
0	0	239	409.161000	51.525900	20.562000	-110.050000	10.877518	0.000000
0	0	240	414.839000	-0.000938	-42.451700	-119.452000	-45.000633	0.000000
0	0	241	402.079000	16.469800	39.863200	-87.413600	33.775821	0.000000
0	0	242	387.654000	24.175900	8.958070	-107.848000	10.165771	0.000000
0	0	243	412.940000	7.867460	5.095710	-60.144900	16.465453	0.000000
0	0	244	456.579000	43.302100	-45.024400	-127.182000	-23.058541	0.000000
0	0	245	420.172000	46.144300	-5.337380	-145.187000	-3.298960	0.000000
0	0	246	481.579000	44.300700	-10.754800	-126.595000	-6.822803	0.000000
0	0	247	457.977000	30.618900	-25.557700	-86.090500	-19.925934	0.000000
0	0	248	442.126000	7.627020	-46.781300	-97.565800	-40.370107	0.000000
0	0	249	454.604000	13.033600	-11.563900	-129.663000	-20.790322	0.000000
0	0	250	415.704000	-24.903300	-52.021100	-126.694000	-57.790577	0.000000
0	0	251	427.507000	12.157300	-4.141660	-127.731000	-9.406287	0.000000
0	0	252	424.344000	16.606200	-0.146216	-114.184000	-0.252235	0.000000
0	0	253	472.707000	24.683500	-18.485300	-104.590000	-18.414641	0.000000
0	0	254	425.475000	3.597720	18.852200	-113.274000	39.597844	0.000000
0	0	255	441.034000	38.654300	-1.668360	-130.182000	-1.235706	0.000000
0	0	256	497.845000	19.895100	-6.159760	-104.409000	-8.601574	0.000000
0	0	257	479.340000	21.812400	-34.097200	-137.072000	-28.696225	0.000000
0	0	258	553.356000	7.348870	-2.959600	-156.298000	-10.968028	0.000000
0	0	259	573.961000	46.303100	-11.910800	-127.972000	-7.212875	0.000000
0	0	260	570.586000	8.532610	-49.684800	-110.683000	-40.127688	0.000000
0	0	261	558.087000	18.582200	-10.562100	-134.726000	-14.806924	0.000000
0	0	262	479.895000	31.359400	-16.588200	-138.662000	-13.938762	0.000000
0	0	263	477.082000	-1.442660	-5.862730	-92.553800	-51.912144	0.000000
0	0	264	534.307000	8.611010	-15.814400	-92.888300	-30.715757	0.000000
0	0	265	645.685000	13.607300	-30.886400	-146.897000	-33.111824	0.000000
0	0	266	575.198000	36.033400	-74.342400	-108.739000	-32.070379	0.000000
0	0	267	559.724000	56.938100	-65.650700	-114.358000	-24.532638	0.000000
0	0	268	513.168000	-17.893300	-20.826700	-106.121000	-65.333794	0.000000
0	0	269	545.851000	82.254800	-47.291600	-127.353000	-14.948166	0.000000
0	0	270	432.518000	40.836300	-41.668800	-90.162000	-22.789056	0.000000
0	0	271	524.799000	10.908500	-38.157200	-84.164600	-37.022830	0.000000
0	0	272	518.473000	74.239600	-59.815900	-101.246000	-19.429443	0.000000
0	0	273	530.441000	20.894900	-31.200900	-64.806100	-28.095107	0.000000
0	0	274	570.969000	33.225100	-59.988600	-119.184000	-30.509911	0.000000
0	0	275	498.836000	55.036000	-56.926200	-39.208600	-22.983602	0.000000
0	0	276	541.035000	18.208900	-59.392800	-69.084300	-36.477641	0.000000
0	0	277	490.507000	60.275800	-76.568600	-63.175100	-25.894859	0.000000
0	0	278	430.448000	33.136100	-72.841200	1.879860	-32.769398	0.000000
0	0	279	523.124000	27.392600	-0.954269	-92.878900	-0.997596	0.000000
0	0	280	543.014000	7.380630	-72.283400	-104.502000	-42.084957	0.000000
0	0	281	514.924000	-4.566430	-18.030100	-35.091200	-52.106142	0.000000
0	0	282	498.875000	-5.058870	-61.061200	-9.217590	-47.368046	0.000000
0	0	283	514.554000	-36.227100	-68.020200	16.611600	-59.019732	0.000000
0	0	284	559.802000	-27.987100	-44.114000	-90.666600	-61.196067	0.000000
0	0	285	456.724000	-41.158300	-66.211500	-75.601400	-60.932926	0.000000
0	0	286	485.723000	-18.902000	-84.785000	-4.370710	-51.284006	0.000000
0	0	287	588.803000	-51.976300	-108.066000	-11.674300	-57.843035	4.599330
0	0	288	621.688000	-28.157700	-96.981400	14.151000	-53.095096	0.000000
0	0	289	621.434000	-60.085600	-103.823000	-42.112300	-60.029651	4.610840
0	0	290	635.892000	-41.659900	-105.059000	19.897000	-55.815107	4.868610
0	0	291	564.777000	-12.717600	-134.839000	-1.514860	-47.694011	4.039230
0	0	292	558.330000	-10.383100	-116.817000	9.845710	-47.539650	4.664480
0	0	293	551.631000	-15.037600	-78.047500	-1.367460	-50.452839	0.000000
0	0	294	535.741000	-21.307300	-104.162000	27.813800	-50.780445	5.152900
0	0	295	499.967000	21.703500	-78.223700	33.640100	-37.246549	0.000000
0	0	296	531.213000	10.168900	-67.483300	42.355900	-40.715353	0.000000
0	0	297	575.893000	-11.088300	-88.557700	-19.751400	-48.568428	0.000000
0	0	298	543.128000	50.494400	-65.620500	8.634000	-26.211017	0.000000
0	0	299	476.659000	56.352500	-45.289600	55.510100	-19.394141	0.000000
0	0	300	463.061000	43.439600	-68.845100	22.973000	-28.874531	0.000000
0	0	301	441.683000	46.616200	-32.255300	28.641000	-17.340325	0.000000
0	0	302	495.461000	22.460200	-44.798100	39.122900	-31.686208	0.000000
0	0	303	486.277000	99.278100	-64.397300	29.742200	-16.484843	4.767930
0	0	304	485.390000	56.618500	-8.970900	38.180600	-4.501683	0.000000
0	0	305	472.577000	63.007300	-15.634600	24.676300	-6.967936	0.000000
0	0	306	422.910000	96.900100	-17.570000	33.914300	-5.138628	0.000000
0	0	307	400.191000	45.280600	-23.296100	76.570800	-13.612526	0.000000
0	0	308	415.454000	62.462600	-38.095800	92.878000	-15.689461	0.000000
0	0	309	433.531000	64.730300	6.945580	77.100900	3.062211	0.000000
0	0	310	385.967000	27.271600	30.887100	68.197700	24.278639	0.000000
0	0	311	429.919000	64.018000	31.643300	88.154900	13.151307	0.000000
0	0	312	476.234000	52.577200	32.583200	80.368300	15.893684	0.000000
0	0	313	474.129000	82.480100	50.341500	105.899000	15.698844	0.000000
0	0	314	434.037000	31.755400	5.935860	94.454000	5.293897	0.000000
0	0	315	458.412000	44.743000	73.288700	145.207000	29.297897	0.000000
0	0	316	486.346000	65.896900	21.557200	142.181000	9.057373	0.000000
0	0	317	471.192000	51.604600	60.315500	139.710000	24.725220	0.000000
0	0	318	507.283000	46.915900	26.859100	126.256000	14.895452	0.000000
0	0	319	465.891000	61.663600	65.881400	94.663300	23.447015	0.000000
0	0	320	419.203000	-20.914500	77.781500	89.236800	52.525083	0.000000
0	0	321	412.099000	-3.930640	91.189000	73.450500	46.234084	0.000000
0	0	322	441.914000	18.398300	66.031400	37.823100	37.215296	0.000000
0	0	323	396.732000	22.066300	106.851000	52.102100	39.165807	5.021420
0	0	324	419.466000	19.992500	113.900000	57.548100	40.022236	4.735280
0	0	325	466.674000	-13.704000	113.321000	85.345700	48.447671	4.793890
0	0	326	451.045000	8.653920	106.256000	72.449500	42.671938	5.131040
0	0	327	389.583000	27.921500	114.219000	30.427100	38.131558	4.662730
0	0	328	372.408000	-19.169000	122.563000	-31.338600	49.444558	4.412980
0	0	329	328.884000	-12.586000	106.787000	-15.896700	48.360958	5.088880
0	0	330	375.571000	-30.383800	111.318000	-30.859800	52.633391	4.754140
0	0	331	383.375000	-46.725400	83.397500	29.212100	59.630375	0.000000
0	0	332	400.334000	-20.743900	127.375000	-6.420270	49.624904	4.242360
0	0	333	396.640000	-25.955200	100.063000	2.457410	52.270699	5.305200
0	0	334	371.066000	-38.138400	102.757000	-14.556900	55.181238	5.016800
0	0	335	348.205000	-16.162600	49.589200	-32.505600	54.026167	0.000000
0	0	336	373.776000	-26.004100	110.811000	16.115000	51.603336	4.815910
0	0	337	385.578000	-61.934800	89.150800	-20.996100	62.394231	5.112190
0	0	338	359.486000	-100.066000	86.349100	-3.208460	69.604193	4.244690
0	0	339	367.222000	-33.071200	93.905800	-11.708700	54.700474	0.000000
0	0	340	363.473000	-52.479100	23.878600	-23.887300	77.766957	0.000000
0	0	341	361.674000	-81.910000	106.205000	-7.042140	63.820500	4.146330
0	0	342	352.738000	-120.457000	42.842800	-48.138900	80.210556	4.447930
0	0	343	343.089000	-107.765000	46.435700	-34.255800	78.344448	4.836990
0	0	344	387.188000	-126.803000	47.297100	-53.983700	79.772325	4.200090
0	0	345	397.616000	-131.095000	71.011100	-78.440000	75.778315	3.795590
0	0	346	402.670000	-146.805000	18.866100	-41.649300	86.338491	3.857610
0	0	347	399.991000	-151.075000	9.243610	-76.563400	88.249345	3.774330
0	0	348	387.410000	-113.008000	-13.302000	-57.125600	-86.643346	5.018420
0	0	349	371.517000	-112.442000	57.378100	-60.049900	76.482602	4.486730
0	0	350	368.771000	-142.911000	-2.258120	-84.226300	-89.547376	3.997500
0	0	351	411.178000	-149.805000	-17.085300	-98.631500	-86.746757	3.787430
0	0	352	413.526000	-157.444000	-40.715400	-99.671000	-82.750407	3.504150
0	0	353	435.403000	-117.874000	-84.082100	-100.818000	-72.249453	3.889880
0	0	354	384.269000	-101.580000	-32.282400	-110.109000	-81.184801	5.339880
0	0	355	386.000000	-88.651100	-43.904500	-128.221000	-76.826532	0.000000
0	0	356	387.309000	-139.134000	-48.055500	-87.027300	-80.472798	3.864160
0	0	357	387.488000	-115.993000	-35.207400	-97.307800	-81.557681	4.696750
0	0	358	407.116000	-93.295400	-51.331300	-132.147000	-75.590164	5.313080
0	0	359	424.309000	-112.076000	-69.662500	-126.632000	-74.068185	4.278780
0	0	360	374.614000	-95.885700	-58.151100	-147.765000	-74.382376	5.037180
0	0	361	424.170000	-97.553700	-62.873200	-115.235000	-73.599143	4.861980
0	0	362	352.588000	-85.632900	-26.172200	-111.329000	-81.502572	0.000000
0	0	363	353.775000	-87.618500	-94.367100	-116.099000	-66.438132	4.335810
0	0	364	352.156000	-91.929100	-47.817100	-114.438000	-76.259358	5.464410
0	0	365	356.304000	-77.920800	-74.933400	-151.357000	-68.059826	5.177530
0	0	366	325.876000	-72.035500	-51.382000	-120.593000	-72.250111	0.000000
0	0	367	432.117000	-68.054400	-36.030000	-123.066000	-76.050970	0.000000
0	0	368	355.530000	-51.971800	-56.463000	-120.769000	-66.314127	0.000000
0	0	369	356.227000	-52.451400	0.063340	-123.712000	89.965405	0.000000
0	0	370	361.718000	-52.219300	-30.092200	-121.267000	-75.023310	0.000000
0	0	371	349.722000	-61.913700	0.639436	-129.010000	89.704139	0.000000
0	0	372	296.808000	-45.565600	-16.207500	-101.637000	-80.209866	0.000000
0	0	373	295.397000	-55.092300	-38.415700	-125.658000	-72.556024	0.000000
0	0	374	309.293000	-45.368300	-4.369300	-127.869000	-87.249481	0.000000
0	0	375	325.214000	-72.682000	-29.051200	-101.842000	-79.106635	0.000000
0	0	376	324.044000	-27.081100	-32.737900	-121.592000	-64.798937	0.000000
0	0	377	316.532000	-35.429600	-31.623900	-132.097000	-69.124202	0.000000
0	0	378	274.027000	-43.807400	33.686200	-161.549000	71.220553	0.000000
0	0	379	350.984000	-5.926950	-42.559600	-139.884000	-48.964077	0.000000
0	0	380	269.813000	-31.776500	26.733500	-139.790000	69.963086	0.000000
0	0	381	270.217000	-8.771080	-0.770500	-98.899700	-87.489855	0.000000
0	0	382	248.283000	-52.803100	-1.890610	-75.330400	-88.974703	0.000000
0	0	383	253.836000	-37.748200	29.166700	-94.615300	71.154003	0.000000
0	0	384	209.754000	-23.424400	-1.710780	-99.913800	-87.911435	0.000000
0	0	385	249.604000	24.911200	16.019300	-117.484000	16.371646	0.000000
0	0	386	268.404000	-31.700700	-9.119800	-111.771000	-81.975147	0.000000
0	0	387	282.818000	-28.738600	37.555300	-113.490000	63.712226	0.000000
0	0	388	218.636000	-0.252978	28.966300	-70.270400	45.250191	0.000000
0	0	389	222.125000	-31.411500	9.261170	-91.040600	81.786352	0.000000
0	0	390	201.759000	34.045800	37.329300	-80.339600	23.816973	0.000000
0	0	391	257.266000	-23.295300	10.709500	-72.312800	77.655219	0.000000
0	0	392	185.452000	-21.419700	3.952160	-65.460500	84.772951	0.000000
0	0	393	205.022000	-0.573828	-14.236900	-77.771500	-46.154048	0.000000
0	0	394	237.833000	-20.702100	-6.553180	-55.690300	-81.217496	0.000000
0	0	395	205.683000	-6.565140	-16.865500	-71.342500	-55.634598	0.000000
0	0	396	161.272000	-41.374400	0.565851	-28.736800	89.608226	0.000000
0	0	397	207.096000	-23.010500	9.649570	-57.616100	78.624506	0.000000
0	0	398	206.167000	-22.278500	26.036400	-75.821000	65.276264	0.000000
0	0	399	203.853000	-19.222900	-10.040400	-92.416000	-76.210640	0.000000
0	0	400	166.927000	-0.615878	11.459500	-76.096100	46.538169	0.000000
0	0	401	224.181000	-7.674510	7.491870	-82.754900	67.844973	0.000000
0	0	402	206.500000	-25.571500	41.097900	-84.989700	60.945131	0.000000
0	0	403	242.339000	14.009900	28.696400	-91.024900	31.988929	0.000000
0	0	404	200.755000	-2.479850	29.985100	-73.917100	47.363879	0.000000
0	0	405	183.971000	-11.641000	35.120100	-42.242300	54.169214	0.000000
0	0	406	210.799000	2.119180	44.122600	-92.831900	43.625117	0.000000
0	0	407	210.953000	-17.326000	22.358200	-34.892300	63.886557	0.000000
0	0	408	135.194000	-2.262040	9.507250	-43.748000	51.691712	0.000000
0	0	409	170.488000	0.357931	29.116900	-45.362600	44.647852	0.000000
0	0	410	196.792000	19.538900	-5.418600	-20.166900	-7.749977	0.000000
0	0	411	202.531000	19.261100	8.088060	-32.727500	11.389177	0.000000
0	0	412	164.028000	-5.062600	38.721400	-66.324000	48.724421	0.000000
0	0	413	187.406000	22.993200	-0.379690	-60.694700	-0.473024	0.000000
0	0	414	174.642000	13.349000	26.807300	-44.943100	31.764234	0.000000
0	0	415	196.956000	36.729900	42.061400	-72.980800	24.435540	0.000000
0	0	416	159.128000	-3.024270	-7.837320	-54.813200	-55.550318	0.000000
0	0	417	199.217000	-1.849620	27.871600	-74.148900	46.898353	0.000000
0	0	418	178.547000	20.899500	-7.328440	-83.832900	-9.661646	0.000000
0	0	419	171.766000	-5.399710	25.341600	-66.899000	51.014261	0.000000
0	0	420	140.170000	2.123500	-20.240600	-73.139100	-42.005422	0.000000
0	0	421	199.741000	8.879960	-2.723310	-33.259100	-8.524876	0.000000
0	0	422	176.478000	3.251870	16.964100	-70.724000	39.574268	0.000000
0	0	423	122.000000	-44.586500	-21.060400	-33.729900	-77.358163	0.000000
0	0	424	179.992000	-11.064600	0.004204	-36.337800	89.989115	0.000000
0	0	425	165.373000	23.435200	-17.906800	-3.274310	-18.691695	0.000000
0	0	426	161.240000	3.581140	-5.177280	-83.352800	-27.664137	0.000000
0	0	427	144.648000	-10.280600	13.392700	-27.242700	63.755411	0.000000
0	0	428	159.934000	-17.025300	-5.931330	-57.582300	-80.396259	0.000000
0	0	429	143.931000	-4.593150	11.710800	-43.623000	55.707925	0.000000
0	0	430	115.892000	9.589600	-11.343800	-21.667500	-24.895071	0.000000
0	0	431	130.271000	-2.273640	-13.957200	-24.899700	-49.626131	0.000000
0	0	432	104.682000	-9.473820	-4.058090	-36.758800	-78.406117	0.000000
0	0	433	125.799000	13.087700	8.859250	-24.968600	17.047315	0.000000
0	0	434	153.961000	16.489000	4.244030	-2.775080	7.216907	0.000000
0	0	435	123.074000	5.040990	5.823300	-29.631000	24.559308	0.000000
0	0	436	123.314000	18.790600	19.753700	-40.245300	23.215671	0.000000
0	0	437	130.868000	-11.953000	-13.625000	-45.593300	-65.629986	0.000000
0	0	438	111.173000	19.899600	-21.218700	-62.362400	-23.418727	0.000000
0	0	439	97.339800	-34.853100	8.951370	-7.965070	82.797984	0.000000
0	0	440	104.101000	10.221300	32.208800	-26.456300	36.196714	0.000000
0	0	441	141.752000	33.671200	28.778700	-31.350200	20.260219	0.000000
0	0	442	111.000000	27.346500	8.772550	-77.661400	8.892924	0.000000
0	0	443	77.801900	-1.137940	-15.383500	-32.421500	-47.115274	0.000000
0	0	444	128.110000	-4.436510	30.933900	-21.241900	49.080825	0.000000
0	0	445	135.431000	1.548040	61.434800	-2.179440	44.278280	0.000000
0	0	446	120.038000	32.637500	-0.024566	-54.563900	-0.021563	0.000000
0	0	447	141.450000	35.042200	42.888700	-48.788000	25.374735	0.000000
0	0	448	87.427200	-9.753970	-18.496400	-16.441600	-58.902332	0.000000
0	0	449	137.253000	3.933410	-18.385600	-68.697300	-38.962099	0.000000
0	0	450	97.317900	-1.130300	-29.629300	-44.606600	-46.092331	0.000000
0	0	451	133.327000	-12.808800	19.908800	-45.493800	61.378083	0.000000
0	0	452	116.715000	-23.905800	12.741800	-42.828600	75.971184	0.000000
0	0	453	132.989000	-57.333600	15.683800	-8.110130	82.350418	0.000000
0	0	454	105.653000	-8.522750	-20.130800	-24.249500	-56.473138	0.000000
0	0	455	59.953600	1.542700	21.290700	1.721850	42.927828	0.000000
0	0	456	96.235500	-33.102800	-1.431180	-19.197700	-88.762196	0.000000
0	0	457	84.820300	-8.881690	-17.194300	-38.370900	-58.659274	0.000000
0	0	458	106.221000	2.741110	-12.552300	-27.590000	-38.840706	0.000000
0	0	459	93.380800	-16.730600	-37.914800	-1.493770	-56.905174	0.000000
0	0	460	67.307400	-13.017700	13.450500	-10.398500	67.031600	0.000000
0	0	461	64.720100	0.025718	-20.494500	-19.277800	-44.964050	0.000000
0	0	462	87.008300	2.730940	10.591200	-2.719690	37.770617	0.000000
0	0	463	77.259000	15.680000	5.086250	-10.176300	8.985966	0.000000
0	0	464	68.903400	14.003500	-18.492000	-4.674620	-26.432161	0.000000
0	0	465	105.816000	11.354700	-3.381500	-16.224000	-8.291929	0.000000
0	0	466	72.792500	-14.303000	11.760200	-14.810600	70.286152	0.000000
0	0	467	66.052800	9.775990	-7.382050	-22.219500	-18.528600	0.000000
0	0	468	86.776400	-9.148310	-8.561280	-24.469800	-68.449261	0.000000
0	0	469	75.888200	-57.146400	6.926410	-2.206510	86.544597	0.000000
0	0	470	102.784000	-14.043500	8.176980	25.148300	74.894716	0.000000
0	0	471	57.252600	-11.072300	-4.013460	16.577000	-80.037779	0.000000
0	0	472	66.274300	-14.984800	8.126780	-0.308993	75.763739	0.000000
0	0	473	65.337100	1.101220	10.674000	-15.951600	42.054861	0.000000
0	0	474	75.018100	19.424600	-14.806700	3.003840	-18.658509	0.000000
0	0	475	90.560100	24.011900	-5.865180	-30.565400	-6.863185	0.000000
0	0	476	94.582300	-33.935100	-18.678600	-32.796800	-75.585340	0.000000
0	0	477	91.844000	27.907000	-36.692500	-69.781100	-26.372341	0.000000
0	0	478	52.445500	-24.256900	29.233200	-4.221830	64.842474	0.000000
0	0	479	74.941200	10.278800	-0.984514	-33.655800	-2.735579	0.000000
0	0	480	92.070800	8.640150	-3.778350	-30.746900	-11.809914	0.000000
0	0	481	61.435200	3.898550	5.997820	-10.797600	28.488177	0.000000
0	0	482	61.780300	-7.626390	0.485456	0.758980	88.178883	0.000000
0	0	483	41.070000	-7.113230	-29.720400	-6.576490	-51.729940	0.000000
0	0	484	102.008000	27.831700	-0.065180	-0.235302	-0.067091	0.000000
0	0	485	66.387100	26.895500	4.618500	-32.116900	4.871904	0.000000
0	0	486	54.458600	9.587690	-15.204300	12.335000	-28.882425	0.000000
0	0	487	63.520700	10.193900	2.981160	31.346800	8.150660	0.000000
0	0	488	78.407000	-2.501450	3.411310	9.540300	63.125950	0.000000
0	0	489	67.424000	15.412200	33.096800	-9.843140	32.514999	0.000000
0	0	490	56.036600	-12.544300	-7.172490	19.937900	-75.120126	0.000000
0	0	491	57.972700	35.901900	-3.228190	4.792330	-2.569023	0.000000
0	0	492	66.370800	-5.066890	-20.143500	9.690440	-52.059621	0.000000
0	0	493	69.833500	30.661000	6.431550	-2.925260	5.923392	0.000000
0	0	494	59.880400	-17.754000	-8.956180	-13.982100	-76.615445	0.000000
0	0	495	85.321400	6.892350	-14.927600	-7.311350	-32.608177	0.000000
0	0	496	64.204400	-19.646700	-26.052200	-3.910020	-63.510489	0.000000
0	0	497	64.981900	16.002900	-5.517950	8.940380	-9.512337	0.000000
0	0	498	51.458400	5.508450	-11.230700	15.590400	-31.936453	0.000000
0	0	499	67.918900	-9.363210	4.930650	-6.124700	76.114394	0.000000
0	0	500	66.574500	0.725165	26.433500	2.028260	44.214283	0.000000
0	0	501	32.316500	-0.581501	-0.950347	-11.867900	-60.730874	0.000000
0	0	502	91.351900	26.761500	-1.302990	5.540990	-1.393736	0.000000
0	0	503	63.482100	5.150100	-17.604400	22.124500	-36.846682	0.000000
0	0	504	61.897400	45.148500	8.127500	-39.889800	5.102460	0.000000
0	0	505	46.084100	20.577700	-20.978000	-45.382400	-22.775952	0.000000
0	0	506	29.348800	21.314100	19.277400	-37.475600	21.063781	0.000000
0	0	507	61.573500	-17.611700	-22.640900	-3.391670	-63.939156	0.000000
0	0	508	63.982300	-21.353100	20.063100	-26.465400	68.392014	0.000000
0	0	509	41.117000	2.160800	-7.428140	-1.117090	-36.890307	0.000000
0	0	510	38.632000	4.584630	-20.644200	-8.227520	-38.739524	0.000000
0	0	511	50.420900	10.665400	-6.804980	-10.820400	-16.269806	0.000000
0	0	512	27.736300	16.468000	13.685100	3.264870	19.863488	0.000000
0	0	513	5.800670	-26.376700	-2.690760	17.223500	-87.087624	0.000000
0	0	514	42.994800	-13.658300	-0.345354	2.482360	-89.275784	0.000000
0	0	515	73.896900	13.964900	-7.471710	-3.830830	-14.074170	0.000000
0	0	516	81.613900	3.770380	7.760460	13.951000	32.043718	0.000000
0	0	517	18.738300	-4.601740	10.082500	12.191700	57.266183	0.000000
0	0	518	69.315400	-16.952200	-4.970530	-10.535600	-81.829206	0.000000
0	0	519	48.291300	0.355606	-27.651300	-34.311500	-44.631598	0.000000
0	0	520	58.674100	13.740300	11.044200	-20.391600	19.395840	0.000000
0	0	521	-0.591104	13.900800	2.227050	28.132900	4.551010	0.000000
0	0	522	68.478400	17.556000	-1.735310	-27.233400	-2.822511	0.000000
0	0	523	40.851200	23.624500	-6.738500	-25.969800	-7.959964	0.000000
0	0	524	26.428000	-14.102500	-23.185600	-15.409700	-60.654902	0.000000
0	0	525	42.559700	-11.125000	-21.957900	-17.577100	-58.434558	0.000000
0	0	526	34.048300	14.258200	-24.184400	17.327500	-29.739010	0.000000
0	0	527	29.813100	-1.545010	7.988500	-44.556200	50.473052	0.000000
0	0	528	54.227700	9.151110	10.705600	0.175392	24.738146	0.000000
0	0	529	34.580100	3.421480	19.546200	-18.962700	40.035604	0.000000
0	0	530	24.613200	14.317700	-31.116000	-7.290120	-32.645487	0.000000
0	0	531	34.734700	-2.997560	-0.955767	14.471800	-81.157602	0.000000
0	0	532	32.253700	-53.370700	7.547250	16.798100	85.975533	0.000000
0	0	533	29.800300	-52.223500	2.162540	34.125800	88.814388	0.000000
0	0	534	47.080500	55.174600	-0.871615	17.757900	-0.452524	0.000000
0	0	535	20.450400	7.117030	10.994800	-24.015900	28.542333	0.000000
0	0	536	49.562500	13.127800	-6.268180	5.353400	-12.761625	0.000000
0	0	537	57.001000	-10.336000	-11.499400	12.937600	-65.975069	0.000000
0	0	538	50.660100	13.383700	-9.595800	-18.774500	-17.819819	0.000000
0	0	539	-4.966790	-22.145000	-5.015700	9.413780	-83.619096	0.000000
0	0	540	11.619800	6.585550	31.210000	-29.051200	39.042467	0.000000
0	0	541	44.578400	-14.941200	-31.102800	-24.138500	-57.829377	0.000000
0	0	542	36.072700	-59.389400	12.501200	7.409550	84.056517	0.000000
0	0	543	47.750500	-1.460450	-0.363606	12.057100	-83.009698	0.000000
0	0	544	31.094000	26.740900	-18.371800	-28.047700	-17.245116	0.000000
0	0	545	4.791700	-37.276000	-3.641080	6.703810	-87.210554	0.000000
0	0	546	32.205300	8.150360	-32.979800	-15.423200	-38.059263	0.000000
0	0	547	34.706600	-1.487620	-24.717900	9.108000	-46.722065	0.000000
0	0	548	40.046100	-21.891300	52.344100	-34.229900	56.347805	0.000000
0	0	549	38.057100	-14.090000	-34.175900	7.192700	-56.202659	0.000000
0	0	550	58.408000	3.052870	-17.381100	-12.629400	-40.019004	0.000000
0	0	551	58.593400	-9.000730	-3.748970	-3.467820	-78.693686	0.000000
0	0	552	39.871300	-2.289590	6.051200	8.581000	55.362559	0.000000
0	0	553	24.905300	-14.014000	22.727900	-28.867200	60.828971	0.000000
0	0	554	33.998300	-31.711800	-1.277930	16.177400	-88.846165	0.000000
0	0	555	7.862750	30.080200	13.582400	35.731100	12.150529	0.000000
0	0	556	25.494500	-18.521800	-4.859630	2.204340	-82.649238	0.000000
0	0	557	32.315300	20.067200	27.304000	-3.454990	26.842902	0.000000
0	0	558	18.135800	-48.715300	-16.433600	10.680600	-80.679356	0.000000
0	0	559	46.755100	-17.655800	-1.648660	10.726200	-87.332657	0.000000
0	0	560	9.383110	-25.910400	-45.423800	21.682100	-59.850534	0.000000
0	0	561	58.956100	-4.620540	20.086700	-36.960100	51.477194	0.000000
0	0	562	62.150200	-33.120700	13.838700	9.035700	78.661772	0.000000
0	0	563	54.263500	24.574500	-6.002510	-5.323770	-6.863085	0.000000
0	0	564	36.168600	15.040300	16.491300	-16.475500	23.817370	0.000000
0	0	565	23.430300	-10.478400	-36.532900	-5.638120	-53.001999	0.000000
0	0	566	35.257300	-3.845990	-14.678500	-12.669600	-52.341157	0.000000
0	0	567	31.391000	17.428800	-44.565500	-4.948200	-34.320194	0.000000
0	0	568	43.771300	-19.857100	-15.016900	1.509860	-71.450832	0.000000
0	0	569	11.963900	25.639500	-40.663700	-22.285400	-28.883762	0.000000
0	0	570	17.450700	28.671700	14.772300	5.534250	13.629267	0.000000
0	0	571	4.725220	2.273850	-4.435130	-38.574900	-31.428103	0.000000
0	0	572	34.904200	0.304749	-40.708600	-6.450770	-44.785543	0.000000
0	0	573	17.185000	-15.106500	-4.846340	-0.385328	-81.106579	0.000000
0	0	574	6.162800	-8.803350	-24.796400	21.129700	-54.773075	0.000000
0	0	575	29.493600	-18.875400	12.450500	-0.508833	73.295275	0.000000
0	0	576	26.400000	-6.321960	-10.000200	-2.416750	-61.150196	0.000000
0	0	577	59.076000	3.984520	-15.733900	11.940800	-37.894471	0.000000
0	0	578	16.573700	-16.507800	-12.436000	2.352450	-71.503896	0.000000
0	0	579	48.681900	5.113500	-27.977900	-10.100000	-39.821207	0.000000
0	0	580	26.161200	-18.423500	4.464230	-13.131900	83.189547	0.000000
0	0	581	19.172800	-1.337500	-2.484950	-20.893300	-59.145462	0.000000
0	0	582	27.115000	13.197400	-33.735400	7.852730	-34.317199	0.000000
0	0	583	43.251900	16.359300	0.998167	-24.788900	1.745794	0.000000
0	0	584	2.337530	-7.643590	15.887100	-3.648110	57.846552	0.000000
0	0	585	24.683300	15.804400	12.110700	-17.962000	18.731231	0.000000
0	0	586	54.284100	11.446700	-26.938200	6.792550	-33.489087	0.000000
0	0	587	4.423840	13.830200	6.149640	-12.254000	11.986233	0.000000
0	0	588	-7.563860	4.202420	-16.898400	-13.649200	-38.017279	0.000000
0	0	589	51.093500	0.564321	26.153700	-20.235500	44.381958	0.000000
0	0	590	64.199700	-1.702900	-30.495500	6.130610	-46.598068	0.000000
0	0	591	15.980300	-26.431800	2.003690	4.524380	87.832463	0.000000
0	0	592	-11.848100	-7.697790	3.379730	31.259000	78.148014	0.000000
0	0	593	-33.057600	-45.303300	-12.745000	-8.733610	-82.143661	0.000000
0	0	594	-27.779700	18.486700	-4.939210	0.127545	-7.479340	0.000000
0	0	595	7.983840	-34.435500	1.724010	-5.640310	88.566943	0.000000
0	0	596	-7.650530	-17.688900	1.631850	-9.691030	87.364612	0.000000
0	0	597	14.782200	14.837900	1.925050	-16.347700	3.696095	0.000000
0	0	598	-14.628000	21.657900	10.164800	-26.631700	12.571143	0.000000
0	0	599	15.589800	6.970190	34.794200	-11.084700	39.336049	0.000000
0	0	600	9.044920	-19.420000	7.049760	12.206800	80.024160	0.000000
0	0	601	41.869800	8.792020	36.649100	-0.183897	38.254915	0.000000
0	0	602	6.540790	-0.483062	9.051060	-13.987900	46.527511	0.000000
0	0	603	15.209300	-15.241600	23.434100	-43.712200	61.520041	0.000000
0	0	604	-18.206000	-24.586200	-14.399500	-36.514600	-74.821800	0.000000
0	0	605	16.505500	-3.935520	14.661300	-27.107300	52.512827	0.000000
0	0	606	-6.964230	-3.037260	30.380700	13.737800	47.854540	0.000000
0	0	607	-14.556000	-26.002600	1.073920	35.018700	88.817500	0.000000
0	0	608	-3.899820	-23.756200	17.238200	29.279400	72.017127	0.000000
0	0	609	28.279500	-6.072220	9.214490	7.763100	61.692162	0.000000
0	0	610	17.315300	41.490800	-17.423700	11.953300	-11.389773	0.000000
0	0	611	-5.656970	-44.215300	-22.126000	-17.915100	-76.707965	0.000000
0	0	612	17.650700	-2.025960	1.421570	-15.901200	72.471768	0.000000
0	0	613	17.248200	1.688990	23.751700	-0.056458	42.966264	0.000000
0	0	614	-33.945600	19.143900	26.018200	-28.025400	26.827391	0.000000
0	0	615	-12.710900	20.388000	-23.189200	3.240310	-24.338994	0.000000
0	0	616	-10.638600	-12.873400	12.184900	2.509830	68.286929	0.000000
0	0	617	-4.006640	-7.242940	-11.883000	-15.281400	-60.681596	0.000000
0	0	618	-5.632050	5.531150	-34.119200	-16.487500	-40.395872	0.000000
0	0	619	34.974700	10.807400	-25.034200	8.714090	-33.324940	0.000000
0	0	620	-22.788400	-28.973700	17.759900	8.856450	74.246554	0.000000
0	0	621	-17.998900	37.732600	33.881000	49.166300	20.960711	0.000000
0	0	622	13.696200	3.258170	-13.478000	14.845000	-38.205023	0.000000
0	0	623	27.717100	-26.732400	-26.168000	12.149900	-67.805636	0.000000
0	0	624	-40.243200	-10.175800	-26.236000	2.273240	-55.599550	0.000000
0	0	625	8.791670	3.356390	1.648770	9.785720	13.080900	0.000000
0	0	626	-7.713250	3.091280	12.572000	-29.417300	38.092907	0.000000
0	0	627	-3.498160	29.368400	-38.118600	-3.186870	-26.193809	0.000000
0	0	628	14.379400	21.640700	-40.365900	38.909100	-30.901822	0.000000
0	0	629	-15.395000	-6.243610	-20.214600	-13.489200	-53.582080	0.000000
0	0	630	-13.033800	6.983820	-15.509000	13.943800	-32.878801	0.000000
0	0	631	-9.509570	-4.195510	7.134640	-19.291600	60.228784	0.000000
0	0	632	56.832700	-27.786300	0.020904	0.292396	89.978448	0.000000
0	0	633	-5.010690	-3.165660	-23.928300	-28.372000	-48.768168	0.000000
0	0	634	3.107470	-22.132400	-16.268200	-13.212600	-71.841312	0.000000
0	0	635	-29.697800	0.519996	-5.616360	-22.692400	-42.355148	0.000000
0	0	636	23.158300	19.828000	24.767700	-13.643400	25.660337	0.000000
0	0	637	16.965300	-20.450100	-26.517500	18.229000	-63.819572	0.000000
0	0	638	2.316040	6.893630	-7.420780	0.384828	-23.554526	0.000000
0	0	639	13.707300	-14.353900	0.006630	19.292300	89.986767	0.000000
0	0	640	22.100200	-7.325270	33.809800	-8.766810	51.112410	0.000000
0	0	641	-16.417400	13.802500	-7.323470	28.339500	-13.974990	0.000000
0	0	642	-46.520100	18.558900	1.695990	19.739400	2.610713	0.000000
0	0	643	1.927630	-18.678500	25.769200	-2.860340	62.968017	0.000000
0	0	644	25.878600	10.526600	0.413349	12.862400	1.124342	0.000000
0	0	645	29.899500	11.207400	-9.789450	-0.728916	-20.568296	0.000000
0	0	646	-4.655670	10.752800	-2.544380	-11.481900	-6.656373	0.000000
0	0	647	-25.739400	19.595700	-8.103470	-6.908780	-11.233356	0.000000
0	0	648	12.854200	10.949500	11.685500	-1.372190	23.431187	0.000000
0	0	649	19.089900	7.272220	13.435700	18.925400	30.787523	0.000000
0	0	650	-13.011800	-11.489900	16.727600	-3.050940	62.242251	0.000000
0	0	651	28.720500	10.094400	-13.292500	-10.987900	-26.393378	0.000000
0	0	652	0.430930	4.689420	22.773400	-18.806900	39.182243	0.000000
0	0	653	-22.827100	21.979200	-29.070700	9.440270	-26.454262	0.000000
0	0	654	1.526740	51.923000	40.144700	-9.487770	18.854851	0.000000
0	0	655	18.010300	32.455400	9.985770	9.767060	8.550956	0.000000
0	0	656	31.404100	4.482100	6.227320	-1.002520	27.127815	0.000000
0	0	657	-3.752910	17.240700	5.915660	16.562800	9.469106	0.000000
0	0	658	30.034300	-30.513900	18.393300	12.998400	74.459543	0.000000
0	0	659	3.912190	-11.340600	-33.003200	-4.629110	-54.481904	0.000000
0	0	660	-14.597200	9.399570	24.214600	-2.392320	34.392447	0.000000
0	0	661	4.434700	-2.891960	-1.110220	8.676810	-79.499132	0.000000
0	0	662	9.633000	-1.816440	15.706800	4.863350	48.298382	0.000000
0	0	663	-19.995700	18.289000	7.090710	-30.693000	10.595744	0.000000
0	0	664	-8.714390	-7.782420	46.105800	-18.956800	49.790460	0.000000
0	0	665	-14.160200	-25.560600	-14.412800	23.461200	-75.291374	0.000000
0	0	666	-14.119000	5.036770	20.971400	-23.463700	38.247440	0.000000
0	0	667	-36.353800	-30.594900	17.888000	45.678600	74.843172	0.000000
0	0	668	29.925900	-16.021000	14.711100	-22.536800	68.720326	0.000000
0	0	669	3.923370	-9.527190	-17.799100	1.940280	-59.079236	0.000000
0	0	670	25.519000	38.104900	-5.158190	10.804900	-3.854581	0.000000
0	0	671	-19.650000	2.823070	-13.122200	-38.530600	-38.929310	0.000000
0	0	672	-5.162820	-9.498480	-11.370600	-3.606740	-64.936921	0.000000
0	0	673	18.130200	-28.535200	35.166300	-2.000700	64.528558	0.000000
0	0	674	-22.630600	-28.788000	-3.823190	-13.969800	-86.217551	0.000000
0	0	675	6.765440	-8.966410	-0.324094	-4.905280	-88.964963	0.000000
0	0	676	-10.839400	3.056030	-12.366000	6.929630	-38.059269	0.000000
0	0	677	12.675500	-23.587600	-21.479500	7.446930	-68.839084	0.000000
0	0	678	-14.636300	12.610100	35.272400	16.657800	35.163859	0.000000
0	0	679	-21.727800	14.333500	0.805624	-0.163526	1.608482	0.000000
0	0	680	-20.682600	-8.757510	-25.531800	22.521900	-54.466087	0.000000
0	0	681	-13.175700	-0.499870	-22.861200	9.531500	-45.626299	0.000000
0	0	682	0.749048	8.623860	1.298660	-15.339600	4.281889	0.000000
0	0	683	5.286000	36.782900	-9.554030	-23.534300	-7.280160	0.000000
0	0	684	-12.069600	4.098520	-18.009800	4.635270	-38.589724	0.000000
0	0	685	30.805700	20.518300	-2.968130	16.535800	-4.115589	0.000000
0	0	686	4.262710	8.138460	17.494300	15.903100	32.525925	0.000000
0	0	687	0.998282	0.069231	10.010800	9.947100	44.801884	0.000000
0	0	688	-0.256010	1.168290	29.499900	-6.661580	43.866045	0.000000
0	0	689	7.125060	-27.920400	1.298930	-8.581690	88.668186	0.000000
0	0	690	-12.486800	-2.790290	-3.812960	24.798900	-63.098166	0.000000
0	0	691	-4.415150	1.638670	16.234200	4.300910	42.118061	0.000000
0	0	692	-28.134500	22.071100	-7.207240	-23.023600	-9.042133	0.000000
0	0	693	-1.665730	-19.729900	9.939960	11.879900	76.630475	0.000000
0	0	694	9.330870	11.783500	-9.089780	4.282740	-18.823279	0.000000
0	0	695	-2.708400	1.652790	-1.289650	-9.837900	-18.982221	0.000000
0	0	696	-5.448890	-6.920700	6.767470	-15.950200	67.820681	0.000000
0	0	697	-32.947300	21.322300	-31.395900	-2.780640	-27.908948	0.000000
0	0	698	-20.115500	18.874700	-33.366800	-6.287700	-30.252164	0.000000
0	0	699	-12.935000	-1.829810	7.848870	-29.622300	51.561497	0.000000
0	0	700	8.187970	-16.295900	-10.826600	20.898800	-73.200451	0.000000
0	0	701	18.632900	-8.845060	-8.020870	-19.309200	-68.898828	0.000000
0	0	702	-16.138100	-24.674500	26.405300	16.020000	66.529659	0.000000
0	0	703	7.157480	-50.954700	10.358900	34.213200	84.254293	0.000000
0	0	704	6.411250	18.519700	-17.880000	1.380290	-21.996585	0.000000
0	0	705	39.938700	-12.964400	-11.042300	0.531482	-69.788815	0.000000
0	0	706	10.184600	14.901400	4.443840	24.377700	8.302718	0.000000
0	0	707	-22.828000	4.750980	44.849600	-8.466360	41.976565	0.000000
0	0	708	10.567300	3.358130	-0.888626	-2.063670	-7.410922	0.000000
0	0	709	-2.306090	-12.613800	-17.552100	-43.758100	-62.851439	0.000000
0	0	710	5.088430	15.969100	-12.527500	0.685422	-19.056805	0.000000
0	0	711	37.791300	27.105000	-25.785400	-18.625900	-21.785392	0.000000
0	0	712	-9.080630	-4.395570	-0.537444	35.259500	-86.514538	0.000000
0	0	713	-0.153441	-10.783900	10.864200	-21.630700	67.393736	0.000000
0	0	714	-1.036430	21.168300	-0.368829	33.519500	-0.499100	0.000000
0	0	715	-11.561800	22.874300	-14.426800	-16.328700	-16.119796	0.000000
0	0	716	-29.474500	-39.191100	9.151060	-12.096400	83.428504	0.000000
0	0	717	-5.269060	13.191500	-21.688800	-0.989026	-29.345658	0.000000
0	0	718	-7.048890	47.089200	9.300290	-3.860800	5.586169	0.000000
0	0	719	11.179200	-7.241920	4.038120	0.041842	75.427905	0.000000
0	0	720	34.292700	-7.203750	-7.129770	-3.841900	-67.647860	0.000000
0	0	721	-18.438500	-7.822800	20.084700	-19.214600	55.640221	0.000000
0	0	722	25.846400	19.537700	-1.431630	-13.632200	-2.095437	0.000000
0	0	723	4.344440	18.859900	-22.975800	-3.329910	-25.309410	0.000000
0	0	724	-6.817890	-5.119010	37.984600	5.558800	48.837623	0.000000
0	0	725	-4.813160	25.411700	-7.419260	22.896700	-8.137909	0.000000
0	0	726	23.491500	4.052910	-45.959900	-37.340200	-42.480244	0.000000
0	0	727	23.733600	36.153900	13.025600	22.856900	9.906590	0.000000
0	0	728	23.684600	6.781920	-26.875200	-32.410200	-37.918588	0.000000
0	0	729	-25.574500	4.206480	4.031060	-3.221440	21.890030	0.000000
0	0	730	-1.094780	28.881900	15.981100	-16.144000	14.478443	0.000000
0	0	731	45.425400	-8.321080	28.548900	-42.399300	53.124847	0.000000
0	0	732	-7.979810	-16.385000	31.245000	12.968000	58.836346	0.000000
0	0	733	10.629800	-11.022400	16.161000	19.030000	62.147717	0.000000
0	0	734	7.078740	-22.500700	0.866337	-16.843900	88.897524	0.000000
0	0	735	-21.642300	5.995300	-15.634400	7.224530	-34.509877	0.000000
0	0	736	7.141600	-10.703700	20.469400	-12.395500	58.802810	0.000000
0	0	737	13.637900	0.570114	-1.805020	9.739590	-36.235662	0.000000
0	0	738	-14.146400	5.482110	-33.585100	13.137100	-40.364673	0.000000
0	0	739	-27.471100	-19.292500	10.457100	18.068800	75.770505	0.000000
0	0	740	12.343700	-13.459500	7.564330	5.877030	75.331859	0.000000
0	0	741	-0.880650	7.354910	-32.458000	6.008010	-38.616256	0.000000
0	0	742	1.047040	24.227300	-37.453800	16.580200	-28.551429	0.000000
0	0	743	-26.808300	-30.219300	18.263800	33.891500	74.426135	0.000000
0	0	744	-19.390100	-11.720200	0.950067	16.431400	87.682801	0.000000
0	0	745	-23.221800	-20.079600	34.122200	-30.049200	60.237586	0.000000
0	0	746	-9.735880	-0.418580	-19.232700	35.248600	-45.623394	0.000000
0	0	747	7.668400	-27.737800	22.146400	27.498000	70.697726	0.000000
0	0	748	-2.234170	5.530350	-26.695200	-17.909400	-39.147901	0.000000
0	0	749	-6.008160	11.494100	4.366860	-24.885000	10.401440	0.000000
0	0	750	9.527110	9.457110	-33.296200	24.221600	-37.071939	0.000000
0	0	751	-5.161650	-4.584480	14.369100	0.907568	53.847675	0.000000
0	0	752	-1.099040	-57.464800	3.114230	11.548500	88.448982	0.000000
0	0	753	-4.540830	-36.212200	34.918700	14.627800	68.020898	0.000000
0	0	754	-5.763410	-3.099540	11.630600	19.779800	52.461216	0.000000
0	0	755	28.729000	-29.662100	20.286400	30.171600	72.815566	0.000000
0	0	756	-47.238500	8.241900	18.338400	-2.438710	32.899615	0.000000
0	0	757	-5.355740	-40.330600	18.021400	-31.695200	77.961455	0.000000
0	0	758	1.521240	16.836200	0.756663	7.326170	1.286646	0.000000
0	0	759	-19.021700	-27.049200	10.757400	-14.954500	79.156203	0.000000
0	0	760	28.387800	1.136640	-18.826300	-9.564680	-43.272477	0.000000
0	0	761	3.879820	14.056000	19.223500	-30.813600	26.913081	0.000000
0	0	762	17.123400	6.894920	-28.022000	-9.909750	-38.088377	0.000000
0	0	763	9.843840	5.339130	-5.314450	-22.972300	-22.433635	0.000000
0	0	764	-6.032900	-1.669750	-0.100133	1.315340	-88.284074	0.000000
0	0	765	26.961400	-25.921300	-13.140600	-2.720950	-76.558814	0.000000
0	0	766	-25.979300	-41.464500	-19.933500	10.678200	-77.162353	0.000000
0	0	767	5.017920	-0.815261	-11.559400	5.761240	-47.017137	0.000000
0	0	768	7.988160	-21.807700	-16.034000	4.117330	-71.837502	0.000000
0	0	769	23.068900	-4.666490	-8.593730	-44.219900	-59.251224	0.000000
0	0	770	20.179200	-7.122710	27.806200	3.826720	52.183848	0.000000
0	0	771	-12.599100	-18.613400	-40.629500	-24.789000	-57.306856	0.000000
0	0	772	5.436040	23.600200	4.927560	-1.185290	5.896768	0.000000
0	0	773	-7.356610	25.930800	3.254560	-15.970000	3.576877	0.000000
0	0	774	-20.798100	-11.238500	8.699770	-43.472300	71.128198	0.000000
0	0	775	14.066200	-23.251800	10.895800	15.560300	77.446099	0.000000
0	0	776	45.254600	32.317800	8.055070	-7.829310	6.997778	0.000000
0	0	777	-22.239300	-24.229100	-19.343700	-1.967660	-70.698654	0.000000
0	0	778	25.472300	25.676200	15.310300	-6.847410	15.403468	0.000000
0	0	779	-0.917208	0.670684	28.153100	-28.082200	44.317658	0.000000
0	0	780	18.600700	13.709100	-38.666000	-52.257400	-35.238973	0.000000
0	0	781	25.608700	-26.636600	-23.422700	1.721510	-69.336727	0.000000
0	0	782	10.647400	-10.140200	1.614400	1.195310	85.476990	0.000000
0	0	783	9.097590	23.075200	-6.094330	2.139820	-7.397214	0.000000
0	0	784	9.628930	20.894200	29.038200	2.827800	27.131702	0.000000
0	0	785	0.242599	-12.863100	18.177800	-28.671700	62.642126	0.000000
0	0	786	23.308300	26.968300	-14.685300	19.604900	-14.285015	0.000000
0	0	787	1.079480	25.348800	15.275600	-33.182200	15.536926	0.000000
0	0	788	-13.143000	-0.175037	10.849600	-3.217810	45.462137	0.000000
0	0	789	34.146100	50.961300	-2.635630	-21.526000	-1.480300	0.000000
0	0	790	12.819300	1.455980	27.861200	18.061200	43.504269	0.000000
0	0	791	-0.502297	-14.672200	-25.962500	-24.669600	-59.736057	0.000000
0	0	792	-0.535959	8.574280	-35.748800	-31.032900	-38.256249	0.000000
0	0	793	-10.826200	28.679500	-16.583900	-28.288300	-15.019308	0.000000
0	0	794	17.218300	8.762670	-0.107563	27.618000	-0.351639	0.000000
0	0	795	-34.661500	2.999690	5.099790	3.876440	29.768006	0.000000
0	0	796	28.703300	8.939070	16.676000	10.679400	30.903366	0.000000
0	0	797	24.365300	7.088800	19.185900	0.032668	34.860877	0.000000
0	0	798	13.962200	-40.699300	-6.551690	8.034030	-85.427549	0.000000
0	0	799	-2.478850	22.269100	-12.582400	9.455610	-14.733574	0.000000
0	0	800	21.061600	12.911700	-5.694020	-6.284080	-11.898666	0.000000
0	0	801	-3.788270	-55.291300	4.170490	-16.914300	87.843242	0.000000
0	0	802	12.873600	14.121800	6.679620	-9.275640	12.657089	0.000000
0	0	803	17.370100	-23.062100	-25.103100	5.341770	-66.286772	0.000000
0	0	804	14.289800	-6.420580	-5.627390	27.750100	-69.383344	0.000000
0	0	805	-36.671400	6.587100	26.264100	15.904300	37.960247	0.000000
0	0	806	4.626670	15.478700	-25.084900	-14.573900	-29.161618	0.000000
0	0	807	8.520740	-31.003200	-22.999300	-2.949290	-71.715317	0.000000
0	0	808	7.539550	-2.990130	4.973950	-9.701210	60.506259	0.000000
0	0	809	40.809200	2.851760	-6.857990	20.819800	-33.710489	0.000000
0	0	810	-29.665100	12.573800	-11.979600	14.887200	-21.806847	0.000000
0	0	811	-2.761810	-11.219200	7.650060	25.439500	72.855506	0.000000
0	0	812	4.771400	-25.123100	17.631400	-1.445560	72.469405	0.000000
0	0	813	-4.496180	-7.365340	-14.313000	-3.368600	-58.614970	0.000000
0	0	814	-11.317100	-34.986400	72.786300	20.108500	57.836166	0.000000
0	0	815	1.661620	10.462000	-18.376800	-13.943800	-30.173467	0.000000
0	0	816	33.320400	-13.765400	3.311140	9.788510	83.237487	0.000000
0	0	817	11.483600	-3.666830	7.101810	2.488840	58.654181	0.000000
0	0	818	-23.366100	-9.366880	16.079200	-5.831200	60.111392	0.000000
0	0	819	12.531600	-35.652000	9.690630	-23.280300	82.396860	0.000000
0	0	820	10.400900	-4.452420	-35.872400	-5.013870	-48.537634	0.000000
0	0	821	12.932900	13.067100	13.466700	-36.356700	22.931406	0.000000
0	0	822	-9.770160	-8.922060	25.513100	-10.676400	54.637495	0.000000
0	0	823	-20.152900	21.149800	13.477900	38.512200	16.253845	0.000000
0	0	824	35.873800	-33.544200	-14.962400	8.988950	-77.980363	0.000000
0	0	825	-24.691400	3.548270	25.254600	12.099200	41.001149	0.000000
0	0	826	14.007400	-18.742800	16.718900	-12.710300	69.133245	0.000000
0	0	827	6.283150	8.089570	8.653610	11.574100	23.464718	0.000000
0	0	828	87.780100	-42.447700	22.232400	-16.872600	76.178130	0.000000
0	0	829	-0.749215	-14.610100	26.004600	13.826900	59.664238	0.000000
0	0	830	37.253500	13.386400	9.088520	3.296050	17.087014	0.000000
0	0	831	1.928950	-24.586800	8.230260	8.714330	80.746195	0.000000
0	0	832	43.470200	0.480092	-20.186200	15.359400	-44.318791	0.000000
0	0	833	-3.196990	-22.882500	-30.756900	-3.552350	-63.324244	0.000000
0	0	834	22.216800	10.325800	-17.608700	-8.121780	-29.806250	0.000000
0	0	835	0.780719	-8.831380	3.071670	-17.944700	80.410827	0.000000
0	0	836	-18.156000	-19.298200	14.066700	7.568050	71.955612	0.000000
0	0	837	22.051800	36.606100	14.048200	-17.953200	10.497568	0.000000
0	0	838	3.050280	-7.825430	-21.447200	34.837000	-55.022743	0.000000
0	0	839	5.945770	25.766200	25.810800	1.894740	22.524773	0.000000
0	0	840	-5.612100	0.705007	-27.732900	-21.450800	-44.271890	0.000000
0	0	841	3.976610	-2.873660	21.770300	9.985790	48.759760	0.000000
0	0	842	-20.240900	1.851720	16.793800	-0.722144	41.853932	0.000000
0	0	843	-17.834700	-6.974990	2.308090	-14.637200	80.845067	0.000000
0	0	844	38.699000	-5.886350	5.388720	-0.375717	68.763567	0.000000
0	0	845	7.111160	15.495000	-16.900400	14.204700	-23.742044	0.000000
0	0	846	26.723000	-10.578900	18.568300	10.348500	59.835711	0.000000
0	0	847	-2.945040	10.113200	-8.401120	-18.521800	-19.858348	0.000000
0	0	848	14.544600	-22.811100	23.128300	-0.979500	67.302197	0.000000
0	0	849	-13.998700	-6.505890	11.265700	20.066400	60.003118	0.000000
0	0	850	33.560800	19.364900	0.293554	4.143590	0.434242	0.000000
0	0	851	-36.786000	6.873240	-14.614500	-36.269000	-32.406134	0.000000
0	0	852	17.194100	-37.867500	-2.176880	6.214560	-88.354936	0.000000
0	0	853	-5.889760	-15.131700	3.493130	23.800600	83.500536	0.000000
0	0	854	-1.051560	10.578500	-9.464440	-5.460640	-20.909282	0.000000
0	0	855	-7.827980	-40.183600	-2.707110	7.248610	-88.072946	0.000000
0	0	856	20.520900	8.590540	-1.186840	-6.371760	-3.932998	0.000000
0	0	857	26.530900	-37.025000	-5.841940	-3.022620	-85.516791	0.000000
0	0	858	-1.529860	-37.445200	4.307970	-25.376700	86.718564	0.000000
0	0	859	9.950770	8.197560	0.708709	-34.791900	2.470572	0.000000
0	0	860	-8.719310	12.073000	3.658350	22.814400	8.428906	0.000000
0	0	861	-20.690600	1.481220	-5.700840	-9.898160	-37.717592	0.000000
0	0	862	-42.388300	-14.889000	20.863800	-22.283200	62.756366	0.000000
0	0	863	10.251100	-62.922500	-44.475300	-4.883730	-72.373156	0.000000
0	0	864	-18.596000	-32.239700	-22.277500	4.586130	-72.677843	0.000000
0	0	865	3.934770	-19.136700	-13.729000	23.935700	-72.171844	0.000000
0	0	866	29.491600	-11.829500	27.291300	-0.615743	56.717236	0.000000
0	0	867	-9.175020	9.219840	33.561400	14.892300	37.319450	0.000000
0	0	868	10.993500	-28.946400	2.665220	0.041697	87.369681	0.000000
0	0	869	21.680600	-40.209000	-17.494900	16.586900	-78.243093	0.000000
0	0	870	-9.116200	14.744100	-10.452900	-11.139900	-17.667458	0.000000
0	0	871	12.363800	-25.543200	15.189800	-2.547100	74.630639	0.000000
0	0	872	-2.791620	-22.046000	31.915900	15.280700	62.317444	0.000000
0	0	873	-7.419160	-17.795500	-21.325900	11.579100	-64.921736	0.000000
0	0	874	24.735500	-0.201442	32.472400	-39.753000	45.177714	0.000000
0	0	875	-8.992100	-23.010000	17.246200	-18.277700	71.574057	0.000000
0	0	876	-5.955960	0.922568	-7.322410	-6.922570	-41.409503	0.000000
0	0	877	3.644570	15.016400	-22.186000	15.503600	-27.954119	0.000000
0	0	878	45.300100	13.221000	9.309840	30.856600	17.576041	0.000000
0	0	879	36.684500	-0.970754	-8.243590	14.028300	-48.358071	0.000000
0	0	880	0.830149	-12.216200	-35.009900	5.512570	-54.617849	0.000000
0	0	881	2.568390	7.282610	20.985500	-11.423100	35.430831	0.000000
0	0	882	-29.482400	3.134050	27.909600	9.910270	41.796466	0.000000
0	0	883	14.820900	-9.472770	15.417600	-2.406990	60.783548	0.000000
0	0	884	-33.520900	7.662650	2.703580	-22.728200	9.717076	0.000000
0	0	885	-20.880300	1.368380	-23.512500	-35.689400	-43.334629	0.000000
0	0	886	11.199700	21.240900	11.125000	25.759300	13.821733	0.000000
0	0	887	-10.176400	16.325000	-13.778300	-5.395460	-20.082183	0.000000
0	0	888	17.865900	0.477631	23.811000	-1.330230	44.425422	0.000000
0	0	889	-7.658240	27.012000	-4.711130	-1.692240	-4.946687	0.000000
0	0	890	4.996370	9.797310	16.634900	-14.939700	29.751784	0.000000
0	0	891	3.147340	1.428900	-15.395100	-13.493700	-42.348635	0.000000
0	0	892	-13.428600	-2.358610	17.515500	-16.424900	48.834614	0.000000
0	0	893	-18.807000	16.947500	18.125500	21.373300	23.461838	0.000000
0	0	894	12.704200	-9.619340	-6.304890	-5.576360	-73.378803	0.000000
0	0	895	-7.020630	-4.675900	-15.487100	48.764700	-53.400117	0.000000
0	0	896	1.021870	17.572400	-25.933000	13.453100	-27.939066	0.000000
0	0	897	-19.082100	7.739710	13.953100	-58.050500	30.491551	0.000000
0	0	898	43.188900	-21.705400	-13.347400	44.793600	-74.205603	0.000000
0	0	899	47.625500	-30.525200	-6.872540	-22.737000	-83.655905	0.000000
0	0	900	-2.394460	7.081780	-16.557400	-27.219800	-33.421539	0.000000
0	0	901	-11.031800	11.467700	20.790200	-0.574205	30.559620	0.000000
0	0	902	12.692200	-2.046090	-23.825300	-2.760480	-47.454227	0.000000
0	0	903	1.810800	-12.403700	1.358500	11.139100	86.874831	0.000000
0	0	904	5.940860	3.447060	-23.576000	8.170820	-40.840847	0.000000
0	0	905	4.154340	-2.305790	5.130250	-14.503400	57.100763	0.000000
0	0	906	-13.324200	-20.409000	-10.077300	-8.625070	-76.860670	0.000000
0	0	907	-23.152700	-6.882760	-6.438440	10.452400	-68.455178	0.000000
0	0	908	-3.187240	2.173990	25.795500	-4.872070	42.591309	0.000000
0	0	909	8.377840	10.288800	17.970900	41.393000	30.103879	0.000000
0	0	910	1.485130	-29.223200	17.349500	27.381500	74.651425	0.000000
0	0	911	3.665230	16.877600	0.838856	-11.859900	1.422696	0.000000
0	0	912	-10.688600	12.848200	-15.286500	-10.873200	-24.976588	0.000000
0	0	913	18.102900	-4.982990	-23.962000	-41.173700	-50.873724	0.000000
0	0	914	28.037300	-21.291300	-16.053100	21.139400	-71.492317	0.000000
0	0	915	34.331300	31.946400	32.092400	-9.813430	22.565313	0.000000
0	0	916	4.878410	-20.911400	-12.931700	-9.195200	-74.133587	0.000000
0	0	917	2.315270	6.860840	-7.799440	13.994800	-24.331634	0.000000
0	0	918	5.186060	-8.227500	31.345000	42.844600	52.353671	0.000000
0	0	919	32.325500	-15.142500	-35.766600	-10.411800	-56.473167	0.000000
0	0	920	7.153160	-20.727000	-9.672970	4.473930	-77.491133	0.000000
0	0	921	38.621200	5.770530	-19.529500	12.461300	-36.769385	0.000000
0	0	922	14.408500	5.812220	20.677100	32.399300	37.149808	0.000000
0	0	923	23.389700	22.258200	31.198500	25.901800	27.247246	0.000000
0	0	924	50.859000	13.195900	8.297560	-8.458710	16.080807	0.000000
0	0	925	8.424060	13.392900	-32.649000	-8.155180	-33.848070	0.000000
0	0	926	1.825820	-9.914680	16.104000	6.626420	60.809590	0.000000
0	0	927	34.366600	14.896400	30.540800	-9.607350	31.999502	0.000000
0	0	928	-0.786965	28.469100	2.444570	-12.827500	2.453903	0.000000
0	0	929	9.835150	-10.229200	2.332960	29.547400	83.576189	0.000000
0	0	930	-7.540070	31.163900	-0.976397	4.961380	-0.897274	0.000000
0	0	931	-17.546200	-5.949560	18.878400	-6.270080	53.746167	0.000000
0	0	932	40.940400	16.359900	-13.158900	0.765535	-19.405533	0.000000
0	0	933	-3.601010	14.601300	-34.131800	4.823100	-33.419582	0.000000
0	0	934	21.847300	-1.670820	-7.616170	13.875100	-51.186710	0.000000
0	0	935	7.953270	29.986800	1.827240	30.876500	1.743498	0.000000
0	0	936	6.827140	17.383600	15.143500	-49.667100	20.530167	0.000000
0	0	937	65.748900	-37.901900	0.703296	16.315200	89.468480	0.000000
0	0	938	36.623300	24.708000	12.770600	35.858600	13.666338	0.000000
0	0	939	70.135900	66.852700	-7.072400	-23.177700	-3.019452	0.000000
0	0	940	22.461500	9.430530	-7.768400	12.093600	-19.739997	0.000000
0	0	941	36.742300	-13.553700	-20.246800	19.600700	-61.899657	0.000000
0	0	942	11.508700	39.792800	-11.536000	-5.337600	-8.083482	0.000000
0	0	943	25.972800	-14.626200	-2.870230	22.849400	-84.448711	0.000000
0	0	944	20.155200	-5.916830	-16.726900	-34.521200	-54.740143	0.000000
0	0	945	34.029800	-4.977650	9.544710	40.569700	58.771218	0.000000
0	0	946	-8.891460	-13.276500	-8.057990	-19.335700	-74.372458	0.000000
0	0	947	14.136800	10.462500	24.228500	-13.189000	33.322025	0.000000
0	0	948	58.184600	-18.185600	-31.776000	-19.807700	-59.891386	0.000000
0	0	949	7.914300	31.865400	-10.244000	-30.776600	-8.910707	0.000000
0	0	950	30.895600	22.801100	-4.088590	-18.274000	-5.082990	0.000000
0	0	951	2.129980	-10.451100	32.017800	-15.479900	54.038738	0.000000
0	0	952	11.630000	8.084260	-15.013100	12.150400	-30.849203	0.000000
0	0	953	1.002430	-18.111200	-15.809700	-15.149300	-69.440757	0.000000
0	0	954	51.452100	28.592200	-14.303500	31.352900	-13.288457	0.000000
0	0	955	45.484000	-27.865700	-35.569200	24.778200	-64.037968	0.000000
0	0	956	39.942900	-5.448470	-24.994300	4.026420	-51.148721	0.000000
0	0	957	25.958400	17.792900	27.731300	-7.947800	28.657520	0.000000
0	0	958	48.651200	13.949400	-27.108400	-21.127600	-31.385312	0.000000
0	0	959	20.159600	1.386560	21.277400	13.426200	43.135772	0.000000
0	0	960	13.812700	28.597200	-28.728300	-20.945500	-22.565516	0.000000
0	0	961	34.195400	19.758600	-11.094400	-32.098400	-14.657046	0.000000
0	0	962	-18.015800	-21.382100	-25.682300	37.059800	-64.889735	0.000000
0	0	963	22.897200	6.590640	-40.072700	47.518700	-40.330171	0.000000
0	0	964	34.382900	-19.683400	26.318100	-34.115700	63.396472	0.000000
0	0	965	8.309020	-15.560400	6.876030	-20.714800	78.079853	0.000000
0	0	966	24.824100	12.723200	-34.368000	0.448628	-34.842602	0.000000
0	0	967	28.712100	-25.322200	-20.683500	21.733000	-70.378803	0.000000
0	0	968	17.396500	-15.888000	-5.149310	-26.007700	-81.021230	0.000000
0	0	969	39.525300	16.380200	-14.319500	0.892026	-20.579907	0.000000
0	0	970	82.499500	-35.758100	-3.319670	-45.122400	-87.348021	0.000000
0	0	971	58.916100	-1.284910	-16.771400	0.928945	-47.190526	0.000000
0	0	972	9.240820	13.698800	34.804500	25.916100	34.257880	0.000000
0	0	973	31.717700	-17.412700	34.663500	-32.275300	58.335997	0.000000
0	0	974	16.804900	-4.165480	-49.742400	-27.794600	-47.393420	0.000000
0	0	975	25.307800	51.592700	-17.974200	-27.480800	-9.603823	0.000000
0	0	976	27.730000	34.697900	30.667600	-25.682800	20.735864	0.000000
0	0	977	40.129900	16.669200	-4.258070	-43.708200	-7.164755	0.000000
0	0	978	53.157000	-2.373760	-0.002630	5.684900	-89.968259	0.000000
0	0	979	31.606500	19.345900	-1.251510	-18.078300	-1.850688	0.000000
0	0	980	52.023900	-3.988440	-8.427820	29.502300	-57.662855	0.000000
0	0	981	12.525400	4.031320	-29.340900	-16.376500	-41.088388	0.000000
0	0	982	22.545500	33.961900	-27.526900	-1.039800	-19.512780	0.000000
0	0	983	63.754100	-37.529200	9.056340	-6.317170	83.216537	0.000000
0	0	984	54.525100	-10.975500	-2.105170	6.132180	-84.571089	0.000000
0	0	985	33.105700	8.470640	15.554700	-28.391600	30.714283	0.000000
0	0	986	24.307400	3.093670	6.455090	-0.334664	32.196719	0.000000
0	0	987	7.347350	2.954790	-34.019000	-18.707300	-42.517958	0.000000
0	0	988	60.674700	21.660600	17.428900	-19.911900	19.410705	0.000000
0	0	989	65.379000	-8.992290	14.161300	-41.980600	61.207578	0.000000
0	0	990	80.898100	17.376600	24.981400	-58.345400	27.589120	0.000000
0	0	991	26.303800	-17.137200	-0.085878	-19.089800	-89.856441	0.000000
0	0	992	28.685400	-27.696000	-22.489600	-42.016200	-70.461421	0.000000
0	0	993	41.948600	43.675700	-5.276030	-16.042700	-3.443981	0.000000
0	0	994	50.661100	10.627900	-11.515700	-2.323810	-23.647961	0.000000
0	0	995	38.213300	-16.013700	-9.454510	-37.868600	-74.721170	0.000000
0	0	996	33.906200	-11.926200	-45.232500	-42.762300	-52.385350	0.000000
0	0	997	53.897200	-11.356600	-24.936800	-26.009200	-57.242623	0.000000
0	0	998	61.389300	16.468500	-29.884600	-23.334100	-30.571084	0.000000
0	0	999	61.248400	-14.155600	14.230600	-19.058800	67.424309	0.000000
0	0	1000	52.833900	30.117600	39.152500	-9.762920	26.215570	0.000000
0	0	1001	39.735000	2.461150	26.294600	-47.986600	42.326374	0.000000
0	0	1002	29.953700	-33.277700	41.796700	0.314460	64.263052	0.000000
0	0	1003	8.953990	-34.236800	-6.397230	20.356200	-84.708095	0.000000
0	0	1004	32.385700	-3.628120	26.557500	6.427240	48.889618	0.000000
0	0	1005	6.942280	21.536200	3.172700	-4.633490	4.190250	0.000000
0	0	1006	54.187700	-15.955200	3.862990	-14.949000	83.194876	0.000000
0	0	1007	46.557100	-14.030000	-14.556500	-4.799800	-66.972429	0.000000
0	0	1008	47.503900	-2.666110	-17.333400	21.607700	-49.372166	0.000000
0	0	1009	5.779060	-12.586500	-2.110250	-7.678040	-85.241161	0.000000
0	0	1010	45.880200	-38.943900	-10.377000	-7.230530	-82.539813	0.000000
0	0	1011	48.987700	-3.062250	-37.437000	24.832400	-47.338118	0.000000
0	0	1012	38.257100	17.317800	-13.999600	4.212890	-19.475928	0.000000
0	0	1013	9.632630	-9.733730	39.077200	-18.336200	51.993574	0.000000
0	0	1014	35.651200	-7.496600	20.708600	-1.492110	54.950234	0.000000
0	0	1015	57.262900	8.276690	4.264290	18.686000	13.629143	0.000000
0	0	1016	24.435000	-5.774660	6.817100	-18.280900	65.133710	0.000000
0	0	1017	40.256700	5.783240	21.703700	18.807500	37.539730	0.000000
0	0	1018	58.447600	10.879500	-9.942020	-13.309300	-21.211012	0.000000
0	0	1019	13.824200	-17.966900	-6.702670	4.641340	-79.770820	0.000000
0	0	1020	24.673000	4.455800	-16.093200	-43.265300	-37.261968	0.000000
0	0	1021	50.757100	-16.742100	63.546300	-1.179630	52.379956	0.000000
0	0	1022	21.882200	-6.669120	-0.137855	-1.822040	-89.407914	0.000000
0	0	1023	37.567200	-0.328219	50.180600	-31.720300	45.187376	0.000000
