0	0	0	30.856000	0.012632	-20.496000	-12.348000	-44.982344	0.000000
0	0	1	-13.868600	-47.565600	5.767850	-26.955600	86.543008	0.000000
0	0	2	14.698200	-5.418660	19.681700	13.376600	52.696505	0.000000
0	0	3	17.736100	-23.747600	-12.354100	-1.835230	-76.257706	0.000000
0	0	4	26.864700	12.341500	-16.270100	11.585900	-26.409138	0.000000
0	0	5	-9.608470	3.375960	7.861170	12.501500	33.379508	0.000000
0	0	6	1.141090	-15.370700	0.875078	-8.752670	88.370789	0.000000
0	0	7	37.380900	-42.256700	-30.356100	20.622800	-72.153765	0.000000
0	0	8	-17.932800	-2.796680	3.809600	-16.844300	63.141453	0.000000
0	0	9	3.000110	29.408100	6.417170	-7.519080	6.154805	0.000000
0	0	10	-10.625000	-10.419500	-12.787300	-15.961700	-64.587123	0.000000
0	0	11	4.352840	0.388189	9.188060	26.039600	43.790366	0.000000
0	0	12	4.818880	4.317460	-38.083400	35.545900	-41.766038	0.000000
0	0	13	-35.445200	-10.039500	6.276390	26.718100	73.993815	0.000000
0	0	14	18.447000	-33.680100	2.601670	19.760800	87.791437	0.000000
0	0	15	8.189430	-1.366420	10.480000	-64.835800	48.714262	0.000000
0	0	16	-31.005900	-15.807400	-10.614200	31.518200	-73.059906	0.000000
0	0	17	9.163230	-1.675720	-2.544380	-37.975800	-61.684382	0.000000
0	0	18	-13.867300	-7.690720	-14.709600	-7.649770	-58.801112	0.000000
0	0	19	3.694630	0.260921	-1.241770	-17.917000	-39.066812	0.000000
0	0	20	8.410940	24.490600	-21.069400	-10.152600	-20.352797	0.000000
0	0	21	14.199200	-7.448980	5.218890	45.603300	72.492110	0.000000
0	0	22	8.567160	16.050100	-12.056700	0.616073	-18.456784	0.000000
0	0	23	2.339190	-5.420210	-16.900800	-23.935300	-53.890713	0.000000
0	0	24	-12.195300	-2.714360	3.915530	-6.807320	62.365416	0.000000
0	0	25	-7.902580	17.970900	-21.506300	-18.674000	-25.058750	0.000000
0	0	26	-5.068250	16.231000	24.107400	25.306700	28.024228	0.000000
0	0	27	1.950040	-23.288000	-19.869100	-13.578600	-69.764752	0.000000
0	0	28	-0.808910	4.794190	18.361700	-15.587200	37.683455	0.000000
0	0	29	25.528600	7.301650	-14.416200	26.707500	-31.569139	0.000000
0	0	30	21.761700	-8.737350	-9.177550	-3.675750	-66.796214	0.000000
0	0	31	-11.636200	10.699200	-27.170400	-14.310700	-34.253200	0.000000
0	0	32	39.103300	12.388300	-7.916610	2.575780	-16.290087	0.000000
0	0	33	6.597800	-9.126850	-20.247400	21.320100	-57.132129	0.000000
0	0	34	-9.388990	-25.185800	15.338300	-15.939000	74.329170	0.000000
0	0	35	16.597900	26.856900	16.195200	15.887600	15.545371	0.000000
0	0	36	94.922200	10.614700	4.081570	2.590400	10.516388	0.000000
0	0	37	75.796700	4.072750	19.980000	11.501500	39.239299	0.000000
0	0	38	81.299100	31.492600	42.188500	16.994700	26.629817	0.000000
0	0	39	50.998400	14.402900	-15.463600	-14.108100	-23.516994	0.000000
0	0	40	39.510300	30.359300	-9.684110	55.673600	-8.845907	0.000000
0	0	41	15.898600	10.004700	-12.976000	2.396400	-26.183606	0.000000
0	0	42	49.572700	33.533800	-13.572800	31.869400	-11.017816	0.000000
0	0	43	25.203200	6.573280	31.508100	3.380990	39.107933	0.000000
0	0	44	24.318100	-10.261300	11.952700	-19.153600	65.322917	0.000000
0	0	45	53.286600	-15.805700	-11.610800	-12.364600	-71.849577	0.000000
0	0	46	1.854140	21.560400	20.281700	28.930300	21.624789	0.000000
0	0	47	26.606500	9.016810	16.804600	-1.753470	30.891709	0.000000
0	0	48	41.018900	-16.582200	3.448100	11.755600	84.126660	0.000000
0	0	49	13.452000	-23.600900	-16.490600	-0.660054	-72.528469	0.000000
0	0	50	-11.003300	13.162600	4.327750	25.302700	9.100211	0.000000
0	0	51	10.834400	34.673400	12.953700	34.367400	10.242639	0.000000
0	0	52	-6.707040	51.967500	-11.011700	20.470300	-5.981889	0.000000
0	0	53	0.567487	-4.351750	1.998930	-31.209700	77.664410	0.000000
0	0	54	-26.316500	-23.224900	-17.839600	5.501620	-71.235637	0.000000
0	0	55	17.445500	-0.230107	5.846880	-3.444830	46.126871	0.000000
0	0	56	19.090900	0.004280	9.309880	12.984100	44.986829	0.000000
0	0	57	7.970350	6.264370	-18.655700	-23.652400	-35.719270	0.000000
0	0	58	0.295217	30.508900	14.385900	-10.194100	12.622671	0.000000
0	0	59	-13.453500	-23.015000	-13.443000	-22.812400	-74.855457	0.000000
0	0	60	12.423900	-7.915810	-18.116800	-5.983670	-56.801029	0.000000
0	0	61	-19.926200	-32.590000	-14.446100	-18.417600	-78.046914	0.000000
0	0	62	24.810000	-3.766830	-2.479250	-8.171010	-73.323955	0.000000
0	0	63	15.945500	-48.318200	-20.329800	-5.502940	-78.590580	0.000000
0	0	64	-3.044610	24.104800	4.895360	1.784790	5.739937	0.000000
0	0	65	-12.865000	-24.329100	0.351854	-2.076660	89.585715	0.000000
0	0	66	-15.182200	14.561500	4.270880	-1.900520	8.173192	0.000000
0	0	67	-21.591300	11.806300	-23.238100	-14.328200	-31.533397	0.000000
0	0	68	39.311500	5.564130	2.010450	20.394400	9.932985	0.000000
0	0	69	59.210600	-9.918380	-16.616500	14.855000	-60.416477	0.000000
0	0	70	9.653240	3.872080	-2.464890	-14.471800	-16.240014	0.000000
0	0	71	46.143600	7.676780	-18.884800	-34.459700	-33.938987	0.000000
0	0	72	32.380300	-19.717000	-25.767200	0.023051	-63.711565	0.000000
0	0	73	80.005400	-26.315600	-33.252200	25.674800	-64.178945	0.000000
0	0	74	14.190300	11.246900	-38.530800	-10.008200	-36.863902	0.000000
0	0	75	3.922990	-8.548420	-33.135500	-1.007640	-52.232977	0.000000
0	0	76	81.183300	1.193480	5.625180	2.515490	39.010667	0.000000
0	0	77	46.854100	-31.636000	-11.164300	-0.497231	-80.281067	0.000000
0	0	78	58.388100	0.249062	7.265720	31.238300	44.018362	0.000000
0	0	79	69.884000	-18.025400	-10.070700	-23.831400	-75.404064	0.000000
0	0	80	50.242100	-19.276100	2.877690	-5.101890	85.754568	0.000000
0	0	81	58.500600	10.753600	-8.775190	-4.618940	-19.607626	0.000000
0	0	82	12.241700	15.210600	-22.796300	7.761350	-28.143601	0.000000
0	0	83	21.446400	6.131190	10.275700	4.160750	29.588395	0.000000
0	0	84	28.938100	6.490180	-21.880300	14.050500	-36.739240	0.000000
0	0	85	4.938820	23.950400	17.116900	13.148500	17.776339	0.000000
0	0	86	39.487300	-5.244530	-36.452600	1.648310	-49.093556	0.000000
0	0	87	24.748100	17.261900	12.356700	-9.495810	17.798237	0.000000
0	0	88	-2.325140	16.247800	4.306200	26.593700	7.421992	0.000000
0	0	89	57.587500	22.892200	-23.480300	16.955400	-22.863296	0.000000
0	0	90	13.281300	25.627600	4.545980	12.458800	5.029421	0.000000
0	0	91	-25.850200	-11.252600	14.205400	-6.223760	64.191995	0.000000
0	0	92	29.734600	21.209400	2.939630	10.304900	3.945471	0.000000
0	0	93	-17.443700	-4.770980	-22.171400	-6.713890	-51.072039	0.000000
0	0	94	-12.854900	-5.329730	-7.563110	7.842370	-62.586193	0.000000
0	0	95	40.666000	18.522200	41.687300	-12.335600	33.021905	0.000000
0	0	96	-12.355100	-14.651200	-24.597700	-18.468800	-60.389710	0.000000
0	0	97	25.314400	34.640200	-31.673400	-7.177050	-21.219178	0.000000
0	0	98	11.223400	-26.001000	2.402160	4.591080	87.360793	0.000000
0	0	99	-20.516000	-16.784200	-23.784300	13.422900	-62.605004	0.000000
0	0	100	-2.464130	-10.317100	-19.137700	-10.316400	-59.164514	0.000000
0	0	101	-1.542080	26.536800	-10.515800	12.097300	-10.808527	0.000000
0	0	102	9.567230	-6.938270	31.634000	27.932200	51.185386	0.000000
0	0	103	13.111300	29.413900	-1.398210	9.335200	-1.360773	0.000000
0	0	104	25.252200	-11.899800	3.537240	-26.275500	81.722655	0.000000
0	0	105	21.473100	-9.900200	-24.916200	33.781800	-55.834949	0.000000
0	0	106	11.293700	34.793100	18.822100	21.629100	14.206078	0.000000
0	0	107	25.799300	-28.510500	1.512340	20.746600	88.481795	0.000000
0	0	108	-11.820600	-6.634240	-46.753700	-30.010400	-49.038110	0.000000
0	0	109	33.059200	4.329240	9.171610	26.615300	32.365731	0.000000
0	0	110	13.983500	10.780800	9.908300	2.277870	21.292578	0.000000
0	0	111	3.154930	2.064540	2.965970	17.269200	27.579578	0.000000
0	0	112	34.453900	-3.872650	-26.241000	-20.390000	-49.197560	0.000000
0	0	113	45.388700	-1.349230	-35.988100	-12.959600	-46.073535	0.000000
0	0	114	68.627600	10.723500	-3.677820	-7.463900	-9.465170	0.000000
0	0	115	54.835200	-5.187590	13.093700	-30.847900	55.806482	0.000000
0	0	116	85.378800	-5.363320	-6.928450	-21.971000	-63.871745	0.000000
0	0	117	52.541000	2.117230	-4.454380	27.318200	-32.288798	0.000000
0	0	118	86.105100	-21.216100	19.631800	3.201480	68.610562	0.000000
0	0	119	47.307000	29.889900	-16.277200	-21.172600	-14.285735	0.000000
0	0	120	46.041000	19.980600	-28.533100	-16.302800	-27.498984	0.000000
0	0	121	63.361800	-8.968780	13.035900	-14.094900	62.264106	0.000000
0	0	122	66.164800	3.696940	0.583289	-16.470800	4.482999	0.000000
0	0	123	67.589900	20.318700	-9.995650	17.657000	-13.097287	0.000000
0	0	124	74.924900	-5.284900	-0.156405	13.144100	-89.152422	0.000000
0	0	125	48.625200	-16.430800	9.751160	10.875900	74.656105	0.000000
0	0	126	60.452400	19.406200	-28.422500	-9.071080	-27.837839	0.000000
0	0	127	65.241300	13.293600	-33.329500	2.145050	-34.127612	0.000000
0	0	128	52.521400	-8.915390	-13.963800	-3.786000	-61.278392	0.000000
0	0	129	45.020700	2.988120	-26.002900	2.908310	-41.722309	0.000000
0	0	130	26.944500	13.213900	-48.357700	11.088000	-37.358417	0.000000
0	0	131	13.669600	-7.293680	29.783500	-8.263500	51.880176	0.000000
0	0	132	41.449700	-21.232100	12.965700	-8.455510	74.294524	0.000000
0	0	133	44.235600	14.877600	-16.681600	-6.649500	-24.135802	0.000000
0	0	134	82.606900	33.244900	13.093500	13.349900	10.748497	0.000000
0	0	135	52.063900	9.467370	-10.501900	45.802000	-23.982810	0.000000
0	0	136	82.731600	20.628500	-17.899100	22.174700	-20.473891	0.000000
0	0	137	74.272400	1.304430	24.081500	1.379530	43.449736	0.000000
0	0	138	108.818000	-8.598390	-64.917300	0.929880	-48.772496	0.000000
0	0	139	58.436300	-34.681800	10.223200	-36.924900	81.787997	0.000000
0	0	140	77.375900	-13.818900	11.184100	4.430530	70.507795	0.000000
0	0	141	86.583200	27.134900	-16.148300	19.988000	-15.378689	0.000000
0	0	142	74.270900	5.802820	-36.201200	-16.640200	-40.446661	0.000000
0	0	143	100.334000	12.635500	-15.209100	9.417710	-25.140344	0.000000
0	0	144	120.488000	2.197310	-18.534900	-0.162318	-41.619574	0.000000
0	0	145	94.909000	-24.877300	-5.484790	17.726300	-83.783348	0.000000
0	0	146	83.968400	-14.254400	-9.878160	14.885500	-72.639209	0.000000
0	0	147	119.635000	-44.983200	0.840660	45.350900	89.464682	0.000000
0	0	148	103.170000	-8.421920	7.223600	0.997872	69.689921	0.000000
0	0	149	70.505600	-9.610130	-26.094800	-25.528600	-55.108811	0.000000
0	0	150	128.331000	-3.475690	31.742400	15.177600	48.124404	0.000000
0	0	151	77.637000	-40.450500	11.691800	-4.110770	81.939304	0.000000
0	0	152	119.211000	-7.647840	-2.395510	1.339380	-81.304017	0.000000
0	0	153	95.165700	-11.819600	24.990000	0.645819	57.656447	0.000000
0	0	154	123.726000	-27.244700	-4.369390	-1.514930	-85.444366	0.000000
0	0	155	86.336800	16.628400	-22.042500	-2.969530	-26.484932	0.000000
0	0	156	99.953900	-2.738670	-39.089300	6.776620	-47.003851	0.000000
0	0	157	98.602700	-3.276170	-16.163200	7.298170	-50.729113	0.000000
0	0	158	77.232400	24.481800	-7.999920	0.976230	-9.047922	0.000000
0	0	159	102.360000	-20.483600	-12.116400	-12.057900	-74.697479	0.000000
0	0	160	114.137000	-20.863800	-29.331800	-10.940400	-62.712180	0.000000
0	0	161	84.433100	35.546500	-14.737500	12.980800	-11.259394	0.000000
0	0	162	105.570000	-7.010960	-20.502400	-26.738100	-54.439267	0.000000
0	0	163	93.555500	11.796500	-19.592700	26.271500	-29.474211	0.000000
0	0	164	92.390100	-10.231600	-28.808700	35.226900	-54.776415	0.000000
0	0	165	82.216200	-12.340700	1.273180	-15.311100	87.054840	0.000000
0	0	166	92.034200	27.816600	-10.791900	4.584230	-10.602284	0.000000
0	0	167	77.751700	-0.392169	-29.308400	27.899000	-45.383308	0.000000
0	0	168	87.288900	16.645900	-14.085600	-5.318260	-20.118789	0.000000
0	0	169	86.791200	10.757300	-18.835300	-11.212500	-30.134128	0.000000
0	0	170	96.598300	25.392300	14.012100	20.995200	14.445501	0.000000
0	0	171	117.751000	30.871400	-22.158100	-5.031260	-17.834541	0.000000
0	0	172	103.720000	-10.214300	-18.333600	-15.534900	-59.561867	0.000000
0	0	173	128.340000	28.743100	25.523700	1.008920	20.802442	0.000000
0	0	174	90.247700	-22.342900	-0.327252	3.921210	-89.580430	0.000000
0	0	175	39.220300	73.604900	2.347030	-6.790680	0.913182	0.000000
0	0	176	46.432200	17.659300	-15.543600	-4.919770	-20.677011	0.000000
0	0	177	16.887400	8.674120	-17.967800	-18.273100	-32.115324	0.000000
0	0	178	32.933900	10.999900	24.016500	14.210000	32.695772	0.000000
0	0	179	18.739200	-2.055130	42.544900	8.175110	46.382761	0.000000
0	0	180	-9.110860	-6.856890	2.300810	12.482800	80.725484	0.000000
0	0	181	37.159500	18.889700	-9.397460	-26.068000	-13.224971	0.000000
0	0	182	28.765600	-21.032200	0.739440	-11.092400	88.993226	0.000000
0	0	183	13.556000	7.478120	4.473730	16.445400	15.444831	0.000000
0	0	184	21.433300	31.370500	8.247160	4.716950	7.364748	0.000000
0	0	185	11.150900	32.023300	2.053770	-6.804850	1.834780	0.000000
0	0	186	9.487440	-6.615130	-16.155200	16.417300	-56.133905	0.000000
0	0	187	17.028700	-22.818500	-28.956900	-3.015150	-64.119337	0.000000
0	0	188	24.486800	-19.352700	18.789300	-4.841990	67.923131	0.000000
0	0	189	22.592600	0.157153	-34.906900	0.639788	-44.871026	0.000000
0	0	190	20.952500	69.812200	21.437100	12.684200	8.535026	0.000000
0	0	191	32.209800	4.300910	14.320400	-29.563500	36.641588	0.000000
0	0	192	18.349000	-9.211060	-46.052900	1.941660	-50.655253	0.000000
0	0	193	21.215400	-8.203760	-9.444690	-3.205100	-65.488967	0.000000
0	0	194	18.378100	3.457780	-21.956100	-6.527210	-40.525110	0.000000
0	0	195	8.755610	1.401170	-18.148800	-43.324200	-42.792631	0.000000
0	0	196	-6.448930	-31.566400	-5.044410	-21.632800	-85.460360	0.000000
0	0	197	45.131100	-27.707700	-3.105150	12.935300	-86.802825	0.000000
0	0	198	79.691400	9.208910	28.417700	13.930000	36.022401	0.000000
0	0	199	20.722400	17.483300	22.269500	-10.358800	25.932656	0.000000
0	0	200	17.856300	6.402250	-34.271600	-1.070170	-39.709293	0.000000
0	0	201	55.961300	-13.787700	-26.208800	27.504900	-58.873787	0.000000
0	0	202	161.275000	-18.671500	-4.605800	-15.233100	-83.071588	0.000000
0	0	203	128.705000	-23.093900	-9.828830	-21.607700	-78.472629	0.000000
0	0	204	20.161600	-27.601800	11.449200	18.622700	78.735687	0.000000
0	0	205	111.090000	-15.176600	17.442800	-10.837700	65.512910	0.000000
0	0	206	150.035000	5.556500	14.486900	-6.020120	34.507757	0.000000
0	0	207	151.552000	-36.292500	21.024600	-10.168100	74.957934	0.000000
0	0	208	142.883000	-18.296900	-2.565850	9.688990	-86.008616	0.000000
0	0	209	138.936000	-3.836110	13.527800	-20.619400	52.915935	0.000000
0	0	210	157.432000	-26.760300	-8.509960	-5.540420	-81.179489	0.000000
0	0	211	204.570000	-3.237500	3.209880	9.314840	67.622724	0.000000
0	0	212	247.446000	27.918500	-20.093300	-8.979580	-17.871523	0.000000
0	0	213	201.477000	6.144470	-7.938930	-20.465200	-26.130655	0.000000
0	0	214	190.590000	-5.536310	3.532660	-37.175400	73.729245	0.000000
0	0	215	109.818000	47.145800	-2.899470	12.844700	-1.759631	0.000000
0	0	216	54.158900	-6.445490	4.074590	37.776700	73.850253	0.000000
0	0	217	68.831600	-20.028900	56.576000	-2.466870	54.747430	0.000000
0	0	218	46.538100	0.784435	-4.975820	39.559800	-40.520545	0.000000
0	0	219	58.810700	7.644480	3.998790	-0.304232	13.806923	0.000000
0	0	220	33.206200	-11.091300	-8.327940	-2.446900	-71.549411	0.000000
0	0	221	55.839700	46.522100	0.827746	-5.350410	0.509665	0.000000
0	0	222	28.986400	-1.846100	11.325900	12.073600	49.628844	0.000000
0	0	223	35.197500	6.011240	-27.967200	-11.199300	-38.934732	0.000000
0	0	224	50.917300	-3.185170	-14.965200	14.831700	-51.007726	0.000000
0	0	225	33.206500	15.353800	-26.368500	11.998700	-29.894347	0.000000
0	0	226	41.196000	8.686260	9.791280	-31.566900	24.211204	0.000000
0	0	227	15.223400	-10.299900	5.282810	1.538820	76.423375	0.000000
0	0	228	55.403100	19.526900	28.343900	-18.051600	27.717982	0.000000
0	0	229	85.046400	-12.217200	-19.760800	-6.982320	-60.863304	0.000000
0	0	230	35.928200	-46.684500	-20.880400	10.174300	-77.951322	0.000000
0	0	231	43.362400	-13.029900	-3.316230	0.757701	-82.860426	0.000000
0	0	232	15.165100	-31.388600	-19.374400	-8.750170	-74.157661	0.000000
0	0	233	61.692600	16.883500	26.947900	-25.752300	28.965939	0.000000
0	0	234	32.002000	-14.784400	31.328800	2.494980	57.631566	0.000000
0	0	235	168.043000	20.906600	-5.685720	25.611800	-7.607047	0.000000
0	0	236	221.253000	-3.195950	-12.745300	9.502920	-52.038480	0.000000
0	0	237	158.501000	9.398340	-26.066500	2.181630	-35.086554	0.000000
0	0	238	178.903000	3.947480	-36.248300	-12.369400	-41.892459	0.000000
0	0	239	193.628000	-13.969200	24.621000	15.091800	59.784623	0.000000
0	0	240	177.451000	-20.117200	-15.702600	-14.944400	-71.012985	0.000000
0	0	241	151.721000	8.749550	-22.085300	-14.732100	-34.193989	0.000000
0	0	242	172.253000	8.249100	-25.658100	5.187560	-36.088680	0.000000
0	0	243	167.939000	-5.142830	-18.859800	10.426600	-52.626496	0.000000
0	0	244	182.034000	37.209700	7.585700	-4.634910	5.761311	0.000000
0	0	245	169.988000	-4.792800	17.386900	-4.004960	52.705589	0.000000
0	0	246	156.054000	-35.438900	-13.959900	21.306800	-79.249898	0.000000
0	0	247	212.169000	14.887600	2.044400	-36.697100	3.909543	0.000000
0	0	248	219.719000	-15.315000	-2.752840	54.474600	-84.905007	0.000000
0	0	249	204.610000	-6.856490	-5.912650	6.278940	-69.613685	0.000000
0	0	250	238.711000	1.802270	-19.649700	29.261100	-42.379748	0.000000
0	0	251	215.794000	-13.507300	12.658800	-0.505599	68.428653	0.000000
0	0	252	296.503000	-28.206700	23.086700	-12.871200	70.350132	0.000000
0	0	253	261.266000	-8.671890	-27.523500	3.558340	-53.744096	0.000000
0	0	254	322.923000	-39.680800	-39.790300	-5.810560	-67.460527	0.000000
0	0	255	311.878000	12.469500	0.361140	7.437650	0.829465	0.000000
0	0	256	243.283000	-22.722400	10.031700	38.928100	78.089524	0.000000
0	0	257	227.947000	0.135064	-13.933800	6.745700	-44.722317	0.000000
0	0	258	139.259000	-23.400300	20.218300	-15.489100	69.586183	0.000000
0	0	259	183.318000	4.599040	-32.145300	19.860100	-40.928963	0.000000
0	0	260	175.778000	1.840890	9.004320	3.165480	39.222691	0.000000
0	0	261	126.545000	-23.067000	10.103600	-3.731590	78.173026	0.000000
0	0	262	118.851000	24.841600	32.430800	-3.134090	26.274161	0.000000
0	0	263	146.200000	-48.542300	34.846100	7.859720	72.163658	0.000000
0	0	264	186.406000	-12.965100	27.701300	-10.501500	57.540553	0.000000
0	0	265	149.111000	-6.619580	5.598740	1.223530	69.887983	0.000000
0	0	266	180.362000	13.178300	1.250860	-21.240700	2.711083	0.000000
0	0	267	196.500000	-24.630900	1.740080	4.366170	87.979492	0.000000
0	0	268	161.982000	-14.095800	-12.609900	8.081460	-69.092321	0.000000
0	0	269	215.958000	3.501350	-9.438250	-1.277510	-34.823215	0.000000
0	0	270	253.344000	28.800500	-7.258810	21.121500	-7.073036	0.000000
0	0	271	342.910000	-35.148400	17.839400	-33.289300	76.545075	0.000000
0	0	272	323.635000	-37.447300	-20.091800	32.630700	-75.892435	0.000000
0	0	273	275.592000	-3.327300	-24.976900	16.978700	-48.793993	0.000000
0	0	274	300.002000	-22.171900	-2.542320	-0.969925	-86.729401	0.000000
0	0	275	272.184000	-24.984200	3.916870	-23.981300	85.545021	0.000000
0	0	276	288.325000	-17.964100	-5.978430	0.196241	-80.796311	0.000000
0	0	277	292.467000	20.590600	-32.059200	-12.870700	-28.644331	0.000000
0	0	278	277.204000	-23.499700	-13.431000	22.980500	-75.125170	0.000000
0	0	279	218.377000	-45.989900	-7.519610	4.908240	-85.356992	0.000000
0	0	280	228.045000	-50.221100	-14.785700	-31.125700	-81.797466	0.000000
0	0	281	289.940000	-51.326900	-13.678900	-28.906900	-82.538603	0.000000
0	0	282	238.401000	-23.785000	1.715250	6.573810	87.937634	0.000000
0	0	283	260.616000	4.810040	-0.333026	-21.521600	-1.980294	0.000000
0	0	284	264.158000	-12.753800	-32.791300	4.355260	-55.626488	0.000000
0	0	285	248.863000	-11.676500	-18.033800	-6.704570	-61.461097	0.000000
0	0	286	260.890000	-4.882850	-28.242100	-7.219230	-49.904523	0.000000
0	0	287	254.047000	1.304400	-15.307700	-6.812540	-42.564738	0.000000
0	0	288	254.107000	-9.205210	-19.858700	5.696340	-57.434696	0.000000
0	0	289	233.447000	-28.626800	-23.360500	19.405600	-70.392158	0.000000
0	0	290	228.667000	-4.272050	-4.570000	-21.349400	-66.535019	0.000000
0	0	291	234.588000	-65.438400	-28.594700	-10.143100	-78.198027	0.000000
0	0	292	194.870000	-22.703700	-42.816100	-24.965800	-58.967627	0.000000
0	0	293	210.878000	-34.099700	-23.119000	3.149100	-72.931708	0.000000
0	0	294	212.797000	-7.273140	-39.380500	-0.684870	-50.231990	0.000000
0	0	295	207.442000	-24.140800	-14.041300	-9.939310	-74.907962	0.000000
0	0	296	243.946000	-16.802600	-44.468100	1.780620	-55.349721	0.000000
0	0	297	227.110000	-57.276300	-42.203700	34.802400	-71.807788	0.000000
0	0	298	233.190000	-35.532600	-14.116400	13.453400	-79.166527	0.000000
0	0	299	251.714000	-14.705800	-27.898100	33.035400	-58.897429	0.000000
0	0	300	204.532000	-30.464900	-14.038800	37.792900	-77.629430	0.000000
0	0	301	225.926000	12.834000	-57.168200	15.574900	-38.673568	0.000000
0	0	302	222.365000	-20.346000	6.091070	-12.895500	81.666825	0.000000
0	0	303	241.695000	-24.935100	-12.635900	-14.565900	-76.563159	0.000000
0	0	304	236.923000	-67.493100	-6.404500	4.735640	-87.289683	0.000000
0	0	305	228.380000	-1.098850	-4.488820	-28.190100	-51.877666	0.000000
0	0	306	284.729000	-7.780840	-58.520300	-1.617610	-48.786804	0.000000
0	0	307	293.164000	-20.226700	-0.627898	5.510860	-89.110968	0.000000
0	0	308	238.263000	-20.880600	-48.335200	-8.214770	-56.682069	0.000000
0	0	309	241.389000	-23.867300	21.303000	23.536400	69.124586	0.000000
0	0	310	250.726000	-0.669623	-8.233190	11.581400	-47.324877	0.000000
0	0	311	292.850000	-29.491400	-17.597900	8.943860	-74.587463	0.000000
0	0	312	279.665000	-34.445400	-51.765100	-13.208100	-61.820243	0.000000
0	0	313	311.596000	-26.900800	-4.370330	-5.339310	-85.386146	0.000000
0	0	314	284.124000	19.919900	-7.552940	-23.219600	-10.382501	0.000000
0	0	315	294.448000	-22.177700	-72.801500	18.885400	-53.471219	0.000000
0	0	316	277.271000	-6.129280	-10.127000	2.767770	-60.592032	0.000000
0	0	317	344.075000	-18.508300	-31.552400	11.373300	-60.197715	0.000000
0	0	318	325.224000	-23.504400	-22.279500	19.579700	-68.266261	0.000000
0	0	319	371.375000	7.866680	-29.088600	2.608260	-37.433503	0.000000
0	0	320	400.104000	21.538300	-4.628870	12.990600	-6.064570	0.000000
0	0	321	403.067000	-34.947700	-8.370270	14.235900	-83.265449	0.000000
0	0	322	353.425000	-10.000300	2.078080	-16.038200	84.130452	0.000000
0	0	323	320.237000	-24.168000	-33.187000	10.418500	-63.031745	0.000000
0	0	324	227.437000	6.123260	-1.152610	-14.551200	-5.330158	0.000000
0	0	325	160.169000	13.223200	-17.480100	15.485700	-26.446764	0.000000
0	0	326	154.929000	-10.418000	-10.410900	-30.133800	-67.509765	0.000000
0	0	327	93.702300	-3.976520	3.258330	29.070800	70.334536	0.000000
0	0	328	108.072000	-2.518350	-4.724710	-14.815700	-59.029184	0.000000
0	0	329	144.676000	-23.701500	-12.839900	-5.987200	-75.777052	0.000000
0	0	330	117.247000	10.464200	-16.736000	0.008184	-28.992139	0.000000
0	0	331	115.500000	-2.216970	-6.925080	-6.945090	-53.875880	0.000000
0	0	332	114.709000	-3.753590	-37.932600	15.323500	-47.825630	0.000000
0	0	333	94.186900	-22.818400	-1.777410	-0.813291	-87.773006	0.000000
0	0	334	122.608000	-19.932700	-16.557200	-1.903170	-70.142554	0.000000
0	0	335	142.388000	-8.813810	9.200510	19.570200	66.885132	0.000000
0	0	336	103.017000	15.707700	-5.837000	13.615900	-10.192563	0.000000
0	0	337	112.248000	-55.537800	19.683000	20.158900	80.242652	0.000000
0	0	338	88.952800	-32.994400	0.650785	33.065100	89.435019	0.000000
0	0	339	99.499800	25.345900	6.145060	-8.926250	6.814137	0.000000
0	0	340	108.017000	24.121000	-1.441510	-10.449500	-1.710010	0.000000
0	0	341	144.247000	21.512000	14.083400	-13.250800	16.605912	0.000000
0	0	342	109.169000	40.816700	7.680440	-7.634110	5.328342	0.000000
0	0	343	109.240000	22.251800	-16.338300	18.244600	-18.143918	0.000000
0	0	344	103.085000	-17.399800	25.937000	-33.304300	61.927815	0.000000
0	0	345	115.157000	16.243900	39.884400	-21.750300	33.920092	0.000000
0	0	346	104.364000	0.725007	15.405200	6.686750	43.652753	0.000000
0	0	347	80.037800	-24.507700	40.735800	9.026850	60.516096	0.000000
0	0	348	82.419000	-12.573800	4.235800	-28.090500	80.691305	0.000000
0	0	349	103.762000	39.600800	-20.437100	22.280900	-13.648631	0.000000
0	0	350	123.833000	-14.027200	4.959810	25.140100	80.263580	0.000000
0	0	351	150.687000	-22.904000	-11.457100	-13.643600	-76.712372	0.000000
0	0	352	180.794000	19.337900	14.721900	14.912200	18.640969	0.000000
0	0	353	228.405000	-4.872510	-3.659940	-0.058400	-71.544150	0.000000
0	0	354	204.736000	-8.568870	-0.705879	-2.887700	-87.645385	0.000000
0	0	355	160.437000	-21.720600	9.248960	-1.234220	78.467481	0.000000
0	0	356	161.847000	-28.682500	25.694800	7.532750	69.072445	0.000000
0	0	357	157.553000	47.201800	11.796600	-3.234990	7.015922	0.000000
0	0	358	187.318000	0.082910	6.909320	-10.909900	44.656249	0.000000
0	0	359	158.862000	-2.353740	-0.833214	13.510500	-80.253126	0.000000
0	0	360	181.864000	-47.051000	35.651100	3.783970	71.424180	0.000000
0	0	361	165.485000	-3.269380	-4.972330	30.441500	-61.662754	0.000000
0	0	362	154.704000	29.543800	-24.893800	-10.214700	-20.058854	0.000000
0	0	363	180.677000	17.794100	-0.783296	-4.667870	-1.260266	0.000000
0	0	364	225.475000	-1.793050	-27.744400	-12.766500	-46.848869	0.000000
0	0	365	240.172000	-12.264500	5.161070	5.728390	78.588987	0.000000
0	0	366	200.217000	-6.365820	37.567500	-4.673020	49.808713	0.000000
0	0	367	227.886000	24.631900	23.688500	-16.870400	21.940754	0.000000
0	0	368	214.532000	-49.903000	0.570713	-30.372600	89.672384	0.000000
0	0	369	204.450000	-23.333500	19.973900	5.678200	69.717937	0.000000
0	0	370	176.448000	9.369180	-1.318710	14.817400	-4.005870	0.000000
0	0	371	59.774500	-4.528870	10.955000	12.551500	56.230264	0.000000
0	0	372	47.273600	-29.572500	38.983100	20.202000	63.591940	0.000000
0	0	373	93.619300	-22.950600	3.074570	-21.390500	86.184909	0.000000
0	0	374	67.614600	22.765300	-14.223400	0.717524	-15.998246	0.000000
0	0	375	29.406800	-10.032500	-2.772720	0.147554	-82.275298	0.000000
0	0	376	116.316000	-2.320770	5.244460	4.451520	56.935136	0.000000
0	0	377	70.157700	-13.603700	7.225910	28.774800	76.011997	0.000000
0	0	378	47.548900	21.881800	-10.340400	32.322400	-12.646704	0.000000
0	0	379	96.417400	12.980200	-3.113180	-21.617100	-6.743551	0.000000
0	0	380	77.169300	5.996780	1.339800	4.142730	6.297092	0.000000
0	0	381	93.126300	-9.488290	-14.188200	16.436100	-61.886217	0.000000
0	0	382	116.005000	-24.822200	-24.161100	-24.128900	-67.886621	0.000000
0	0	383	152.501000	5.462550	2.989510	7.320860	14.345364	0.000000
0	0	384	186.630000	19.452500	65.983300	5.259470	36.786993	0.000000
0	0	385	168.358000	22.363000	13.282100	-4.972180	15.353715	0.000000
0	0	386	191.502000	-9.805070	18.622000	30.351500	58.884110	0.000000
0	0	387	112.167000	-26.818300	23.674500	16.400800	69.281385	0.000000
0	0	388	161.734000	27.159200	36.179000	5.584450	26.552411	0.000000
0	0	389	116.658000	4.499120	23.292300	34.786500	39.533719	0.000000
0	0	390	120.344000	-27.806500	1.300510	-11.012700	88.661114	0.000000
0	0	391	143.048000	-10.068100	12.958000	0.995678	63.923237	0.000000
0	0	392	141.012000	4.975020	2.239870	6.576400	12.119192	0.000000
0	0	393	123.848000	8.887150	0.471041	11.653700	1.516990	0.000000
0	0	394	120.603000	1.200230	15.171400	-6.442840	42.738337	0.000000
0	0	395	92.478500	-4.963850	7.484130	-2.685760	61.777166	0.000000
0	0	396	110.764000	-6.378290	-0.414981	11.088700	-88.138749	0.000000
0	0	397	94.559500	12.689600	12.552100	33.449100	22.343947	0.000000
0	0	398	102.661000	-36.180900	-5.312220	14.393500	-85.823645	0.000000
0	0	399	124.378000	-29.858500	-9.689760	-25.664200	-81.010289	0.000000
0	0	400	95.754500	37.925500	31.587200	14.250000	19.895034	0.000000
0	0	401	124.605000	-13.692100	-27.197100	-41.223000	-58.361249	0.000000
0	0	402	105.382000	0.469772	-13.861700	-10.962400	-44.029497	0.000000
0	0	403	110.997000	-25.357900	22.488400	18.965100	69.216053	0.000000
0	0	404	91.324700	6.268880	19.971400	-4.449830	36.286649	0.000000
0	0	405	68.879200	17.405000	-9.182560	11.328200	-13.907655	0.000000
0	0	406	117.628000	17.684300	4.783280	14.744600	7.567649	0.000000
0	0	407	98.720100	-6.510770	26.929000	-2.692220	51.795939	0.000000
0	0	408	104.309000	-5.141930	-16.517900	-7.244050	-53.645537	0.000000
0	0	409	60.775100	43.167400	-24.820200	11.925400	-14.948925	0.000000
0	0	410	97.589400	34.386300	-16.964400	0.333701	-13.129659	0.000000
0	0	411	91.343700	8.769560	0.644422	-24.286200	2.101383	0.000000
0	0	412	106.169000	10.586500	-18.323800	12.663200	-29.991501	0.000000
0	0	413	51.045400	-5.922200	-29.004100	-0.314109	-50.770151	0.000000
0	0	414	133.969000	13.309900	-7.827270	3.182530	-15.229441	0.000000
0	0	415	64.466700	9.527480	-54.532700	24.389200	-40.044902	0.000000
0	0	416	77.694100	-2.429820	35.268200	-7.014590	46.970597	0.000000
0	0	417	51.363900	-2.498220	15.998100	-6.440800	49.437737	0.000000
0	0	418	88.641500	-11.168000	1.178460	2.794760	86.988188	0.000000
0	0	419	91.815200	10.702600	-0.579936	-10.600400	-1.550811	0.000000
0	0	420	112.570000	-32.213700	-15.194600	28.769700	-77.373812	0.000000
0	0	421	124.806000	-22.104200	22.344600	5.598400	67.345060	0.000000
0	0	422	133.772000	7.212930	17.866200	-6.355410	34.007559	0.000000
0	0	423	144.341000	35.329400	14.897200	-20.086200	11.431745	0.000000
0	0	424	147.294000	31.060500	-1.304880	-23.302700	-1.202817	0.000000
0	0	425	110.666000	-0.847026	-1.322700	-9.239420	-61.317272	0.000000
0	0	426	133.367000	22.555300	-5.239760	36.501700	-6.539128	0.000000
0	0	427	70.315100	-52.832000	23.078100	6.478490	78.201654	0.000000
0	0	428	41.898100	-6.844470	19.674600	-43.619400	54.590973	0.000000
0	0	429	49.791000	-10.209200	-9.290810	1.522620	-68.848231	0.000000
0	0	430	46.664000	10.434000	-17.853500	-22.561800	-29.848497	0.000000
0	0	431	49.940800	24.204300	15.240200	41.618000	16.098253	0.000000
0	0	432	31.563200	29.300200	-2.885060	-10.320400	-2.811766	0.000000
0	0	433	54.606100	-7.986280	24.649800	11.473900	53.975894	0.000000
0	0	434	29.190200	-1.718930	-15.027700	4.292960	-48.262683	0.000000
0	0	435	46.786500	3.314670	-4.495320	-11.016900	-26.798207	0.000000
0	0	436	23.863900	-1.609600	-24.785300	7.702940	-46.857834	0.000000
0	0	437	40.711100	23.755100	12.980700	2.634070	14.326944	0.000000
0	0	438	-16.943500	-38.835900	5.733560	-0.347105	85.800886	0.000000
0	0	439	25.278600	-12.674900	8.463330	-30.364400	73.134014	0.000000
0	0	440	50.497500	29.836300	5.782230	5.664720	5.483937	0.000000
0	0	441	24.887700	4.282480	-17.660300	18.304700	-38.184671	0.000000
0	0	442	66.255600	25.031200	-23.882500	15.909600	-21.827350	0.000000
0	0	443	41.029000	35.551500	-1.557130	-1.804020	-1.253955	0.000000
0	0	444	29.495400	29.332000	-19.418900	25.446300	-16.753037	0.000000
0	0	445	40.829400	20.513700	-39.770300	11.960800	-31.357556	0.000000
0	0	446	45.822500	-3.397010	-6.796120	20.368600	-58.278984	0.000000
0	0	447	22.899700	24.989400	-13.628200	7.166950	-14.303125	0.000000
0	0	448	15.608600	-5.483940	2.754790	5.980180	76.663948	0.000000
0	0	449	65.631500	8.261960	1.164310	19.009700	4.010769	0.000000
0	0	450	7.588730	-2.087170	4.173000	6.334620	58.286205	0.000000
0	0	451	52.966800	16.821100	-7.017120	-15.526100	-11.322016	0.000000
0	0	452	17.693800	35.121300	0.390864	3.173170	0.318808	0.000000
0	0	453	65.254300	6.691240	13.206000	-18.979900	31.564748	0.000000
0	0	454	76.016100	-4.010780	31.188700	15.933800	48.663930	0.000000
0	0	455	71.712400	-3.925810	-7.799280	1.957120	-58.359323	0.000000
0	0	456	38.586200	5.467030	-27.325300	0.420505	-39.343048	0.000000
0	0	457	68.420600	4.937760	-47.059300	15.287400	-42.005041	0.000000
0	0	458	78.530500	-18.955900	16.578400	-11.279000	69.413897	0.000000
0	0	459	34.659500	-24.450900	17.100800	23.540300	72.515655	0.000000
0	0	460	45.375700	8.255110	-7.957480	28.186500	-21.974142	0.000000
0	0	461	31.741100	-10.455900	28.712800	-19.778600	55.004665	0.000000
0	0	462	52.530900	6.772050	-8.373150	-0.476363	-25.517352	0.000000
0	0	463	47.402400	-14.260500	-9.572300	-9.304770	-73.064340	0.000000
0	0	464	38.318000	-6.893620	-17.216400	24.268600	-55.910831	0.000000
0	0	465	22.487400	-7.636740	-12.278800	12.878900	-60.939673	0.000000
0	0	466	-18.599600	-11.505300	4.293600	-3.049470	79.767602	0.000000
0	0	467	29.863100	5.106910	-15.193500	-28.505800	-35.710617	0.000000
0	0	468	49.734900	-19.697100	30.054400	11.956500	61.620048	0.000000
0	0	469	22.563700	16.739300	14.082500	-2.483570	20.036677	0.000000
0	0	470	58.096500	11.265700	1.117530	-37.862100	2.832534	0.000000
0	0	471	86.350600	12.383500	-0.327638	20.287600	-0.757778	0.000000
0	0	472	30.926100	31.376300	0.731580	3.068690	0.667842	0.000000
0	0	473	51.446900	15.831700	-19.180700	-24.299600	-25.231912	0.000000
0	0	474	46.646600	4.813820	-5.381210	12.450700	-24.092715	0.000000
0	0	475	40.507800	-37.918000	22.279600	-4.132330	74.781324	0.000000
0	0	476	6.483350	15.265800	2.266780	-16.839200	4.222996	0.000000
0	0	477	22.588400	18.721000	-30.025100	-18.373100	-29.027990	0.000000
0	0	478	-3.092620	18.111700	-36.735200	-22.506900	-31.877569	0.000000
0	0	479	10.827700	-4.475570	-1.761960	-2.008800	-79.255619	0.000000
0	0	480	41.630600	-5.256280	5.879420	-22.806000	65.898570	0.000000
0	0	481	-27.496100	35.740900	-30.490800	23.251000	-20.233858	0.000000
0	0	482	21.260800	-6.211390	-32.769600	-17.510500	-50.366466	0.000000
0	0	483	-6.305680	-3.475810	8.654930	8.304040	55.940169	0.000000
0	0	484	-24.311800	4.837330	-39.181700	11.046300	-41.480970	0.000000
0	0	485	-28.672300	-11.223500	15.619200	-14.080700	62.849959	0.000000
0	0	486	8.811820	16.080200	-0.134415	35.138500	-0.239463	0.000000
0	0	487	18.853800	4.714770	-11.952100	8.200740	-34.236074	0.000000
0	0	488	19.851400	-8.592820	15.219500	-1.299290	59.724380	0.000000
0	0	489	36.712600	47.176100	5.624080	-26.733300	3.399204	0.000000
0	0	490	54.933300	-14.993700	-53.825100	17.895200	-52.782944	0.000000
0	0	491	18.981900	-8.275700	-3.969410	16.246400	-77.187730	0.000000
0	0	492	5.758330	26.015700	-21.705100	-1.940090	-19.919252	0.000000
0	0	493	16.538200	-29.173400	11.152400	51.729900	79.539579	0.000000
0	0	494	23.686300	6.222980	-14.993400	9.983900	-33.729603	0.000000
0	0	495	-10.417400	18.637100	-22.511700	22.964600	-25.189575	0.000000
0	0	496	18.326400	-1.671930	-6.372350	-13.046300	-52.350737	0.000000
0	0	497	12.049300	-11.014300	8.011430	-24.821900	71.984561	0.000000
0	0	498	39.059700	11.044100	26.529100	-2.714260	33.698986	0.000000
0	0	499	9.796110	54.982800	-9.573610	8.794190	-4.938661	0.000000
0	0	500	7.126220	18.127500	4.550210	16.012500	7.045387	0.000000
0	0	501	4.479930	-1.785750	4.445270	33.049400	55.943136	0.000000
0	0	502	-11.981400	5.909100	-19.967900	20.969300	-36.757468	0.000000
0	0	503	-18.862200	-25.701000	10.581000	-10.258900	78.811614	0.000000
0	0	504	-0.038172	-3.596410	-25.750400	10.363600	-48.975371	0.000000
0	0	505	-8.027280	-13.789400	-12.055200	-8.761540	-69.419426	0.000000
0	0	506	90.575000	36.382500	-2.547280	-27.323600	-2.002482	0.000000
0	0	507	-13.444900	24.865200	9.004930	-9.034170	9.953925	0.000000
0	0	508	34.279500	27.743900	-18.971200	3.905560	-17.182105	0.000000
0	0	509	25.297200	45.400600	-18.737400	8.713200	-11.213278	0.000000
0	0	510	11.532200	-19.064000	12.873100	-13.736300	72.985267	0.000000
0	0	511	7.111280	24.837800	15.823600	26.379700	16.250145	0.000000
0	0	512	21.663400	-8.597400	-25.823200	-1.952620	-54.207156	0.000000
0	0	513	15.678900	-21.343800	1.717700	3.332700	87.699442	0.000000
0	0	514	-32.733000	2.691900	-11.401700	-24.652100	-38.357967	0.000000
0	0	515	25.875600	-22.895400	-15.285500	-0.527819	-73.136004	0.000000
0	0	516	-21.552300	4.240130	4.197300	-9.392680	22.354579	0.000000
0	0	517	-4.626540	-6.454020	-1.913230	-26.459200	-81.744034	0.000000
0	0	518	11.440800	8.042480	9.963250	-1.784370	25.544514	0.000000
0	0	519	5.672080	6.518040	-4.720360	-11.446600	-17.956015	0.000000
0	0	520	9.944580	14.086300	-20.470400	-0.442320	-27.733483	0.000000
0	0	521	4.879500	7.277640	-22.501700	-19.538600	-36.038716	0.000000
0	0	522	-34.076100	-1.262620	-7.358690	24.049700	-49.868064	0.000000
0	0	523	11.281100	14.890400	16.129500	28.116700	23.643741	0.000000
0	0	524	-9.304390	-0.886692	7.789510	3.674400	48.247057	0.000000
0	0	525	-4.892970	-6.861770	12.967400	18.529500	58.942899	0.000000
0	0	526	2.642810	28.656300	-16.082200	-5.169220	-14.650786	0.000000
0	0	527	10.936100	-37.591600	37.153800	26.903400	67.667795	0.000000
0	0	528	-11.324300	-20.537400	13.694100	-7.676890	73.152552	0.000000
0	0	529	18.701700	10.572100	1.903350	23.841000	5.102963	0.000000
0	0	530	22.804900	-26.969200	-7.576590	-34.562500	-82.154047	0.000000
0	0	531	-8.909440	-14.460900	-9.221660	16.869700	-73.737250	0.000000
0	0	532	17.157600	7.887860	0.082997	26.208800	0.301426	0.000000
0	0	533	0.608382	-41.535300	31.159800	20.720100	71.561377	0.000000
0	0	534	3.958040	1.016740	-27.367800	14.267500	-43.936193	0.000000
0	0	535	27.950100	4.285840	-9.101040	-17.404100	-32.391714	0.000000
0	0	536	26.329200	10.591900	-12.485700	-5.290740	-24.845655	0.000000
0	0	537	-5.711220	6.526020	22.393300	15.855200	36.876217	0.000000
0	0	538	23.665200	23.578800	-12.540900	-14.087700	-14.003627	0.000000
0	0	539	-32.907300	7.514080	6.312230	-24.536600	20.016030	0.000000
0	0	540	23.560500	7.818630	24.943000	10.851500	36.297942	0.000000
0	0	541	8.487410	-18.170900	-4.707910	-2.977990	-82.737299	0.000000
0	0	542	-18.533500	-7.428130	3.851160	12.827700	76.297619	0.000000
0	0	543	-41.722800	9.440850	-19.538700	-24.325900	-32.105380	0.000000
0	0	544	0.541734	26.202600	-32.767200	-14.858700	-25.676046	0.000000
0	0	545	19.378200	9.731950	49.210500	5.887530	39.406718	0.000000
0	0	546	-13.625900	-2.275090	-6.278680	-28.170900	-54.959034	0.000000
0	0	547	-14.373100	-9.825290	4.481180	-34.581400	77.741461	0.000000
0	0	548	10.987300	2.690200	-5.375380	29.237500	-31.706775	0.000000
0	0	549	-10.427800	1.103910	15.011900	-8.006740	42.897143	0.000000
0	0	550	-32.994900	20.117500	34.150600	0.610562	29.749216	0.000000
0	0	551	-9.491420	-8.966590	-19.995000	-18.596600	-57.076725	0.000000
0	0	552	5.101570	-18.535700	-29.905700	9.461300	-60.895419	0.000000
0	0	553	-16.568700	-16.326400	31.046000	-13.722300	58.869441	0.000000
0	0	554	-5.624620	5.565020	14.611000	-6.826180	34.574612	0.000000
0	0	555	4.381740	-20.084700	-22.952600	-6.569440	-65.593793	0.000000
0	0	556	-3.545780	21.834500	13.396400	17.308600	15.765448	0.000000
0	0	557	12.906400	-30.726100	-0.345403	-30.592700	-89.677972	0.000000
0	0	558	-21.412900	-13.690200	11.915900	-15.154800	69.481904	0.000000
0	0	559	1.810040	17.143000	-22.217300	-15.281100	-26.173005	0.000000
0	0	560	-8.831770	-5.271360	10.120400	-5.958060	58.756710	0.000000
0	0	561	-2.431030	18.367500	-11.968400	-14.930900	-16.544283	0.000000
0	0	562	-24.119700	-17.570200	9.942290	-11.092200	75.248087	0.000000
0	0	563	8.327960	-13.223800	12.310800	-17.483900	68.523881	0.000000
0	0	564	-39.511700	16.007500	-31.603900	12.158900	-31.568803	0.000000
0	0	565	6.988730	7.954550	-24.830600	18.542300	-36.118499	0.000000
0	0	566	32.807900	-1.955970	-8.133310	5.473100	-51.761106	0.000000
0	0	567	-13.810900	-30.163400	22.829700	-6.389040	71.439551	0.000000
0	0	568	-25.417400	2.030290	0.535739	2.743950	7.390941	0.000000
0	0	569	34.133200	10.647300	-31.905300	-7.398390	-35.772668	0.000000
0	0	570	10.555800	11.986100	11.727200	16.165000	22.187237	0.000000
0	0	571	29.236000	25.578500	9.791900	9.978650	10.473863	0.000000
0	0	572	23.670200	6.475440	-16.575700	30.244200	-34.330735	0.000000
0	0	573	-25.141100	10.905800	10.826800	8.565630	22.395863	0.000000
0	0	574	-17.074700	4.271120	1.966590	9.755840	12.361592	0.000000
0	0	575	-26.856100	9.468980	-15.734600	6.247740	-29.480372	0.000000
0	0	576	4.383140	-3.388370	-20.285500	14.834200	-49.741402	0.000000
0	0	577	16.750200	-20.919100	-33.015100	-18.818100	-61.179627	0.000000
0	0	578	11.785000	3.100320	-13.108700	-21.035100	-38.346782	0.000000
0	0	579	5.285440	33.122700	-2.683010	2.459170	-2.315485	0.000000
0	0	580	32.223200	-39.607800	7.962130	20.760700	84.316824	0.000000
0	0	581	-9.716200	36.216400	37.712800	-5.700330	23.079782	0.000000
0	0	582	-14.963400	-8.774380	-24.470600	5.154760	-54.863111	0.000000
0	0	583	-1.089850	-14.850200	-26.372800	-25.131200	-59.691664	0.000000
0	0	584	-1.076360	-19.285400	-9.955090	9.292940	-76.348648	0.000000
0	0	585	-11.057300	6.494010	-31.553900	-14.706300	-39.185257	0.000000
0	0	586	5.351560	-4.872640	37.257300	-7.482260	48.725526	0.000000
0	0	587	-24.478600	8.764340	7.776440	14.261400	20.791032	0.000000
0	0	588	-49.014900	-26.027100	-8.070400	23.161300	-81.386275	0.000000
0	0	589	-30.391400	-10.528400	7.597070	40.120600	72.093292	0.000000
0	0	590	-27.521300	-2.755140	-34.808300	-11.384000	-47.262815	0.000000
0	0	591	-45.575500	-28.860700	-24.947000	31.648000	-69.580040	0.000000
0	0	592	-14.590500	-13.180800	22.566200	-9.542130	60.144489	0.000000
0	0	593	-19.010200	13.063900	-5.630020	0.056976	-11.657058	0.000000
0	0	594	-28.547700	12.051100	-13.282400	4.072890	-23.891296	0.000000
0	0	595	-16.451200	13.099100	12.657100	-7.382500	22.008424	0.000000
0	0	596	-11.600600	-20.282900	-14.689600	11.243600	-72.043301	0.000000
0	0	597	33.779800	-17.104600	16.994500	30.290000	67.592499	0.000000
0	0	598	2.694080	-24.114900	-18.419400	14.232600	-71.313375	0.000000
0	0	599	0.954330	-20.643700	-9.474390	7.986110	-77.673663	0.000000
0	0	600	-0.324756	-29.362900	-2.728960	-4.497790	-87.345119	0.000000
0	0	601	25.628200	-12.983800	19.439000	15.021000	61.869982	0.000000
0	0	602	-21.806900	36.288400	-6.113640	29.523900	-4.781514	0.000000
0	0	603	-1.643750	10.414000	19.887800	5.109910	31.180877	0.000000
0	0	604	11.171200	15.291200	-1.838700	10.127700	-3.428323	0.000000
0	0	605	12.744300	-11.931600	26.298700	-5.148880	57.201789	0.000000
0	0	606	27.066700	-5.042880	23.325600	10.651100	51.099656	0.000000
0	0	607	4.826550	19.722900	-2.784440	10.433700	-4.017899	0.000000
0	0	608	-30.693500	3.503480	21.009100	5.798080	40.266234	0.000000
0	0	609	0.761899	-8.526660	3.844470	16.003200	77.865255	0.000000
0	0	610	-4.081430	-10.161000	-5.559580	-15.676200	-75.657387	0.000000
0	0	611	20.661600	0.791907	13.102200	12.898000	43.270603	0.000000
0	0	612	26.623500	26.112700	32.806200	25.457700	25.740659	0.000000
0	0	613	4.259970	21.479100	-4.090640	17.616500	-5.391355	0.000000
0	0	614	-41.254500	-20.086900	14.991300	-38.007600	71.632601	0.000000
0	0	615	7.258650	18.670600	0.143469	42.474600	0.220132	0.000000
0	0	616	14.268500	0.266638	-0.214519	11.933500	-19.408908	0.000000
0	0	617	13.875500	1.766870	-24.033200	-11.696500	-42.897650	0.000000
0	0	618	13.959000	5.555130	51.281400	-0.317371	41.908731	0.000000
0	0	619	21.507200	-3.707510	39.754800	-7.773980	47.663981	0.000000
0	0	620	-3.537690	-18.047100	-13.030800	6.852760	-72.084530	0.000000
0	0	621	-1.725140	-14.077400	-32.368800	-24.423900	-56.752267	0.000000
0	0	622	21.283200	-1.733920	-3.429510	-15.255200	-58.410313	0.000000
0	0	623	-7.441130	-5.687610	-1.777600	-28.307200	-81.321970	0.000000
0	0	624	-8.822430	-9.263870	55.612900	8.782810	49.728682	0.000000
0	0	625	11.766400	12.612000	31.005300	12.914300	33.932512	0.000000
0	0	626	-21.058800	-16.478900	10.832200	25.194300	73.340789	0.000000
0	0	627	32.728900	6.674630	14.610800	-48.478200	32.723864	0.000000
0	0	628	-14.963900	-2.205500	8.381940	-13.769300	52.370907	0.000000
0	0	629	-20.999200	-10.018500	-19.637700	22.076300	-58.514580	0.000000
0	0	630	-13.438300	6.512000	-20.330600	12.174000	-36.119730	0.000000
0	0	631	20.991700	-8.417810	-12.794000	-21.831300	-61.671455	0.000000
0	0	632	-2.114000	13.985900	47.373600	-10.978000	36.776025	0.000000
0	0	633	10.257700	10.870600	8.004180	-3.242420	18.182377	0.000000
0	0	634	-3.947590	34.962700	-16.156500	-5.502550	-12.400989	0.000000
0	0	635	31.205900	-1.348220	-10.800500	-15.722300	-48.557696	0.000000
0	0	636	29.962400	-16.177600	22.866200	-16.090100	62.639506	0.000000
0	0	637	-33.374700	5.565380	-1.565270	27.165500	-7.854352	0.000000
0	0	638	-15.887000	9.630390	5.129270	6.863950	14.020170	0.000000
0	0	639	-27.092200	16.200500	14.956100	-5.748770	21.356406	0.000000
0	0	640	1.528030	-16.964800	-31.102000	-10.972400	-59.305281	0.000000
0	0	641	-19.485600	-18.301300	-30.293600	-41.724500	-60.568736	0.000000
0	0	642	22.405900	-11.033900	5.365590	-12.337300	77.033583	0.000000
0	0	643	5.701500	22.094100	-3.523830	-24.934200	-4.530945	0.000000
0	0	644	-11.174200	19.362100	23.166900	4.878680	25.056140	0.000000
0	0	645	23.514500	24.309800	-25.655900	16.396300	-23.271601	0.000000
0	0	646	9.427030	28.193900	22.046500	-9.074310	19.011991	0.000000
0	0	647	5.319690	17.875200	4.049210	22.671600	6.381807	0.000000
0	0	648	-5.015540	2.266180	3.841550	38.222800	29.731548	0.000000
0	0	649	-11.009000	43.705800	3.877980	14.527300	2.535265	0.000000
0	0	650	-10.866900	-16.597500	-40.824500	-14.795400	-56.062281	0.000000
0	0	651	23.820100	-2.621780	-4.122110	-16.151000	-61.228764	0.000000
0	0	652	13.435400	-15.320600	-18.611600	16.922100	-64.730175	0.000000
0	0	653	0.419454	22.912500	-1.683220	3.134080	-2.100785	0.000000
0	0	654	28.090700	-0.919025	20.428000	-38.125800	46.287957	0.000000
0	0	655	3.396630	28.436100	-3.800750	5.835710	-3.806497	0.000000
0	0	656	-15.906800	3.850270	29.187000	5.956550	41.242544	0.000000
0	0	657	13.219900	-18.058500	-2.335030	-4.367870	-86.316163	0.000000
0	0	658	28.120100	10.518000	-0.299163	27.102100	-0.814611	0.000000
0	0	659	38.836700	-5.288970	-2.723540	26.333900	-76.376963	0.000000
0	0	660	12.511900	-17.059500	10.063900	22.464700	74.731199	0.000000
0	0	661	14.882000	4.747590	-22.629700	-0.733590	-39.075745	0.000000
0	0	662	41.181100	18.525300	41.807000	-13.215900	33.050580	0.000000
0	0	663	33.493500	21.329000	-21.735900	-6.565010	-22.770672	0.000000
0	0	664	5.804190	-18.911900	-6.260750	-22.695300	-80.841484	0.000000
0	0	665	-22.907400	-12.081200	-5.066570	9.749780	-78.623987	0.000000
0	0	666	29.419600	-24.316400	6.162120	1.322410	82.889898	0.000000
0	0	667	9.592300	-7.782740	-14.489500	11.778700	-59.120782	0.000000
0	0	668	0.830951	-0.491992	21.908300	-9.482010	45.643234	0.000000
0	0	669	14.091000	-6.837490	-40.091800	-34.457300	-49.839219	0.000000
0	0	670	18.329000	17.826600	26.596600	-15.549700	28.083845	0.000000
0	0	671	16.576100	22.163800	12.696000	1.772400	14.902601	0.000000
0	0	672	8.153820	14.146400	-38.085800	-5.739780	-34.811620	0.000000
0	0	673	13.479400	-10.017700	-9.461020	44.230900	-68.318502	0.000000
0	0	674	-28.413900	-12.901000	-19.888800	7.439490	-61.484861	0.000000
0	0	675	-12.669400	-25.712900	-12.510800	-4.662510	-77.027211	0.000000
0	0	676	6.555250	-3.492170	0.455932	-26.816200	86.280815	0.000000
0	0	677	-40.006400	-1.694070	-17.698800	-30.895800	-47.733752	0.000000
0	0	678	11.046500	7.410980	-13.460100	-13.767600	-30.581656	0.000000
0	0	679	-19.254700	-23.852500	37.042500	10.793200	61.389199	0.000000
0	0	680	7.405360	7.001250	-25.606700	49.687900	-37.354112	0.000000
0	0	681	9.167850	4.531260	-13.781800	-6.989410	-35.899935	0.000000
0	0	682	-18.678800	-0.287136	-17.769900	14.369200	-45.462868	0.000000
0	0	683	14.702600	-33.789400	17.318400	6.278470	76.431535	0.000000
0	0	684	-34.082700	-6.901240	11.440300	-6.998250	60.550018	0.000000
0	0	685	16.892300	-5.872750	-18.972600	3.842000	-53.599654	0.000000
0	0	686	12.605100	-7.896990	-0.077632	-14.590100	-89.718385	0.000000
0	0	687	13.714300	-24.412500	10.812900	-8.269250	78.055131	0.000000
0	0	688	-29.579600	15.095600	-12.896400	17.072400	-20.253884	0.000000
0	0	689	8.992630	7.953460	-12.204300	-26.594900	-28.453992	0.000000
0	0	690	-6.491660	0.589055	32.630500	2.179670	44.482896	0.000000
0	0	691	13.728200	-27.372700	-10.752000	-2.713000	-79.277547	0.000000
0	0	692	-0.520285	-1.368040	-9.389030	-48.896200	-49.145007	0.000000
0	0	693	34.181100	-40.441600	-4.926690	10.431800	-86.527160	0.000000
0	0	694	6.525060	8.740910	-23.157900	-10.017600	-34.660536	0.000000
0	0	695	25.608100	15.931700	43.816800	7.445000	35.009418	0.000000
0	0	696	-3.020120	33.784900	-2.284970	16.488900	-1.934593	0.000000
0	0	697	5.757150	5.639130	10.520300	-21.673600	30.903819	0.000000
0	0	698	9.094300	32.701500	20.538400	6.545020	16.065578	0.000000
0	0	699	25.460400	-19.893600	25.634800	13.692800	63.906426	0.000000
0	0	700	15.919400	-40.114900	-19.047100	-10.902100	-77.300498	0.000000
0	0	701	29.715100	12.213800	-11.561000	21.453500	-21.713594	0.000000
0	0	702	31.940700	-7.826140	-31.014500	6.128230	-52.081129	0.000000
0	0	703	18.628400	23.588500	-25.853600	-10.569000	-23.811534	0.000000
0	0	704	16.987800	-19.741800	-30.664500	29.748700	-61.386714	0.000000
0	0	705	20.493700	14.425500	-14.703600	14.733700	-22.773498	0.000000
0	0	706	30.703900	-26.789800	-14.729500	-14.021200	-75.598618	0.000000
0	0	707	15.745500	7.295270	-52.962500	-17.082900	-41.078600	0.000000
0	0	708	12.074800	0.881953	-40.716000	-14.418300	-44.379552	0.000000
0	0	709	-24.072100	10.064100	19.274100	-44.622700	31.214193	0.000000
0	0	710	17.897100	16.013900	14.457000	36.242800	21.037518	0.000000
0	0	711	22.780200	-5.183840	17.858900	32.667700	53.093121	0.000000
0	0	712	9.527810	-18.592400	-10.630600	-20.147700	-75.120160	0.000000
0	0	713	14.244900	23.626500	4.814900	-11.579700	5.759354	0.000000
0	0	714	65.225100	6.218330	23.991800	34.684600	37.734749	0.000000
0	0	715	14.115600	-1.894600	-1.161740	28.626500	-74.242003	0.000000
0	0	716	7.054070	16.797800	-4.225350	-13.457100	-7.059680	0.000000
0	0	717	45.312600	-15.734800	12.785100	11.912800	70.452440	0.000000
0	0	718	42.564700	-7.379090	40.542600	-11.927200	50.157695	0.000000
0	0	719	-19.697900	12.573700	-17.939200	-31.229000	-27.486570	0.000000
0	0	720	43.705800	25.858900	-19.456900	-4.213200	-18.479371	0.000000
0	0	721	-7.749320	29.066900	8.064310	27.736200	7.753061	0.000000
0	0	722	13.379400	21.838200	12.188900	-11.455300	14.583944	0.000000
0	0	723	41.705800	22.077700	-9.286880	-45.305700	-11.406913	0.000000
0	0	724	35.225800	3.501420	-3.447130	11.476700	-22.276175	0.000000
0	0	725	23.703400	1.219440	-13.614300	22.477800	-42.440823	0.000000
0	0	726	-34.403800	-9.388610	-19.690300	4.354700	-57.746229	0.000000
0	0	727	20.004400	-1.696320	50.099400	20.962300	45.969621	0.000000
0	0	728	18.273800	35.036800	-7.473930	2.264370	-6.020828	0.000000
0	0	729	8.659140	12.758800	-23.151300	-14.778000	-30.570308	0.000000
0	0	730	9.124750	-7.107760	-40.148600	6.513530	-50.019706	0.000000
0	0	731	6.672760	-20.569900	-17.261300	15.185800	-69.999097	0.000000
0	0	732	22.028700	23.272800	8.452580	12.157200	9.980401	0.000000
0	0	733	37.186900	35.417900	7.454830	-0.909542	5.943113	0.000000
0	0	734	12.052700	-3.128270	18.633500	-3.745790	49.765091	0.000000
0	0	735	-5.933630	-21.716500	-9.655320	2.948160	-78.014854	0.000000
0	0	736	16.646200	-2.897820	7.511830	-35.427500	55.547497	0.000000
0	0	737	4.240020	-7.180120	27.511800	-3.943190	52.313487	0.000000
0	0	738	-2.685580	9.567590	3.324250	-11.541600	9.579867	0.000000
0	0	739	12.380400	-0.093029	-15.627300	14.356900	-45.170539	0.000000
0	0	740	20.254000	27.840400	18.359500	-22.939300	16.701534	0.000000
0	0	741	-17.369700	-11.323100	8.500670	-21.279700	71.551544	0.000000
0	0	742	-0.615290	-0.097334	25.527900	0.444562	45.109230	0.000000
0	0	743	-29.989100	-23.354800	-11.995400	14.956200	-76.407120	0.000000
0	0	744	25.180800	28.463000	5.560360	-31.770700	5.526873	0.000000
0	0	745	38.882400	-26.252000	26.505100	20.032000	67.362564	0.000000
0	0	746	3.984110	-0.342286	-10.007900	-20.372600	-45.979421	0.000000
0	0	747	-1.650360	-31.315700	-1.756470	-18.338500	-88.394847	0.000000
0	0	748	-10.907300	16.178700	-5.891770	-5.143390	-10.005011	0.000000
0	0	749	23.248200	13.346800	20.674800	-30.204900	28.577689	0.000000
0	0	750	33.265700	-6.854530	-21.596200	2.956420	-53.804594	0.000000
0	0	751	24.564400	-6.331670	-14.375200	3.159870	-56.885735	0.000000
0	0	752	-31.440100	-7.133950	13.214200	6.416090	59.181639	0.000000
0	0	753	10.750700	-0.831478	-12.709800	1.502650	-46.871485	0.000000
0	0	754	7.414780	-13.903100	16.992800	-6.691740	64.644602	0.000000
0	0	755	-15.071000	-7.184700	-3.868010	1.536340	-75.851708	0.000000
0	0	756	17.228100	31.991100	-9.920880	-40.837000	-8.614691	0.000000
0	0	757	8.220820	23.000200	19.354200	12.670700	20.039964	0.000000
0	0	758	-35.146700	24.896400	13.801500	-32.961200	14.501056	0.000000
0	0	759	-30.517400	-5.517070	21.107200	6.870440	52.324215	0.000000
0	0	760	18.734900	29.050800	7.132670	-11.029700	6.897311	0.000000
0	0	761	9.040290	7.821150	-17.623400	22.205400	-33.034332	0.000000
0	0	762	-14.153400	-4.437850	21.037300	16.652200	50.955992	0.000000
0	0	763	-5.885620	-14.046100	29.501500	-5.884580	57.729905	0.000000
0	0	764	-2.750960	-20.879200	-22.459600	9.232720	-66.455784	0.000000
0	0	765	11.883400	24.099400	7.222480	5.636500	8.341617	0.000000
0	0	766	11.227700	14.383500	-3.996020	-2.396500	-7.763171	0.000000
0	0	767	-3.674310	-1.463170	13.392900	13.011100	48.117409	0.000000
0	0	768	-14.054500	6.917220	0.789805	29.303000	3.256898	0.000000
0	0	769	-31.497900	3.368770	34.211400	-37.188100	42.188129	0.000000
0	0	770	-12.330900	-15.069000	0.992726	8.083730	88.115438	0.000000
0	0	771	48.508900	13.982000	-18.879600	-21.085100	-26.738403	0.000000
0	0	772	9.108600	18.066300	2.017290	6.970770	3.185639	0.000000
0	0	773	6.162720	22.208100	17.517300	0.372281	19.132831	0.000000
0	0	774	11.307900	-5.787640	7.787390	10.794500	63.309988	0.000000
0	0	775	11.043100	4.747380	-11.497500	20.302700	-33.782002	0.000000
0	0	776	-29.298100	23.438000	43.004000	1.057560	30.704387	0.000000
0	0	777	5.337670	-17.628800	-22.498900	-46.808100	-64.040069	0.000000
0	0	778	7.837640	57.407100	-38.088500	-26.761300	-16.781752	0.000000
0	0	779	-5.702240	15.038400	6.642200	22.326100	11.915107	0.000000
0	0	780	23.818700	-11.902000	-17.240800	11.951400	-62.309420	0.000000
0	0	781	-6.329140	30.039200	-12.964500	13.163100	-11.672177	0.000000
0	0	782	4.790380	32.963000	-0.446342	22.283600	-0.387889	0.000000
0	0	783	-12.118800	44.155400	-10.865700	16.941900	-6.912294	0.000000
0	0	784	-18.977700	-16.913000	31.964600	19.764100	58.942030	0.000000
0	0	785	-30.969300	5.898320	-10.466100	-11.366900	-30.297973	0.000000
0	0	786	-5.465000	-3.163410	-27.568200	-56.348200	-48.272988	0.000000
0	0	787	13.987700	28.952600	-2.583010	-20.949000	-2.549077	0.000000
0	0	788	-6.883990	4.024070	-4.175480	0.205138	-23.028942	0.000000
0	0	789	7.719190	0.111667	-16.621400	-3.907540	-44.807539	0.000000
0	0	790	-14.746000	20.027800	-0.543548	-15.305000	-0.777304	0.000000
0	0	791	38.368300	9.368050	-9.413330	-12.662700	-22.569067	0.000000
0	0	792	-36.318000	8.322020	-8.332790	20.547900	-22.518525	0.000000
0	0	793	29.229600	7.286620	10.565300	10.414600	27.703477	0.000000
0	0	794	-17.019300	31.399700	17.697000	-24.389400	14.702893	0.000000
0	0	795	13.950300	23.660200	-23.159200	21.400100	-22.193459	0.000000
0	0	796	-7.761470	44.615800	-12.270500	4.378810	-7.688815	0.000000
0	0	797	-18.320800	-15.705700	3.301740	12.152600	84.063921	0.000000
0	0	798	0.279115	-11.321900	12.577900	11.032400	65.995859	0.000000
0	0	799	-11.021100	4.435270	20.075300	-15.796800	38.770837	0.000000
0	0	800	-14.582300	5.755970	22.688700	5.652250	37.882385	0.000000
0	0	801	19.717500	23.755600	-11.765900	4.547030	-13.174366	0.000000
0	0	802	-8.605120	-23.925900	-17.741000	10.981900	-71.721575	0.000000
0	0	803	-9.659040	-3.509140	15.354600	-25.978300	51.436645	0.000000
0	0	804	18.071900	-22.019700	15.798900	-5.200650	72.170482	0.000000
0	0	805	-1.912520	25.406100	-26.135300	-26.010400	-22.905279	0.000000
0	0	806	6.000190	24.622500	-18.043700	-14.554300	-18.117232	0.000000
0	0	807	-34.400500	16.423100	-26.571600	30.355900	-29.140523	0.000000
0	0	808	-13.889600	-5.441860	-18.552100	-2.450000	-53.173959	0.000000
0	0	809	15.295900	5.092930	-23.533400	-27.675500	-38.894384	0.000000
0	0	810	13.880900	-2.401570	3.543520	41.292500	62.063447	0.000000
0	0	811	18.622500	-1.042410	-11.368500	10.820700	-47.619481	0.000000
0	0	812	-11.699700	5.733420	-28.646200	-6.172430	-39.341014	0.000000
0	0	813	-9.551740	-16.472700	16.832100	16.160800	67.190866	0.000000
0	0	814	-16.276900	2.374480	17.092100	-5.599180	41.045469	0.000000
0	0	815	35.569700	-23.954700	27.542000	-10.938800	65.507584	0.000000
0	0	816	7.227880	-7.828850	-20.553400	-9.002290	-55.425992	0.000000
0	0	817	8.568500	62.384500	25.757500	27.103800	11.217449	0.000000
0	0	818	18.917400	-9.471040	-7.940050	-5.646100	-70.012600	0.000000
0	0	819	12.510500	14.985800	33.095100	-2.490590	32.819248	0.000000
0	0	820	18.794900	-2.304470	-24.941600	-21.085100	-47.639418	0.000000
0	0	821	-2.262140	23.951800	-19.479000	-14.839900	-19.560010	0.000000
0	0	822	-28.815100	29.723000	-40.302600	3.983620	-26.795690	0.000000
0	0	823	11.272400	-0.973940	7.379630	-18.511300	48.759132	0.000000
0	0	824	19.973900	-20.818500	-20.022000	36.605400	-68.058640	0.000000
0	0	825	39.326400	3.047240	13.121700	8.673750	38.462998	0.000000
0	0	826	14.806500	-3.912520	4.942780	-23.421300	64.181911	0.000000
0	0	827	25.316100	-11.795600	17.862400	5.012320	61.719572	0.000000
0	0	828	-12.465800	-6.671620	6.661500	32.092000	67.521744	0.000000
0	0	829	-21.006200	26.944800	-3.400570	2.289560	-3.596494	0.000000
0	0	830	-5.193250	9.806080	17.130000	51.227700	30.105496	0.000000
0	0	831	-9.480740	-9.904470	-8.930330	-13.631100	-68.980356	0.000000
0	0	832	17.541100	43.366700	25.192600	-20.963300	15.076589	0.000000
0	0	833	15.383200	14.352500	-8.418560	32.881500	-15.197027	0.000000
0	0	834	50.903100	22.673600	10.752300	19.599200	12.685648	0.000000
0	0	835	-27.934400	-1.796210	21.833600	3.854670	47.351514	0.000000
0	0	836	18.538700	16.554200	-14.194500	22.990800	-20.305820	0.000000
0	0	837	19.340000	14.410200	-15.543400	-29.303200	-23.583286	0.000000
0	0	838	24.880700	-9.586130	0.689223	-0.846674	87.943814	0.000000
0	0	839	15.177400	11.317400	-3.346140	-3.474030	-8.235508	0.000000
0	0	840	2.416620	13.417500	-16.908700	-17.435200	-25.783536	0.000000
0	0	841	26.477400	-9.009790	12.883800	-6.817120	62.482769	0.000000
0	0	842	-28.335000	3.413370	-7.820080	-25.973600	-33.209657	0.000000
0	0	843	-7.508810	2.370420	17.217900	-14.634600	41.080630	0.000000
0	0	844	-8.277380	-18.475500	-11.532700	-2.952680	-74.013468	0.000000
0	0	845	-18.351900	-23.633700	12.611300	-18.878400	75.957472	0.000000
0	0	846	19.605500	-15.338800	-22.776900	-11.249700	-61.978885	0.000000
0	0	847	32.535600	17.101400	1.254560	-36.288600	2.097853	0.000000
0	0	848	9.924840	21.100700	-6.114350	-17.910200	-8.080001	0.000000
0	0	849	25.771600	-9.064940	-7.549890	1.005120	-70.105099	0.000000
0	0	850	5.420520	4.936860	29.392000	-32.901700	40.232626	0.000000
0	0	851	0.316560	17.653000	8.359390	4.569630	12.669698	0.000000
0	0	852	-8.355100	14.267400	-11.743300	17.497300	-19.728662	0.000000
0	0	853	14.449700	2.103270	3.119670	-0.009699	28.006148	0.000000
0	0	854	-11.341000	4.941040	-21.312600	-29.468900	-38.473668	0.000000
0	0	855	23.886000	4.971120	23.617400	-21.455800	39.056791	0.000000
0	0	856	23.961500	22.425900	11.560700	6.119760	13.635703	0.000000
0	0	857	28.039100	8.612170	-8.040150	-3.690240	-21.516310	0.000000
0	0	858	25.874600	-22.835900	-7.375480	-16.908600	-81.050358	0.000000
0	0	859	18.043100	-2.482660	30.169000	-6.475720	47.352185	0.000000
0	0	860	-8.814550	11.571400	27.112100	-3.673370	33.443645	0.000000
0	0	861	15.936200	2.479150	1.583030	4.726350	16.279877	0.000000
0	0	862	0.244492	28.519100	-14.866100	17.015100	-13.765799	0.000000
0	0	863	37.474900	-37.554900	18.797000	43.349600	76.705546	0.000000
0	0	864	41.439700	-7.092390	-19.026800	5.643090	-55.221669	0.000000
0	0	865	24.278300	12.860600	7.975470	1.360630	15.902510	0.000000
0	0	866	16.408300	11.622700	-35.197800	13.827100	-35.863105	0.000000
0	0	867	-15.275000	8.290080	-3.966420	0.750845	-12.784480	0.000000
0	0	868	-19.338500	-25.252200	-27.204700	-4.669940	-66.434188	0.000000
0	0	869	-16.698600	14.411700	-15.626400	-21.177000	-23.657851	0.000000
0	0	870	2.254800	-12.377300	31.290800	5.710340	55.790815	0.000000
0	0	871	14.630000	23.899700	6.103480	-5.618510	7.162968	0.000000
0	0	872	-11.948300	4.904710	19.137700	13.436500	37.812663	0.000000
0	0	873	20.592700	-15.380800	11.142500	-21.890700	72.039422	0.000000
0	0	874	29.273200	49.785400	-1.110890	-23.499900	-0.639131	0.000000
0	0	875	-1.455230	-0.704681	17.621900	27.998000	46.144989	0.000000
0	0	876	18.037800	-5.985850	6.019550	2.692830	67.419584	0.000000
0	0	877	-3.366020	-2.332600	-27.631800	-4.906380	-47.412655	0.000000
0	0	878	57.887700	-31.539400	16.120400	-11.252300	76.463771	0.000000
0	0	879	-31.339800	5.250510	-2.132670	-9.548360	-11.053086	0.000000
0	0	880	-35.629300	20.023300	-7.930350	-34.009300	-10.803172	0.000000
0	0	881	13.958600	-18.126000	-0.328502	-14.304600	-89.480864	0.000000
0	0	882	-9.665540	3.468740	2.160210	-0.270663	15.956604	0.000000
0	0	883	41.122200	-8.826190	-19.202400	26.675700	-57.342700	0.000000
0	0	884	-2.250280	-16.250900	24.889800	32.502900	61.570542	0.000000
0	0	885	-13.485400	-7.159200	-1.834430	-13.392100	-82.814042	0.000000
0	0	886	3.972530	-17.867900	-34.220200	-32.162200	-58.785540	0.000000
0	0	887	39.054200	-0.935880	-2.714410	-16.922600	-54.511639	0.000000
0	0	888	-8.084490	-24.755000	24.740700	10.289400	67.508277	0.000000
0	0	889	-11.883400	19.846200	-4.629740	7.373500	-6.565587	0.000000
0	0	890	-36.247700	-5.661810	-13.629500	-0.750566	-56.279207	0.000000
0	0	891	-16.749200	-1.992800	3.254610	-21.689100	60.739583	0.000000
0	0	892	-28.486200	-29.261600	-40.225700	-6.476440	-63.016735	0.000000
0	0	893	7.376900	-4.506790	-28.489100	-9.097250	-49.494663	0.000000
0	0	894	5.146350	-4.119460	1.288750	-5.581460	81.314000	0.000000
0	0	895	29.768800	-5.416360	14.140500	25.768400	55.479389	0.000000
0	0	896	-18.436900	6.196030	7.246080	6.943130	24.733336	0.000000
0	0	897	23.983600	-5.356810	35.721800	9.141660	49.264238	0.000000
0	0	898	5.738600	5.156760	-19.875900	26.254700	-37.727710	0.000000
0	0	899	-33.125000	-8.743970	-3.203200	-12.435000	-79.940289	0.000000
0	0	900	40.069400	15.130200	4.794190	-2.087930	8.790723	0.000000
0	0	901	38.452800	14.788700	36.589200	2.252430	33.996161	0.000000
0	0	902	-0.171930	23.213300	11.629800	22.543000	13.305372	0.000000
0	0	903	3.089680	14.724100	-4.631020	3.160280	-8.729695	0.000000
0	0	904	27.784500	-15.162400	-17.971200	-11.078500	-65.077255	0.000000
0	0	905	-13.599200	17.553100	-15.812500	-26.578800	-21.006865	0.000000
0	0	906	-2.633390	-10.024600	-18.777600	13.357900	-59.047976	0.000000
0	0	907	24.330700	-12.521000	-16.133700	19.799300	-63.907115	0.000000
0	0	908	-5.867890	11.102800	-21.268200	18.457300	-31.216874	0.000000
0	0	909	13.978300	-11.943500	6.004260	11.952000	76.655159	0.000000
0	0	910	-0.700108	29.348000	-36.744100	2.321110	-25.692587	0.000000
0	0	911	-29.511000	-1.323870	-13.432800	-5.569230	-47.814305	0.000000
0	0	912	-34.904100	3.213840	6.004560	-1.474890	30.921415	0.000000
0	0	913	-7.547100	-3.858180	2.682250	-0.675017	72.596270	0.000000
0	0	914	-8.168050	16.801400	-9.575080	19.386700	-14.839359	0.000000
0	0	915	-19.816400	11.291800	55.533300	-6.591580	39.253258	0.000000
0	0	916	13.716100	20.898900	-1.542580	-7.960580	-2.110717	0.000000
0	0	917	17.260200	-10.452800	-5.572490	-25.612700	-75.968743	0.000000
0	0	918	-40.617300	-3.818170	-11.463100	-7.833380	-54.211034	0.000000
0	0	919	-10.452600	18.384500	16.903500	2.663140	21.298384	0.000000
0	0	920	-13.144000	-28.111300	26.299600	-19.721700	68.453526	0.000000
0	0	921	-17.837900	18.110600	10.850200	-21.433000	15.463075	0.000000
0	0	922	5.788850	23.791800	0.105525	6.457510	0.127063	0.000000
0	0	923	-18.044900	-27.948200	11.243600	-6.708840	79.042504	0.000000
0	0	924	-19.955000	9.908140	23.173700	-13.893100	33.425200	0.000000
0	0	925	2.997760	26.635600	-11.141800	6.328420	-11.349897	0.000000
0	0	926	-6.771630	13.540300	1.224070	-35.155800	2.582805	0.000000
0	0	927	-2.630230	-12.624100	-24.467500	-4.829530	-58.645822	0.000000
0	0	928	-11.446300	-32.486400	-17.356000	-3.656660	-75.943223	0.000000
0	0	929	29.971900	14.578200	7.482260	21.279700	13.584579	0.000000
0	0	930	51.809600	1.679380	-11.444300	11.049200	-40.825891	0.000000
0	0	931	-4.498730	31.939100	-13.276700	6.826700	-11.286034	0.000000
0	0	932	2.155920	11.757900	22.358600	-11.503600	31.130548	0.000000
0	0	933	7.466370	7.994560	6.947340	13.247200	20.495458	0.000000
0	0	934	-6.201230	-12.114300	-11.034400	21.276900	-68.835472	0.000000
0	0	935	35.508800	20.491000	-9.442670	-3.057860	-12.370606	0.000000
0	0	936	22.621400	-17.906600	-23.711800	-0.987714	-63.529627	0.000000
0	0	937	8.219670	-6.527380	4.271050	7.660160	73.401069	0.000000
0	0	938	12.876200	21.725200	10.902900	28.349800	13.325007	0.000000
0	0	939	13.659000	-5.248510	-22.551000	6.433170	-51.550877	0.000000
0	0	940	27.981700	-24.680500	-10.094100	-1.461900	-78.877942	0.000000
0	0	941	-13.377400	26.325400	10.431800	5.508150	10.808312	0.000000
0	0	942	56.954100	31.221700	21.414600	25.093400	17.222886	0.000000
0	0	943	14.159100	-15.570200	6.931080	12.174800	78.001873	0.000000
0	0	944	12.746600	32.492800	1.478990	-12.531700	1.303080	0.000000
0	0	945	1.837610	37.045700	-7.854730	8.064050	-5.985514	0.000000
0	0	946	-0.487577	6.371130	-52.896500	-19.935600	-41.566041	0.000000
0	0	947	-15.645100	-3.980630	-36.558200	-45.626900	-48.107077	0.000000
0	0	948	-12.355100	-35.034100	-16.734000	-5.930470	-77.234288	0.000000
0	0	949	-39.696500	19.665100	12.529400	8.993440	16.251398	0.000000
0	0	950	-19.420000	1.941130	-7.909570	-7.712150	-38.105625	0.000000
0	0	951	29.578600	-7.518330	0.242411	-12.349100	89.076636	0.000000
0	0	952	-4.809120	9.213850	-2.985910	20.957600	-8.977914	0.000000
0	0	953	5.610390	-20.022300	17.204300	-10.693400	69.664476	0.000000
0	0	954	-8.299510	-0.877025	15.695400	6.919050	46.599119	0.000000
0	0	955	10.169900	-1.003770	17.558900	-26.034300	46.635901	0.000000
0	0	956	-7.642910	-3.920360	8.337390	0.445753	57.591790	0.000000
0	0	957	1.317690	-9.310240	20.880600	-4.999530	57.015566	0.000000
0	0	958	-19.086300	-36.824300	-25.071700	12.566000	-72.875571	0.000000
0	0	959	-11.284100	9.249400	-28.457200	-5.294140	-35.997182	0.000000
0	0	960	19.551600	22.432200	10.306500	5.662530	12.338235	0.000000
0	0	961	40.464500	16.193000	34.144000	22.530400	32.313534	0.000000
0	0	962	6.988090	-7.800790	7.139280	-20.243300	68.767631	0.000000
0	0	963	19.719600	-3.336150	-17.657800	10.856000	-50.349489	0.000000
0	0	964	3.839080	13.788600	3.658140	32.566800	7.429191	0.000000
0	0	965	-45.381100	-4.353860	2.293550	6.385770	76.110196	0.000000
0	0	966	-9.580340	-8.570310	-12.315400	-9.950980	-62.417065	0.000000
0	0	967	-10.677700	-10.022700	10.286200	28.981800	67.128326	0.000000
0	0	968	-1.608210	10.605700	12.080600	27.261400	24.359862	0.000000
0	0	969	3.725960	8.604110	2.800360	31.738400	9.014198	0.000000
0	0	970	51.896700	42.591400	30.441200	10.161600	17.777198	0.000000
0	0	971	16.668800	-17.891100	-39.776600	-19.508200	-57.108859	0.000000
0	0	972	55.280400	9.080870	4.820380	12.161200	13.980307	0.000000
0	0	973	14.934800	-3.802950	-6.651060	16.084500	-59.880051	0.000000
0	0	974	-8.433700	-17.846600	-11.248300	34.264100	-73.888858	0.000000
0	0	975	9.770610	18.883900	5.233680	-13.786200	7.745367	0.000000
0	0	976	21.288800	15.700400	-38.989500	25.590000	-34.033102	0.000000
0	0	977	16.306400	19.694400	-4.336980	20.388900	-6.209553	0.000000
0	0	978	-13.955500	-16.401400	11.046300	2.676320	73.019918	0.000000
0	0	979	40.809100	24.757600	10.519500	-25.355400	11.510315	0.000000
0	0	980	2.504050	29.278300	-12.886900	-18.070600	-11.878393	0.000000
0	0	981	38.816300	22.097700	20.397500	-30.437500	21.354431	0.000000
0	0	982	-22.094900	-15.297200	28.524600	16.271500	59.101906	0.000000
0	0	983	2.380850	14.446100	27.223900	-19.854200	31.023887	0.000000
0	0	984	-3.090910	3.153070	-15.202500	-12.769700	-39.141357	0.000000
0	0	985	-19.749300	-17.754900	22.186100	-2.637140	64.334643	0.000000
0	0	986	11.037400	-1.548280	-6.894570	21.099500	-51.328333	0.000000
0	0	987	-12.143500	-5.696710	1.871930	38.921500	80.904779	0.000000
0	0	988	30.964500	14.234000	-26.456100	17.296600	-30.859355	0.000000
0	0	989	2.973520	-6.043200	2.208530	10.147200	79.962407	0.000000
0	0	990	0.134714	8.057270	-20.388500	-19.514200	-34.218356	0.000000
0	0	991	25.004000	-0.924018	-13.890000	28.026700	-46.902968	0.000000
0	0	992	2.999570	25.991500	24.230500	10.275300	21.495893	0.000000
0	0	993	33.266000	-11.803800	-3.242550	18.054700	-82.319761	0.000000
0	0	994	-6.859740	27.467100	-1.241750	-9.190200	-1.294251	0.000000
0	0	995	21.456900	21.211100	23.994300	-27.779400	24.261566	0.000000
0	0	996	11.858000	-4.953550	-20.115200	-34.393200	-51.917167	0.000000
0	0	997	0.811171	20.521300	2.579810	6.998050	3.582640	0.000000
0	0	998	33.401300	10.977500	-27.135900	0.465192	-33.987401	0.000000
0	0	999	37.040900	-31.328300	-11.680000	-1.043530	-79.776622	0.000000
0	0	1000	49.832500	37.317700	22.151100	-22.294000	15.346294	0.000000
0	0	1001	-37.371700	-11.662300	10.763100	0.620938	68.648091	0.000000
0	0	1002	46.293800	-27.671500	18.575500	-2.458610	73.063539	0.000000
0	0	1003	11.566100	-9.177240	6.331280	-2.146460	72.699310	0.000000
0	0	1004	21.622300	30.979700	-26.904300	8.484850	-20.486330	0.000000
0	0	1005	-3.909110	-6.927870	-26.313200	41.076000	-52.375186	0.000000
0	0	1006	10.706900	-25.375400	-24.615800	-3.318460	-67.935262	0.000000
0	0	1007	40.030300	-28.615300	1.592460	3.541270	88.407369	0.000000
0	0	1008	-1.295600	22.188000	26.660300	1.628840	25.115562	0.000000
0	0	1009	22.888300	18.664700	-7.200260	-3.897450	-10.547531	0.000000
0	0	1010	42.012600	-1.683060	-9.193380	12.695200	-50.187214	0.000000
0	0	1011	29.996300	12.803900	9.387900	-15.984400	18.124552	0.000000
0	0	1012	29.521100	10.781600	-23.888600	-3.443450	-32.854499	0.000000
0	0	1013	36.448400	-0.734570	-4.371560	-10.767100	-49.769261	0.000000
0	0	1014	59.327100	16.359000	6.126750	-9.273370	10.265930	0.000000
0	0	1015	7.219590	-20.898400	-10.703600	-1.541630	-76.439846	0.000000
0	0	1016	-18.502800	-30.696800	-48.865900	-10.291000	-61.068200	0.000000
0	0	1017	29.538000	19.236300	1.614280	22.246900	2.398466	0.000000
0	0	1018	17.940500	-25.868100	9.144910	-9.662890	80.265221	0.000000
0	0	1019	21.783400	-0.490627	9.742430	-30.728000	46.441485	0.000000
0	0	1020	17.122600	3.098370	-1.083030	-28.551900	-9.633494	0.000000
0	0	1021	3.392710	-22.068500	9.018720	-7.429300	78.885835	0.000000
0	0	1022	4.353940	-23.990300	-18.272600	13.061400	-71.352351	0.000000
0	0	1023	45.008700	27.543400	9.625340	-28.392800	9.631261	0.000000
