0	0	0	42.117200	-23.689200	-34.821600	-33.534700	-62.113764	0.000000
0	0	1	71.035000	6.478080	-28.640900	-19.999600	-38.627563	0.000000
0	0	2	71.107700	-8.634970	-35.119700	-27.278100	-51.906727	0.000000
0	0	3	75.497000	-22.378000	-26.095400	-25.387300	-65.307300	0.000000
0	0	4	37.342300	-16.518200	-26.434200	-56.955800	-61.000217	0.000000
0	0	5	77.891400	-36.936800	31.223900	-36.376700	69.895528	0.000000
0	0	6	101.277000	-3.239720	-27.770600	-62.681500	-48.327026	0.000000
0	0	7	71.037500	-15.245300	-8.806360	-26.653800	-74.993684	0.000000
0	0	8	98.109100	-45.473900	-20.956200	-58.301000	-77.628926	0.000000
0	0	9	94.024700	-7.930410	16.704500	-34.657900	57.697943	0.000000
0	0	10	73.924500	15.324700	9.200650	-75.974900	15.489891	0.000000
0	0	11	26.088500	-5.320590	-28.170500	-22.490100	-50.347760	0.000000
0	0	12	92.954400	-3.175050	-25.357600	-37.497300	-48.568459	0.000000
0	0	13	61.593700	-31.510100	10.329900	-9.790650	80.924698	0.000000
0	0	14	104.000000	4.386770	-2.922710	-45.257600	-16.836879	0.000000
0	0	15	87.837000	-46.403700	-25.579600	-56.557500	-75.567333	0.000000
0	0	16	66.611400	-40.368000	-25.820300	-26.073700	-73.698042	0.000000
0	0	17	50.297600	-25.685400	-3.852820	-38.563200	-85.734606	0.000000
0	0	18	58.043700	-13.691800	-25.669400	-66.586000	-59.037506	0.000000
0	0	19	63.940600	-53.769400	-9.701230	-48.313800	-84.886280	0.000000
0	0	20	71.780700	-46.138200	-21.308600	-27.040200	-77.605241	0.000000
0	0	21	60.020400	-5.420830	-31.855900	-66.950900	-49.828679	0.000000
0	0	22	65.581600	-45.651400	-49.267400	-75.322000	-66.409166	0.000000
0	0	23	79.235900	-23.879000	-32.363800	-38.304100	-63.210520	0.000000
0	0	24	98.912300	-25.881000	-43.730400	-26.765600	-60.309178	0.000000
0	0	25	74.496300	28.270300	-39.096400	-17.876400	-27.064802	0.000000
0	0	26	78.076100	-20.962000	-26.825300	-20.452800	-64.002506	0.000000
0	0	27	44.543400	-24.503200	-16.715100	-52.023300	-72.849880	0.000000
0	0	28	86.923600	-34.262800	-69.452800	-39.267200	-58.129137	0.000000
0	0	29	33.065400	-90.087500	-14.592300	-9.943750	-85.399594	0.000000
0	0	30	55.135200	-20.630200	-4.839570	-20.368500	-83.398947	0.000000
0	0	31	26.640100	-37.872100	-14.604300	-16.237300	-79.456142	0.000000
0	0	32	83.337500	-21.899400	-56.191400	-44.631600	-55.646145	0.000000
0	0	33	67.369600	-15.659300	2.509460	-24.013900	85.447777	0.000000
0	0	34	75.899900	-0.667691	-50.252000	-18.488800	-45.380618	0.000000
0	0	35	61.379700	-18.988200	-30.491500	-36.876200	-60.956035	0.000000
0	0	36	55.420500	-16.218800	-9.310130	-12.515000	-75.071372	0.000000
0	0	37	81.313500	-5.733920	-47.629500	-14.486400	-48.432284	0.000000
0	0	38	40.851500	-13.227600	-51.142800	-15.456600	-52.250616	0.000000
0	0	39	11.308900	-45.137200	5.929710	10.509600	86.257933	0.000000
0	0	40	47.057700	-13.643900	-29.226300	-0.956063	-57.512439	0.000000
0	0	41	61.293000	-41.179400	-33.447600	-22.118400	-70.457539	0.000000
0	0	42	70.512500	-13.044700	-39.045900	-5.931910	-54.236884	0.000000
0	0	43	66.034800	-37.537100	-7.701640	-12.409400	-84.202651	0.000000
0	0	44	53.596100	-32.034100	-0.578017	-26.044400	-89.483139	0.000000
0	0	45	35.509400	-1.655590	-30.011300	5.745810	-46.578776	0.000000
0	0	46	97.350100	-22.229700	-35.952500	-43.990900	-60.864406	0.000000
0	0	47	60.107900	-44.422500	33.920300	-37.487400	71.317617	0.000000
0	0	48	65.393900	-27.807100	-56.859700	-31.627000	-58.030417	0.000000
0	0	49	94.952200	-26.620100	-51.576200	-13.418900	-58.649841	0.000000
0	0	50	82.790800	-37.934000	-65.587100	-34.062500	-60.022027	0.000000
0	0	51	116.409000	-35.199600	-16.416600	-31.732000	-77.498157	0.000000
0	0	52	97.277800	-37.949300	-46.986400	-18.873300	-64.463309	0.000000
0	0	53	68.173500	-30.772100	-3.022920	-57.588000	-87.194754	0.000000
0	0	54	85.213000	-18.598600	-5.540150	-62.043800	-81.706131	0.000000
0	0	55	81.685200	-15.448500	-57.873500	-31.730000	-52.472902	0.000000
0	0	56	96.216500	-37.508100	-41.239000	-37.835800	-66.143727	0.000000
0	0	57	71.846300	-53.772100	-36.982400	-2.613310	-72.740645	0.000000
0	0	58	86.669300	-36.440600	-34.735000	-25.791600	-68.186366	0.000000
0	0	59	78.689900	-10.527400	-5.675520	-53.980100	-75.835028	0.000000
0	0	60	92.199800	0.618577	-25.634500	-68.499700	-44.308842	0.000000
0	0	61	75.995600	-1.492310	-22.112100	-81.572300	-46.930473	0.000000
0	0	62	117.594000	-62.499500	-26.029500	-52.518300	-78.694738	0.000000
0	0	63	67.309800	-21.534300	-39.616700	-51.769200	-59.263505	0.000000
0	0	64	96.391600	-35.763600	-18.774200	-57.628900	-76.151325	0.000000
0	0	65	80.926000	-29.260100	-27.161600	-56.876100	-68.565014	0.000000
0	0	66	96.477800	-25.807600	-59.360900	-54.320000	-56.748679	0.000000
0	0	67	123.152000	-41.497500	-40.903700	-82.091700	-67.706439	0.000000
0	0	68	111.367000	-30.804100	-58.224000	-62.924000	-58.940806	0.000000
0	0	69	94.799900	-56.405700	-49.611200	-65.577100	-69.333502	0.000000
0	0	70	110.507000	-37.983200	-90.860600	-50.743200	-56.343395	0.000000
0	0	71	122.604000	-34.176300	-69.279000	-70.510200	-58.128884	0.000000
0	0	72	132.512000	-26.373900	-16.981000	-47.281200	-73.612144	0.000000
0	0	73	107.536000	-31.464700	-40.460400	1.971910	-63.935506	0.000000
0	0	74	93.325400	-18.535200	-40.454100	-22.303600	-57.308117	0.000000
0	0	75	86.449000	-20.875500	-34.484500	-26.441100	-60.594495	0.000000
0	0	76	72.276300	-32.676900	1.536480	-38.171100	88.653957	0.000000
0	0	77	75.753600	-32.666900	-35.023800	10.131200	-66.502921	0.000000
0	0	78	94.997400	-36.725900	-9.212690	-61.474500	-82.958966	0.000000
0	0	79	92.452100	-54.837000	-18.094100	-41.899100	-80.869549	0.000000
0	0	80	126.895000	-34.545600	-40.531700	-21.964000	-65.220654	0.000000
0	0	81	80.572400	-44.396300	-66.712100	-10.148800	-61.821703	0.000000
0	0	82	108.182000	-44.768600	-44.643400	-3.094190	-67.540114	0.000000
0	0	83	49.334100	-49.577200	-50.087200	-45.206700	-67.353405	0.000000
0	0	84	68.221600	-38.141000	-17.049300	-5.148480	-77.957507	0.000000
0	0	85	76.875900	-70.183300	-48.238500	-9.413850	-72.749209	0.000000
0	0	86	109.269000	-6.796580	-25.931300	-9.642540	-52.343416	0.000000
0	0	87	93.910600	39.043900	-37.127100	9.403180	-21.779244	0.000000
0	0	88	140.049000	-22.438100	-50.805600	13.128400	-56.914234	0.000000
0	0	89	134.448000	-7.453180	-26.827000	-15.931400	-52.763280	0.000000
0	0	90	106.970000	-7.791800	-56.427200	-8.182820	-48.931010	0.000000
0	0	91	83.139700	-9.414980	-45.470200	29.878300	-50.849127	0.000000
0	0	92	96.108500	-27.608400	-82.697600	13.613700	-54.230733	0.000000
0	0	93	88.144400	-7.510350	-53.734600	22.575100	-48.978272	0.000000
0	0	94	103.214000	3.360370	-74.024300	1.356140	-43.700407	0.000000
0	0	95	110.439000	-22.213300	-79.098100	-14.216200	-52.843228	0.000000
0	0	96	57.029700	-41.501600	-51.938600	-14.541600	-64.313322	0.000000
0	0	97	121.501000	-9.566370	-72.253300	7.461820	-48.771060	0.000000
0	0	98	133.805000	-41.751300	-55.568000	29.901700	-63.459778	0.000000
0	0	99	102.560000	-56.423500	-80.575100	21.783200	-62.501004	0.000000
0	0	100	88.865300	-10.648500	-68.285200	28.558900	-49.431703	0.000000
0	0	101	117.241000	-32.133300	-43.428800	13.062400	-63.249010	0.000000
0	0	102	67.273300	5.208670	-74.578600	12.874100	-43.002436	0.000000
0	0	103	143.492000	-8.476610	-76.420300	37.208400	-48.164714	0.000000
0	0	104	87.123100	-12.557900	-64.326700	52.814400	-50.523194	0.000000
0	0	105	89.683000	-12.027200	-32.238100	-7.240640	-55.229621	0.000000
0	0	106	119.341000	5.319200	-32.643500	30.988600	-40.372548	0.000000
0	0	107	113.202000	7.445520	-90.388000	0.243257	-42.645506	0.000000
0	0	108	135.342000	-11.839400	-63.649500	-3.596850	-50.268562	0.000000
0	0	109	139.426000	-13.418600	-34.580300	56.385300	-55.604166	0.000000
0	0	110	119.796000	-4.839620	-63.275000	64.275100	-47.186890	0.000000
0	0	111	126.474000	14.900800	-47.291300	32.467300	-36.255560	0.000000
0	0	112	100.384000	-23.369000	-25.996800	25.714600	-65.976477	0.000000
0	0	113	139.369000	-59.070100	-31.082900	67.690100	-76.123246	0.000000
0	0	114	111.671000	23.341000	-35.380700	4.036480	-28.293383	0.000000
0	0	115	151.436000	-47.111200	-29.227600	18.032000	-74.092350	0.000000
0	0	116	200.785000	1.719750	-34.419400	45.494000	-43.569810	0.000000
0	0	117	145.175000	-6.105620	-55.848700	39.969500	-48.119522	0.000000
0	0	118	130.154000	-18.637200	-33.468800	24.570300	-59.555688	0.000000
0	0	119	156.771000	-18.216700	-36.936900	35.831100	-58.125896	0.000000
0	0	120	167.082000	3.754390	-58.807000	47.824800	-43.173524	0.000000
0	0	121	125.915000	-20.338600	-43.300700	42.755000	-57.579864	0.000000
0	0	122	153.220000	-53.449800	-60.432700	10.282800	-65.745602	0.000000
0	0	123	123.411000	-3.699530	-58.359400	34.201500	-46.813626	0.000000
0	0	124	142.954000	-40.313200	-17.915300	15.057600	-78.019751	0.000000
0	0	125	184.265000	-46.318300	-61.355700	33.221300	-63.524840	0.000000
0	0	126	147.549000	-78.390700	-58.896300	52.772700	-71.540912	0.000000
0	0	127	150.340000	-44.780400	-98.353100	-3.233700	-57.239943	0.000000
0	0	128	180.059000	-6.787740	-54.306100	51.998500	-48.562237	0.000000
0	0	129	171.818000	9.341850	-16.034900	38.372600	-29.887571	0.000000
0	0	130	204.730000	-31.898900	-75.764100	28.619500	-56.416257	0.000000
0	0	131	165.752000	-34.127200	-57.655900	20.983700	-60.310892	0.000000
0	0	132	163.170000	-30.937200	-66.133400	-3.306840	-57.535095	0.000000
0	0	133	161.682000	-33.415200	-44.008300	47.331600	-63.604577	0.000000
0	0	134	183.685000	-35.124300	-105.512000	54.743700	-54.206143	5.826690
0	0	135	169.318000	-53.061600	-94.930900	59.688100	-59.601498	0.000000
0	0	136	175.014000	-33.668500	-99.023700	40.674200	-54.389131	0.000000
0	0	137	155.661000	23.514500	-51.668900	34.319400	-32.764867	0.000000
0	0	138	173.721000	-14.436300	-53.978100	56.813000	-52.486585	0.000000
0	0	139	170.832000	-20.606200	-52.177000	58.379200	-55.775245	0.000000
0	0	140	198.284000	-37.363900	-111.634000	20.700400	-54.252697	5.503430
0	0	141	163.278000	-24.481700	-61.317600	61.943700	-55.882439	0.000000
0	0	142	177.716000	-4.510240	-67.306600	53.362100	-46.916840	0.000000
0	0	143	171.658000	-32.489200	-46.978700	40.100500	-62.333344	0.000000
0	0	144	152.087000	-57.853400	-38.988900	75.912000	-73.011476	0.000000
0	0	145	205.896000	-10.786200	-72.999600	74.493300	-49.202518	0.000000
0	0	146	185.242000	-10.657000	-63.539300	45.738600	-49.760599	0.000000
0	0	147	197.196000	-32.503600	-74.830400	101.105000	-56.739185	0.000000
0	0	148	195.579000	-44.405700	-60.500000	37.946800	-63.138934	0.000000
0	0	149	176.311000	-24.730400	-51.871800	64.885900	-57.744970	0.000000
0	0	150	191.487000	-36.555100	-60.581600	77.565600	-60.553447	0.000000
0	0	151	178.254000	-40.625000	-64.556400	31.849500	-61.090995	0.000000
0	0	152	180.649000	-53.361600	-56.323300	54.171900	-66.726641	0.000000
0	0	153	210.195000	-38.533600	-56.334800	18.822000	-62.186271	0.000000
0	0	154	208.640000	-51.031800	-75.805900	78.989300	-61.974030	0.000000
0	0	155	198.259000	-48.200800	-71.782300	56.649600	-61.940401	0.000000
0	0	156	174.613000	-43.764000	-94.867000	42.817000	-57.382399	0.000000
0	0	157	189.305000	-27.090600	-70.992000	42.668900	-55.443446	0.000000
0	0	158	200.621000	-14.281400	-58.274500	45.847300	-51.885074	0.000000
0	0	159	182.383000	-21.913100	-71.875000	20.783100	-53.477653	0.000000
0	0	160	199.356000	-41.751500	-50.286300	20.979100	-64.851015	0.000000
0	0	161	213.152000	-2.436840	-28.376500	48.977500	-47.454125	0.000000
0	0	162	203.911000	-24.572000	-38.509000	48.976900	-61.270660	0.000000
0	0	163	181.923000	-21.048100	-68.374200	81.254300	-53.555148	0.000000
0	0	164	202.852000	-38.125600	-14.758400	94.133200	-79.419303	0.000000
0	0	165	236.580000	-88.554200	-36.131400	64.670800	-78.901913	0.000000
0	0	166	209.416000	-67.284200	-18.060300	66.989500	-82.487467	0.000000
0	0	167	243.945000	-28.904300	-10.811300	79.374500	-79.746152	0.000000
0	0	168	247.206000	-61.116100	-40.835700	105.971000	-73.125250	0.000000
0	0	169	277.980000	-36.254800	-32.483400	61.374000	-69.070225	0.000000
0	0	170	200.315000	-46.002700	-32.491700	87.459400	-72.383222	0.000000
0	0	171	267.781000	-72.257500	-40.086700	96.504100	-75.489777	0.000000
0	0	172	245.469000	-9.025390	-22.805000	68.731200	-55.795929	0.000000
0	0	173	267.785000	-42.896000	-31.912300	84.860600	-71.676375	0.000000
0	0	174	262.356000	-11.505200	-23.959000	118.199000	-57.825245	0.000000
0	0	175	260.127000	-38.987200	-21.273800	88.062200	-75.690209	0.000000
0	0	176	250.002000	-47.958900	-34.921500	125.668000	-71.969794	0.000000
0	0	177	250.035000	-43.905900	-16.415800	114.855000	-79.749968	0.000000
0	0	178	232.507000	9.170520	-61.646300	79.785900	-40.769358	0.000000
0	0	179	245.187000	-46.119900	-76.822100	78.470900	-60.489182	0.000000
0	0	180	229.238000	-20.732000	-58.750500	107.659000	-54.718513	0.000000
0	0	181	220.483000	-5.921050	-44.604800	133.876000	-48.780751	0.000000
0	0	182	288.693000	-54.929600	-48.508200	87.206800	-69.276176	0.000000
0	0	183	243.756000	-32.868700	-45.165300	105.962000	-63.022484	0.000000
0	0	184	248.009000	7.561050	-38.634700	78.059300	-39.463408	0.000000
0	0	185	242.853000	-30.860200	-13.029500	88.270000	-78.555010	0.000000
0	0	186	271.775000	-24.592700	-24.493800	94.259400	-67.557720	0.000000
0	0	187	241.090000	18.680200	-30.304800	101.361000	-29.174940	0.000000
0	0	188	241.123000	5.201800	-31.751700	80.038300	-40.348014	0.000000
0	0	189	248.468000	12.977400	-37.001100	42.517800	-35.336348	0.000000
0	0	190	239.786000	29.582900	-9.868610	45.833500	-9.224135	0.000000
0	0	191	262.625000	13.057500	-7.871210	77.871500	-15.541026	0.000000
0	0	192	241.289000	-8.718400	-44.750100	99.095600	-50.512251	0.000000
0	0	193	273.120000	35.600100	-5.205450	70.361000	-4.159421	0.000000
0	0	194	231.581000	-14.936000	5.901920	115.541000	79.219340	0.000000
0	0	195	267.451000	14.041500	5.542790	89.501000	10.770651	0.000000
0	0	196	235.615000	46.175700	-16.799500	86.410700	-9.996121	0.000000
0	0	197	257.350000	39.757300	-32.820800	81.687500	-19.770329	0.000000
0	0	198	256.618000	34.199000	-45.011000	60.782500	-26.386360	0.000000
0	0	199	236.932000	24.564100	-65.995600	78.800400	-34.792162	0.000000
0	0	200	276.701000	11.013800	-27.690000	80.552600	-34.154814	0.000000
0	0	201	272.099000	54.736900	-40.903300	83.228500	-18.384849	0.000000
0	0	202	304.026000	5.071570	-56.760200	47.712600	-42.447067	0.000000
0	0	203	253.908000	15.297400	-40.677700	123.562000	-34.695275	0.000000
0	0	204	261.771000	38.201500	-11.052200	31.933600	-8.067928	0.000000
0	0	205	289.293000	-14.294700	-67.215200	26.880500	-51.003127	0.000000
0	0	206	272.826000	18.928400	-76.177800	69.323100	-38.022968	0.000000
0	0	207	290.883000	3.701790	-86.249800	40.649500	-43.771204	0.000000
0	0	208	249.979000	18.426900	-82.673100	70.663400	-38.717404	0.000000
0	0	209	293.981000	-25.319200	-70.838600	72.152600	-54.833977	0.000000
0	0	210	348.140000	-39.955000	-40.431800	111.361000	-67.330082	0.000000
0	0	211	343.761000	-70.371700	-88.416500	77.695100	-64.258341	5.500940
0	0	212	334.431000	-76.321400	-69.626800	73.775800	-68.813150	0.000000
0	0	213	336.383000	-67.882300	-34.837400	115.271000	-76.416485	0.000000
0	0	214	352.251000	-45.650300	-57.854300	63.731100	-64.137714	0.000000
0	0	215	371.533000	-77.115400	-100.867000	73.855800	-63.699418	4.909770
0	0	216	353.294000	-112.604000	-119.896000	55.880200	-66.601798	3.733060
0	0	217	364.121000	-127.623000	-60.237500	71.233200	-77.366447	4.110470
0	0	218	359.218000	-139.317000	-68.472800	30.872000	-76.913191	3.744820
0	0	219	344.833000	-101.184000	-86.641200	41.491600	-69.713712	4.531980
0	0	220	369.640000	-108.401000	-45.574000	53.034600	-78.598559	4.905790
0	0	221	376.092000	-104.383000	-61.512700	74.760400	-74.744619	4.849790
0	0	222	387.851000	-122.079000	-80.715900	55.439300	-73.264108	4.046250
0	0	223	352.527000	-39.898400	-61.387100	73.092000	-61.510879	0.000000
0	0	224	359.052000	-114.363000	-38.292300	30.649900	-80.743923	4.741870
0	0	225	346.291000	-137.680000	-40.395900	51.569500	-81.824043	3.970460
0	0	226	354.128000	-94.280000	-37.642600	23.442600	-79.117479	0.000000
0	0	227	355.844000	-91.750800	-40.230900	31.170600	-78.161753	0.000000
0	0	228	388.715000	-98.654300	-25.886400	76.111100	-82.648661	0.000000
0	0	229	358.499000	-66.298500	-50.557500	38.671300	-71.335903	0.000000
0	0	230	350.690000	-75.411200	-69.866900	83.399400	-68.592769	0.000000
0	0	231	294.876000	-76.591600	-51.068900	31.144500	-73.152938	0.000000
0	0	232	322.922000	-54.903500	-61.669000	40.330300	-65.839230	0.000000
0	0	233	290.717000	-86.686100	-88.689400	83.812000	-67.172772	4.935940
0	0	234	342.326000	-91.521300	-49.564500	86.370100	-75.780844	0.000000
0	0	235	339.610000	-102.265000	-33.402900	62.422400	-80.955683	0.000000
0	0	236	355.408000	-104.327000	-41.254900	65.897400	-79.212128	5.128650
0	0	237	347.616000	-72.913500	-85.945300	73.461400	-65.155154	5.489860
0	0	238	393.516000	-158.372000	-46.440900	60.730900	-81.828394	3.451810
0	0	239	377.140000	-145.096000	15.451400	80.987500	86.960715	3.856470
0	0	240	447.791000	-86.590800	42.044800	94.289700	77.050384	0.000000
0	0	241	403.855000	-143.734000	-14.123000	75.006200	-87.194125	3.895070
0	0	242	437.421000	-154.337000	-49.579500	94.704900	-81.095405	3.523340
0	0	243	473.015000	-183.463000	-42.867400	96.215800	-83.424198	3.008900
0	0	244	443.774000	-154.113000	-22.855700	131.733000	-85.782124	3.618670
0	0	245	485.744000	-162.186000	-18.409200	84.361700	-86.762130	3.448430
0	0	246	474.844000	-176.275000	-34.159000	127.177000	-84.516506	3.148300
0	0	247	401.586000	-144.384000	-41.839900	76.352800	-81.919679	3.788570
0	0	248	436.404000	-184.695000	-43.528400	109.774000	-83.369342	2.987930
0	0	249	404.881000	-140.551000	-27.336000	98.076700	-84.496926	3.948180
0	0	250	419.753000	-113.195000	10.681900	69.505500	87.304560	4.947090
0	0	251	431.471000	-121.756000	-28.843300	112.867000	-83.336319	4.531680
0	0	252	407.288000	-159.107000	-26.359700	124.470000	-85.296546	3.499090
0	0	253	435.045000	-142.831000	-45.390500	105.956000	-81.185089	3.809730
0	0	254	375.312000	-97.859400	-10.296800	113.817000	-86.996710	0.000000
0	0	255	355.885000	-99.158800	-8.187210	145.651000	-87.639993	0.000000
0	0	256	358.736000	-101.469000	-23.906700	81.174900	-83.371276	0.000000
0	0	257	367.477000	-72.969600	-10.559000	105.129000	-85.883109	0.000000
0	0	258	376.176000	-90.692700	-32.567300	150.961000	-80.123519	0.000000
0	0	259	417.395000	-63.975300	-35.221300	127.533000	-75.582613	0.000000
0	0	260	367.382000	-95.514500	-11.891200	169.311000	-86.451701	0.000000
0	0	261	399.352000	-138.382000	7.299910	122.381000	88.490170	4.054510
0	0	262	423.718000	-149.342000	-10.346800	168.796000	-88.018367	3.754560
0	0	263	453.242000	-180.602000	13.579200	133.855000	87.850052	3.103860
0	0	264	442.527000	-191.958000	10.531100	205.384000	88.429908	2.922670
0	0	265	505.358000	-206.303000	27.335800	241.297000	86.226048	2.707010
0	0	266	494.466000	-239.305000	37.146500	217.613000	85.588295	2.328890
0	0	267	543.769000	-281.496000	72.865700	235.066000	82.743716	1.953470
0	0	268	545.877000	-265.491000	42.688800	229.945000	85.432745	2.098030
0	0	269	552.611000	-234.332000	79.770500	265.379000	80.600287	2.311560
0	0	270	588.404000	-241.552000	66.841200	292.869000	82.266202	2.269750
0	0	271	544.677000	-199.510000	0.821614	282.788000	89.882024	2.814700
0	0	272	512.534000	-183.745000	34.798600	258.084000	84.638015	3.021920
0	0	273	514.382000	-170.964000	26.530900	266.079000	85.589482	3.259860
0	0	274	490.945000	-186.683000	-12.945200	267.391000	-88.016638	3.003560
0	0	275	474.736000	-128.852000	-45.124700	272.375000	-80.349728	4.195170
0	0	276	505.141000	-151.962000	-17.170300	249.482000	-86.776724	3.680570
0	0	277	446.200000	-135.367000	-12.335900	255.919000	-87.396529	4.137610
0	0	278	501.822000	-179.531000	-14.209000	278.466000	-87.737376	3.121780
0	0	279	482.617000	-153.062000	-24.000300	324.245000	-85.544258	3.640550
0	0	280	454.499000	-167.869000	-36.412400	277.509000	-83.880791	3.296150
0	0	281	581.776000	-192.706000	29.168700	323.188000	85.696416	2.893130
0	0	282	491.319000	-186.347000	-13.699400	254.750000	-87.897717	3.008400
0	0	283	538.410000	-227.939000	-24.295700	259.694000	-86.957947	2.454840
0	0	284	554.452000	-194.595000	-47.220100	294.475000	-83.180169	2.832980
0	0	285	454.949000	-191.826000	-51.175000	253.625000	-82.531308	2.862910
0	0	286	560.658000	-258.776000	-47.663300	266.469000	-84.781901	2.147030
0	0	287	508.264000	-183.497000	-118.479000	274.385000	-73.575387	2.706640
0	0	288	566.561000	-194.186000	-36.705700	336.256000	-84.648024	2.859560
0	0	289	427.126000	-138.899000	-122.930000	284.136000	-69.245079	3.263120
0	0	290	473.218000	-110.894000	-103.111000	260.372000	-68.541416	4.012550
0	0	291	456.743000	-90.880100	-134.630000	246.109000	-62.010384	3.869680
0	0	292	406.227000	-63.862900	-96.510300	210.147000	-61.746723	5.438230
0	0	293	408.947000	-39.753200	-95.565400	241.521000	-56.293143	0.000000
0	0	294	365.776000	-30.256600	-105.333000	263.252000	-53.013280	0.000000
0	0	295	341.385000	-38.515000	-117.141000	239.715000	-54.100220	5.256280
0	0	296	397.212000	23.603600	-96.082500	248.170000	-38.099023	0.000000
0	0	297	395.564000	61.513600	-97.590200	268.709000	-28.887860	5.471670
0	0	298	385.194000	27.035500	-115.372000	256.782000	-38.405827	5.504050
0	0	299	389.063000	104.806000	-97.303100	246.600000	-21.436992	4.248110
0	0	300	375.732000	55.389800	-137.958000	237.823000	-34.062330	4.334990
0	0	301	384.547000	75.348600	-83.200600	222.974000	-23.917602	5.485430
0	0	302	400.801000	108.980000	-116.127000	235.973000	-23.409246	3.855840
0	0	303	401.041000	145.080000	-94.859500	240.271000	-16.589187	3.413570
0	0	304	447.449000	41.643000	-89.821800	220.771000	-32.563357	0.000000
0	0	305	406.575000	110.680000	-81.197000	221.560000	-18.132248	4.346410
0	0	306	399.681000	92.446000	-70.137600	267.190000	-18.593563	5.154460
0	0	307	403.436000	83.938200	-38.849600	267.124000	-12.418193	0.000000
0	0	308	377.998000	61.125700	-14.539000	202.498000	-6.689712	0.000000
0	0	309	428.639000	34.659300	49.264100	254.805000	27.436027	0.000000
0	0	310	297.707000	60.232300	77.967300	214.330000	26.156368	0.000000
0	0	311	361.903000	47.672900	74.167200	177.981000	28.634031	0.000000
0	0	312	356.028000	9.273430	121.829000	173.616000	42.823565	5.371700
0	0	313	354.631000	39.794600	119.272000	98.854400	35.774470	5.153050
0	0	314	402.354000	0.491592	159.623000	150.738000	44.911773	4.114860
0	0	315	313.546000	-0.965546	157.649000	61.754400	45.175456	4.166310
0	0	316	401.574000	-10.464000	164.225000	62.348000	46.822907	3.989330
0	0	317	332.725000	-26.047700	125.325000	60.394300	50.870631	5.102720
0	0	318	412.406000	-26.329900	204.307000	95.730800	48.671736	3.181540
0	0	319	333.314000	-58.169500	144.704000	48.743400	55.949807	4.132020
0	0	320	283.854000	-50.094100	158.951000	29.153300	53.746236	3.893010
0	0	321	234.951000	-4.758230	159.186000	2.257260	45.856059	4.123850
0	0	322	300.506000	-47.141000	159.427000	1.911760	53.236216	3.907900
0	0	323	318.177000	-33.751400	185.375000	68.775400	50.159432	3.470870
0	0	324	318.946000	-86.232000	106.687000	31.640400	64.473801	4.526480
0	0	325	298.907000	-52.472300	139.177000	4.042300	55.328685	4.341410
0	0	326	328.279000	-80.637600	147.835000	18.558200	59.305279	3.778260
0	0	327	267.969000	-116.897000	155.874000	-19.849400	63.433949	3.203770
0	0	328	348.289000	-102.940000	108.499000	-28.091600	66.746984	4.102300
0	0	329	399.165000	-147.492000	151.899000	8.678120	67.078337	2.892690
0	0	330	395.788000	-193.139000	95.670700	-46.745000	76.824326	2.698260
0	0	331	360.245000	-176.820000	66.461700	-33.027100	79.700081	3.039810
0	0	332	359.415000	-178.277000	83.288800	-80.939000	77.479301	2.946460
0	0	333	452.906000	-217.260000	55.761400	-99.038800	82.802658	2.531930
0	0	334	387.084000	-182.336000	30.475400	-95.366400	85.255683	3.052840
0	0	335	470.683000	-214.600000	29.559300	-132.705000	86.078675	2.601190
0	0	336	382.714000	-126.232000	11.874400	-164.539000	87.313055	4.436270
0	0	337	410.572000	-175.390000	32.560900	-116.158000	84.741428	3.167250
0	0	338	403.502000	-125.099000	-15.710500	-137.065000	-86.421005	4.466670
0	0	339	380.493000	-86.326000	-44.019600	-205.686000	-76.490963	0.000000
0	0	340	386.022000	-137.715000	-62.873900	-185.715000	-77.730446	3.825350
0	0	341	442.843000	-110.611000	-76.331600	-174.042000	-72.695406	4.419670
0	0	342	393.483000	-36.922400	-17.438100	-161.531000	-77.359539	0.000000
0	0	343	435.097000	-85.475800	-67.083500	-238.789000	-70.937155	0.000000
0	0	344	513.119000	-53.016900	-45.867500	-153.714000	-69.567661	0.000000
0	0	345	415.426000	-26.513600	-65.615800	-212.353000	-56.001162	0.000000
0	0	346	424.781000	-57.658100	-101.632000	-185.737000	-59.783604	5.434000
0	0	347	497.806000	-22.358400	-53.382900	-220.284000	-56.362717	0.000000
0	0	348	360.671000	10.275300	-80.134500	-174.384000	-41.346541	0.000000
0	0	349	456.265000	7.740470	-10.725300	-269.872000	-27.090971	0.000000
0	0	350	444.285000	-9.391280	-52.596300	-183.144000	-50.061852	0.000000
0	0	351	483.394000	-3.794670	-29.980000	-224.615000	-48.606880	0.000000
0	0	352	418.648000	-6.339040	-71.925000	-218.661000	-47.518347	0.000000
0	0	353	395.287000	22.291000	-22.152000	-203.707000	-22.410401	0.000000
0	0	354	482.454000	95.411300	-63.256300	-212.731000	-16.771899	5.173860
0	0	355	411.140000	32.245300	-35.063700	-220.889000	-23.698860	0.000000
0	0	356	402.584000	40.500300	-47.224100	-145.282000	-24.691486	0.000000
0	0	357	329.501000	39.700100	-53.864000	-136.480000	-26.804089	0.000000
0	0	358	448.046000	49.454500	-31.930000	-181.818000	-16.424033	0.000000
0	0	359	349.268000	49.410100	0.375016	-140.871000	0.217429	0.000000
0	0	360	349.032000	22.362500	-36.989900	-118.459000	-29.422325	0.000000
0	0	361	359.071000	12.667300	12.920600	-167.784000	22.783582	0.000000
0	0	362	336.576000	35.202100	-26.730500	-139.786000	-18.605499	0.000000
0	0	363	348.440000	44.219100	-6.322010	-146.452000	-4.068223	0.000000
0	0	364	396.392000	16.423500	9.233710	-207.688000	14.672902	0.000000
0	0	365	323.355000	-14.215500	18.862400	-170.897000	63.501610	0.000000
0	0	366	314.978000	5.922840	-1.052520	-128.087000	-5.038286	0.000000
0	0	367	328.410000	-6.489110	35.601900	-158.420000	50.164914	0.000000
0	0	368	334.550000	8.854840	-9.154330	-144.741000	-22.976367	0.000000
0	0	369	296.685000	-0.979621	57.557500	-147.277000	45.487536	0.000000
0	0	370	347.248000	12.262200	57.209500	-137.028000	38.951175	0.000000
0	0	371	326.257000	-18.521600	-5.306780	-126.429000	-82.006008	0.000000
0	0	372	267.615000	28.382200	-11.519400	-96.558800	-11.045306	0.000000
0	0	373	357.494000	-7.745650	12.397500	-129.931000	60.998059	0.000000
0	0	374	304.338000	-3.389490	-4.246230	-121.468000	-64.299049	0.000000
0	0	375	316.051000	19.425800	-13.812600	-107.253000	-17.707252	0.000000
0	0	376	305.776000	32.217800	-15.540600	-134.063000	-12.875417	0.000000
0	0	377	286.249000	21.604600	-22.674400	-105.637000	-23.192011	0.000000
0	0	378	237.260000	2.225480	-4.572190	-122.980000	-32.022918	0.000000
0	0	379	278.402000	22.031700	25.700300	-104.752000	24.697508	0.000000
0	0	380	272.530000	36.949300	28.641800	-96.947900	18.890793	0.000000
0	0	381	284.269000	-17.015000	-25.246700	-110.927000	-61.988990	0.000000
0	0	382	285.065000	35.503800	-1.494310	-123.967000	-1.205042	0.000000
0	0	383	271.884000	6.141520	4.992180	-164.351000	19.553096	0.000000
0	0	384	217.868000	4.112150	8.176380	-83.042300	31.650394	0.000000
0	0	385	229.316000	1.339880	20.985800	-108.537000	43.173398	0.000000
0	0	386	223.005000	10.607700	2.232020	-89.724300	5.941277	0.000000
0	0	387	252.765000	-3.807930	9.147090	-82.660400	56.300971	0.000000
0	0	388	240.412000	-17.249200	16.915500	-90.676800	67.779806	0.000000
0	0	389	188.793000	-31.532700	40.046800	-103.276000	64.108381	0.000000
0	0	390	217.946000	-35.316500	27.113800	-118.093000	71.242600	0.000000
0	0	391	227.676000	-19.829600	-20.704000	-85.045800	-66.882097	0.000000
0	0	392	220.202000	-15.128200	23.506600	-139.200000	61.382108	0.000000
0	0	393	209.694000	9.842630	7.631540	-104.613000	18.894209	0.000000
0	0	394	216.539000	-43.614200	1.703860	-84.545200	88.881392	0.000000
0	0	395	228.309000	6.074260	0.759011	-43.540400	3.561247	0.000000
0	0	396	191.965000	-28.233100	-4.738880	-51.719800	-85.235907	0.000000
0	0	397	202.429000	-8.366730	43.144300	-55.094800	50.487412	0.000000
0	0	398	206.646000	-33.693600	14.833300	-57.365300	78.119472	0.000000
0	0	399	229.171000	-11.798700	20.655100	-76.486300	59.868034	0.000000
0	0	400	189.957000	-29.843200	0.143537	-88.309800	89.862213	0.000000
0	0	401	140.898000	-26.050000	5.538100	-67.714400	83.998946	0.000000
0	0	402	175.547000	-27.352600	-0.801153	-62.730000	-89.161148	0.000000
0	0	403	223.036000	-18.727400	-15.715900	-55.839400	-69.998433	0.000000
0	0	404	159.509000	-21.349900	-1.264270	-44.963500	-88.305546	0.000000
0	0	405	218.089000	-34.194000	-34.360200	-43.791600	-67.430547	0.000000
0	0	406	164.151000	-32.016700	-14.805700	-28.916500	-77.591221	0.000000
0	0	407	182.480000	-1.265300	-9.298120	-41.669900	-48.874641	0.000000
0	0	408	211.865000	-9.877020	-0.315098	-63.717900	-89.086381	0.000000
0	0	409	149.079000	-20.133100	-43.932000	-48.033400	-57.310489	0.000000
0	0	410	184.923000	-23.090800	-25.023800	-73.962800	-66.349692	0.000000
0	0	411	119.198000	-49.451400	-41.896200	-39.241400	-69.864036	0.000000
0	0	412	176.843000	-48.419600	22.266400	-21.040300	77.652016	0.000000
0	0	413	161.216000	-26.927000	13.275600	-15.407200	76.877847	0.000000
0	0	414	140.645000	-25.637200	-32.858200	-81.564000	-63.981345	0.000000
0	0	415	123.172000	-1.780730	-2.482330	-38.168900	-62.827116	0.000000
0	0	416	131.063000	0.741003	-2.093690	-3.154100	-35.255004	0.000000
0	0	417	176.610000	-38.985800	21.811200	1.647480	75.387252	0.000000
0	0	418	136.026000	-10.517600	-37.673000	-24.529600	-52.799372	0.000000
0	0	419	133.045000	20.750300	22.624800	-20.401800	23.737278	0.000000
0	0	420	98.396500	-31.962200	-4.024700	-27.254000	-86.411527	0.000000
0	0	421	124.177000	-12.976800	-10.825400	-29.779900	-70.082368	0.000000
0	0	422	162.881000	-51.536300	-17.969100	-27.101700	-80.388965	0.000000
0	0	423	112.477000	-3.948730	-11.124000	-52.060600	-54.771768	0.000000
0	0	424	160.087000	-19.880900	-36.421300	-21.625400	-59.314162	0.000000
0	0	425	158.021000	-33.994600	-48.094300	-55.602200	-62.626950	0.000000
0	0	426	145.614000	-1.612150	-47.366000	-26.502400	-45.974684	0.000000
0	0	427	91.010800	-21.581100	-15.946700	-18.544900	-71.769287	0.000000
0	0	428	104.963000	8.269700	-28.178100	9.109530	-36.822054	0.000000
0	0	429	131.911000	-5.093360	-2.429380	-18.863000	-77.250129	0.000000
0	0	430	101.820000	-5.555020	-21.460700	-15.567900	-52.256138	0.000000
0	0	431	88.604300	-35.263400	-28.053000	6.699820	-70.748395	0.000000
0	0	432	98.052200	-13.123400	-27.595300	-14.835300	-57.717097	0.000000
0	0	433	138.154000	-7.891400	-17.453500	-28.355300	-57.164780	0.000000
0	0	434	124.917000	43.987600	-19.835100	-24.924200	-12.135897	0.000000
0	0	435	90.130900	-1.435780	-57.849400	-41.700500	-45.710874	0.000000
0	0	436	89.611500	13.274800	-27.680900	-20.288500	-32.189619	0.000000
0	0	437	110.312000	-5.317900	-60.528100	-11.447300	-47.510510	0.000000
0	0	438	98.952200	32.539600	-13.959500	-4.671260	-11.609675	0.000000
0	0	439	119.739000	-9.449740	-49.535900	28.342100	-50.400146	0.000000
0	0	440	115.310000	-5.905090	-1.664190	29.735500	-82.130472	0.000000
0	0	441	89.262700	-8.235010	-33.287200	27.271700	-51.947779	0.000000
0	0	442	132.105000	-20.117900	-34.201900	3.649150	-60.232234	0.000000
0	0	443	80.788600	-10.523400	-10.401200	-7.634780	-67.667302	0.000000
0	0	444	102.888000	-1.174010	-36.444200	16.878500	-45.922541	0.000000
0	0	445	88.535600	4.466830	-32.872900	17.320700	-41.130968	0.000000
0	0	446	111.549000	-7.110540	-36.874800	31.853900	-50.457171	0.000000
0	0	447	124.364000	43.351700	-36.706000	-0.164921	-20.127339	0.000000
0	0	448	100.139000	7.149300	-35.908400	11.046600	-39.369877	0.000000
0	0	449	78.676200	3.692040	-40.215000	-16.082500	-42.377260	0.000000
0	0	450	86.654500	-4.989730	-43.653500	-4.431020	-48.260392	0.000000
0	0	451	115.233000	-19.187500	-37.750500	-5.461940	-58.471465	0.000000
0	0	452	79.246100	-2.743480	-29.004700	23.186400	-47.701692	0.000000
0	0	453	68.588200	17.283500	-5.337270	13.813400	-8.580533	0.000000
0	0	454	18.705500	41.994700	0.146534	1.082790	0.099962	0.000000
0	0	455	3.869310	3.796100	16.033500	1.314000	38.339947	0.000000
0	0	456	30.609000	-30.551300	-1.332260	-22.532200	-88.751534	0.000000
0	0	457	5.206600	-36.015600	11.847700	-23.189200	80.895425	0.000000
0	0	458	-7.076500	-7.046890	30.920800	-11.198400	51.419253	0.000000
0	0	459	-11.583900	9.582230	58.897000	17.639900	40.379623	0.000000
0	0	460	-10.137700	38.594300	-26.984800	26.756200	-17.480456	0.000000
0	0	461	31.338700	17.813400	-2.518640	-6.346100	-4.023858	0.000000
0	0	462	-1.304450	-5.455590	20.541100	-9.615820	52.437008	0.000000
0	0	463	19.645300	-15.769200	-17.451100	7.827990	-66.050832	0.000000
0	0	464	23.624000	-2.220660	-13.424600	-27.928500	-49.696327	0.000000
0	0	465	2.981350	-29.665400	-7.696620	-0.064040	-82.727714	0.000000
0	0	466	28.915400	29.311100	-23.171700	14.382100	-19.163952	0.000000
0	0	467	14.099000	-25.306400	-22.020200	7.270960	-69.486025	0.000000
0	0	468	-6.182240	9.072470	-31.409800	3.231220	-36.944530	0.000000
0	0	469	-32.109900	-3.231550	12.469000	15.356300	52.264744	0.000000
0	0	470	3.140970	17.053000	-1.254810	20.942300	-2.104204	0.000000
0	0	471	15.675900	9.676970	11.032500	-32.187300	24.372465	0.000000
0	0	472	-12.660900	-2.504780	4.440350	28.195600	59.713568	0.000000
0	0	473	-11.040400	2.133590	-0.220360	3.341460	-2.948338	0.000000
0	0	474	35.747300	-11.201300	-42.505000	-2.731560	-52.381723	0.000000
0	0	475	8.019000	-0.815218	24.752300	38.560900	45.943178	0.000000
0	0	476	18.538800	-11.248400	12.587200	-17.088100	65.892592	0.000000
0	0	477	-21.915700	-14.577200	-7.616530	-17.583200	-76.206554	0.000000
0	0	478	10.364500	-21.394300	14.414900	-6.333150	73.014489	0.000000
0	0	479	28.656900	7.179390	15.515200	31.950800	32.584239	0.000000
0	0	480	-10.906600	-9.890500	-6.293790	-3.593890	-73.764743	0.000000
0	0	481	7.881520	-7.071880	11.244400	18.459700	61.083399	0.000000
0	0	482	8.687020	-17.677400	47.106300	-9.933410	55.284707	0.000000
0	0	483	9.734410	32.386500	18.237300	-37.471800	14.692241	0.000000
0	0	484	-0.619964	12.770000	3.137120	-0.405716	6.901073	0.000000
0	0	485	-4.389760	10.636200	-25.414500	-19.471900	-33.645123	0.000000
0	0	486	3.089710	2.358890	-12.132500	-28.801100	-39.498701	0.000000
0	0	487	11.257900	-17.210800	22.354000	2.766170	63.796703	0.000000
0	0	488	-27.310600	-7.914460	3.113390	1.251750	79.263159	0.000000
0	0	489	20.709600	32.464400	21.468900	1.810810	16.738450	0.000000
0	0	490	44.705900	-9.391650	-4.104700	-3.680700	-78.195930	0.000000
0	0	491	5.824040	-22.022900	-15.131200	-1.445680	-72.754170	0.000000
0	0	492	20.611900	-27.135900	-5.993420	4.225240	-83.772609	0.000000
0	0	493	16.651900	10.923100	42.181500	-9.040510	37.740947	0.000000
0	0	494	11.873500	0.876434	7.860620	2.461710	41.818990	0.000000
0	0	495	42.063400	-26.473800	23.123100	-1.041340	69.432477	0.000000
0	0	496	11.817500	9.163860	-22.477900	-5.342920	-33.910054	0.000000
0	0	497	-23.512000	-9.822200	20.455300	29.507700	57.824664	0.000000
0	0	498	13.093100	3.936770	25.080500	-5.460690	40.539667	0.000000
0	0	499	31.942300	8.733580	-21.511400	2.675430	-33.951479	0.000000
0	0	500	-5.345780	-12.656000	-23.717800	23.548500	-59.042362	0.000000
0	0	501	0.222415	-7.914660	53.423600	-18.097500	49.213512	0.000000
0	0	502	17.303200	8.421350	-11.549800	-0.312879	-26.951472	0.000000
0	0	503	13.802000	28.745000	-31.017300	35.832000	-23.588734	0.000000
0	0	504	22.429500	-37.574700	-8.687750	-22.156100	-83.490629	0.000000
0	0	505	29.627900	15.889000	-7.145370	-4.968780	-12.106855	0.000000
0	0	506	-6.253120	-8.452200	-0.408031	-0.966129	-88.618092	0.000000
0	0	507	2.419470	64.700200	16.750600	26.543800	7.257466	0.000000
0	0	508	4.642520	31.585200	-16.232700	-9.370780	-13.600080	0.000000
0	0	509	26.634100	-11.259700	13.948900	12.583900	64.455418	0.000000
0	0	510	28.554800	16.729500	31.994200	-22.628900	31.197654	0.000000
0	0	511	45.003900	21.829000	-4.632530	-6.207750	-5.990749	0.000000
0	0	512	-3.952120	6.692020	-3.297310	11.225400	-13.115257	0.000000
0	0	513	20.376000	3.014660	23.712300	33.090600	41.377289	0.000000
0	0	514	11.642100	-42.939200	-8.725740	31.068400	-84.256624	0.000000
0	0	515	-8.849340	55.743700	1.701620	-35.817600	0.874228	0.000000
0	0	516	20.189000	26.467000	7.633680	5.060570	8.044377	0.000000
0	0	517	17.668100	-12.976800	-4.806240	15.929400	-79.838397	0.000000
0	0	518	10.911400	0.327988	11.006800	-9.744420	44.146584	0.000000
0	0	519	30.976100	15.273000	8.337890	-5.123650	14.315582	0.000000
0	0	520	-6.570760	28.051400	7.722450	-11.896900	7.696020	0.000000
0	0	521	26.396700	45.429400	-14.071500	1.693630	-8.605036	0.000000
0	0	522	23.789200	5.988320	-14.552300	8.777360	-33.816335	0.000000
0	0	523	10.188300	-22.517200	3.402920	-27.176100	85.703093	0.000000
0	0	524	10.245100	37.119800	7.912200	-35.314600	6.016349	0.000000
0	0	525	40.572000	-31.356500	10.133700	-21.947700	81.045180	0.000000
0	0	526	54.427100	-11.622300	33.365900	-0.720499	54.602346	0.000000
0	0	527	12.854700	29.128400	-12.783700	-8.896040	-11.847713	0.000000
0	0	528	-1.678490	8.158360	12.677300	-2.539820	28.618533	0.000000
0	0	529	5.311360	11.438600	14.222000	-10.267500	25.595329	0.000000
0	0	530	-0.912754	-5.374700	12.384400	-25.247600	56.730169	0.000000
0	0	531	20.358800	6.911840	6.358590	11.154800	21.306348	0.000000
0	0	532	15.615400	19.415900	50.843200	-37.935500	34.549621	0.000000
0	0	533	12.587500	31.421800	-31.096100	8.231110	-22.350754	0.000000
0	0	534	48.824500	-1.534530	-0.534932	27.380700	-80.390808	0.000000
0	0	535	-22.031500	-37.671400	-47.689900	6.232790	-64.153028	0.000000
0	0	536	-13.526000	-34.809500	26.136700	23.493300	71.549480	0.000000
0	0	537	35.667100	19.293800	12.853000	-2.894080	16.835232	0.000000
0	0	538	3.516420	-15.386100	9.581500	-30.943400	74.043967	0.000000
0	0	539	-15.787100	-9.207410	-26.348800	0.417630	-54.630811	0.000000
0	0	540	59.622900	-18.859700	19.702200	12.071400	66.874201	0.000000
0	0	541	38.012200	28.115700	35.252100	-28.398800	25.712752	0.000000
0	0	542	24.017200	-1.240240	0.329502	13.630100	82.560794	0.000000
0	0	543	24.002300	-2.620460	-12.987400	17.348100	-50.703690	0.000000
0	0	544	2.926950	-8.610350	-17.958100	31.322100	-57.808134	0.000000
0	0	545	22.365600	-15.485100	-0.551764	3.324780	-88.979652	0.000000
0	0	546	22.176300	-34.297900	7.804580	5.754030	83.590241	0.000000
0	0	547	41.340100	-14.297600	1.302850	21.880900	87.396688	0.000000
0	0	548	2.937520	-14.010800	-42.589300	36.996100	-54.104947	0.000000
0	0	549	49.435300	33.478100	6.699910	-21.932200	5.658496	0.000000
0	0	550	30.784100	-32.911600	18.650500	-38.579900	75.230218	0.000000
0	0	551	16.979900	-6.422610	4.564770	-30.608600	72.298641	0.000000
0	0	552	15.637000	25.451100	-7.302290	-28.527600	-8.004477	0.000000
0	0	553	16.808700	-43.519500	-16.618100	-2.473010	-79.550219	0.000000
0	0	554	6.683680	21.005000	-2.814040	-23.782500	-3.815241	0.000000
0	0	555	34.776800	-20.962300	1.676260	3.183550	87.714023	0.000000
0	0	556	-15.456900	-17.012300	6.982740	20.733100	78.842091	0.000000
0	0	557	-2.927240	-9.039600	-6.922320	-0.623360	-71.277965	0.000000
0	0	558	13.217000	-3.971050	43.447900	-38.672700	47.611104	0.000000
0	0	559	21.444300	-3.349120	-22.935100	-9.185880	-49.153976	0.000000
0	0	560	7.924680	9.637760	-0.258507	-15.056400	-0.768218	0.000000
0	0	561	-15.641400	12.163900	4.014390	5.938440	9.132088	0.000000
0	0	562	38.427700	-48.181200	-16.848200	-15.787500	-80.363040	0.000000
0	0	563	-25.564000	-0.071275	8.566060	7.659160	45.238362	0.000000
0	0	564	6.561490	12.431500	-10.406000	1.786060	-19.965797	0.000000
0	0	565	-7.537050	6.918370	1.781260	-21.034600	7.219127	0.000000
0	0	566	16.510400	1.665780	-9.964830	-13.547800	-40.254924	0.000000
0	0	567	4.876130	13.555200	-15.947500	21.805800	-24.817914	0.000000
0	0	568	43.861900	-31.596300	-29.992100	6.066950	-68.246026	0.000000
0	0	569	6.766640	-2.897840	-19.159800	-2.758920	-49.300282	0.000000
0	0	570	28.213000	26.648600	0.971677	-13.554200	1.044114	0.000000
0	0	571	17.886800	7.447180	-36.495800	-35.668200	-39.233400	0.000000
0	0	572	9.614760	2.775890	6.873350	7.684620	34.004026	0.000000
0	0	573	44.819400	-19.058700	-26.847900	41.543400	-62.685028	0.000000
0	0	574	-14.148000	-33.533700	7.765310	14.451900	83.480987	0.000000
0	0	575	16.337900	-18.652300	22.204500	31.426900	65.015523	0.000000
0	0	576	29.528100	28.274100	26.948400	15.666400	21.812396	0.000000
0	0	577	7.455480	20.707100	48.757200	47.952900	33.494576	0.000000
0	0	578	14.594800	36.490100	20.561800	-3.317530	14.700408	0.000000
0	0	579	2.654820	2.789380	-24.643100	-0.422033	-41.771057	0.000000
0	0	580	49.546800	12.227900	-18.601800	-6.311790	-28.340533	0.000000
0	0	581	40.674100	8.466790	12.637000	-15.434400	28.088957	0.000000
0	0	582	-2.089440	14.714700	21.238900	14.529800	27.642536	0.000000
0	0	583	37.712000	19.165700	-11.397700	17.886200	-15.369818	0.000000
0	0	584	18.788100	-6.901620	12.065000	-0.402041	59.885565	0.000000
0	0	585	6.217230	15.080900	7.690400	-13.108200	13.509496	0.000000
0	0	586	-33.678500	36.952100	10.758000	2.087760	8.116028	0.000000
0	0	587	22.090700	-7.675970	-7.718610	-25.043200	-67.420651	0.000000
0	0	588	13.804900	-31.999000	12.823200	31.403600	79.081086	0.000000
0	0	589	24.875500	-13.111400	-9.956210	4.823860	-71.394295	0.000000
0	0	590	-3.413820	-2.599700	-0.866555	-16.927100	-80.782641	0.000000
0	0	591	22.100500	-31.251300	9.920290	41.594500	81.194342	0.000000
0	0	592	-14.495300	-24.023600	-29.602900	16.013300	-64.530159	0.000000
0	0	593	22.283300	12.540600	-1.517480	4.387320	-3.449776	0.000000
0	0	594	1.311200	5.831190	0.061485	-7.099400	0.302056	0.000000
0	0	595	-1.302030	14.713500	-35.000400	12.133200	-33.599522	0.000000
0	0	596	-23.453000	-47.330000	19.512100	5.810720	78.797888	0.000000
0	0	597	24.804600	-5.339600	9.243770	-9.992350	60.006291	0.000000
0	0	598	60.926400	-23.101600	-0.236646	-4.002110	-89.706550	0.000000
0	0	599	33.044800	-12.122000	-52.163300	-0.145494	-51.541257	0.000000
0	0	600	51.407300	0.370301	51.137100	-23.036400	44.792555	0.000000
0	0	601	41.768300	39.665800	-13.020500	-1.100640	-9.086342	0.000000
0	0	602	34.535600	3.112640	10.174000	13.217300	36.494500	0.000000
0	0	603	3.064310	-1.691280	17.287200	-2.064280	47.793853	0.000000
0	0	604	-14.155500	-30.195600	29.473000	-9.864620	67.846915	0.000000
0	0	605	15.652700	-10.929400	-8.935170	2.065610	-70.366395	0.000000
0	0	606	18.202200	-19.627800	-0.139108	-7.034750	-89.796967	0.000000
0	0	607	46.109500	-23.747500	48.220700	-16.205500	58.109552	0.000000
0	0	608	46.354500	-4.949580	-32.767700	-8.432420	-49.294813	0.000000
0	0	609	7.573450	-0.628775	7.711820	-8.437420	47.330620	0.000000
0	0	610	23.665300	-20.707800	-7.766870	15.835000	-79.720225	0.000000
0	0	611	34.718600	-31.235100	-20.856600	17.712500	-73.133896	0.000000
0	0	612	41.664400	-17.836000	-5.987400	-2.917670	-80.721759	0.000000
0	0	613	58.412700	-1.500680	11.166600	13.352100	48.827062	0.000000
0	0	614	3.785650	0.866819	31.194800	18.830300	44.204158	0.000000
0	0	615	32.635600	-17.241600	-15.325300	60.985900	-69.183756	0.000000
0	0	616	22.050500	-49.584500	9.289570	6.779350	84.694372	0.000000
0	0	617	48.988800	0.403120	2.223380	1.913400	39.861683	0.000000
0	0	618	39.065500	33.703400	22.921900	5.754370	17.109936	0.000000
0	0	619	7.862900	6.112770	-3.166770	-24.235500	-13.693391	0.000000
0	0	620	39.612000	-4.551740	2.974700	-14.146700	73.417084	0.000000
0	0	621	35.900800	-7.225840	8.031370	-2.600200	65.988890	0.000000
0	0	622	78.118500	12.883000	22.032900	19.328400	29.842235	0.000000
0	0	623	22.396000	45.868100	-6.418050	28.518800	-3.982671	0.000000
0	0	624	32.526800	14.853300	-22.403700	-8.948330	-28.228125	0.000000
0	0	625	36.501900	-9.943490	-18.314100	-4.954890	-59.249692	0.000000
0	0	626	37.946100	-26.161800	16.264300	32.600400	74.065779	0.000000
0	0	627	18.774000	-9.071810	2.031990	-0.674332	83.687369	0.000000
0	0	628	9.115420	-13.309400	12.577100	-13.604600	68.310201	0.000000
0	0	629	54.826000	-9.422270	-14.606300	19.412100	-61.412679	0.000000
0	0	630	16.892000	4.744870	-1.021830	1.370010	-6.076652	0.000000
0	0	631	13.161700	0.124649	36.840400	-24.063000	44.903071	0.000000
0	0	632	38.573100	0.969335	19.582200	-4.459990	43.583062	0.000000
0	0	633	28.187500	-25.905100	-1.758400	3.069070	-88.058402	0.000000
0	0	634	42.444300	21.667500	-32.043200	-68.976000	-27.966790	0.000000
0	0	635	64.857700	37.395600	0.930109	9.110340	0.712388	0.000000
0	0	636	31.483300	3.844630	14.369900	-2.731270	37.510739	0.000000
0	0	637	13.476800	-36.897300	17.712600	14.472600	77.178301	0.000000
0	0	638	42.910500	14.575700	4.054220	19.072100	7.771934	0.000000
0	0	639	45.141600	-4.283760	-30.244500	48.691800	-49.030808	0.000000
0	0	640	30.950800	26.004600	-29.436200	-41.567600	-24.270949	0.000000
0	0	641	22.861300	-24.471800	-3.973900	22.361900	-85.388213	0.000000
0	0	642	46.348300	22.005600	27.992100	-19.665700	25.913917	0.000000
0	0	643	12.074700	-16.994500	8.711610	8.190190	76.429855	0.000000
0	0	644	8.658870	-13.564300	-32.403000	-16.779100	-56.357397	0.000000
0	0	645	-5.434590	61.427600	-23.552300	-2.363900	-10.488801	0.000000
0	0	646	2.428870	-26.098300	13.959200	9.553760	75.929503	0.000000
0	0	647	32.938400	-13.656500	-7.170770	7.973280	-76.148442	0.000000
0	0	648	44.453600	-7.239840	36.391700	4.324230	50.625818	0.000000
0	0	649	40.483300	10.085900	25.733700	-37.990700	34.299061	0.000000
0	0	650	68.684700	-16.042700	-11.507800	-37.528700	-72.173625	0.000000
0	0	651	29.703800	-6.097890	-8.910790	31.004300	-62.192436	0.000000
0	0	652	41.876800	11.157600	-3.785420	-44.120300	-9.370223	0.000000
0	0	653	37.658900	-18.804100	10.363700	8.828710	75.569532	0.000000
0	0	654	56.157300	13.033900	-44.280300	28.919400	-36.799108	0.000000
0	0	655	15.111100	-26.353400	-1.395800	10.834000	-88.484089	0.000000
0	0	656	37.076500	20.476300	-9.765500	-12.810700	-12.748639	0.000000
0	0	657	46.979400	-0.491810	-4.856450	17.723200	-47.891299	0.000000
0	0	658	-13.046300	15.631300	1.469010	33.956500	2.684408	0.000000
0	0	659	2.149900	-4.870820	-0.066247	-4.234780	-89.610390	0.000000
0	0	660	21.927000	40.926700	-10.794800	-4.938690	-7.387894	0.000000
0	0	661	27.508200	35.936900	68.083700	-10.191300	31.086689	0.000000
0	0	662	10.475200	39.762700	9.706210	3.869690	6.858914	0.000000
0	0	663	64.193800	24.990300	-14.733500	-13.237600	-15.261136	0.000000
0	0	664	9.574540	-4.534080	-31.578000	17.207100	-49.085442	0.000000
0	0	665	13.271500	13.420300	-12.418300	-10.890100	-21.389614	0.000000
0	0	666	26.570800	-30.421000	-3.000770	-4.494840	-87.183244	0.000000
0	0	667	6.871480	0.867532	-12.079300	-3.815780	-42.946043	0.000000
0	0	668	0.252613	-21.582200	-12.913300	-29.465600	-74.553304	0.000000
0	0	669	2.454790	-0.422895	9.789750	31.530300	46.236755	0.000000
0	0	670	28.252200	60.340600	4.862520	-9.626440	2.303599	0.000000
0	0	671	43.315100	-19.807700	12.734600	13.130400	73.631283	0.000000
0	0	672	37.664600	33.347100	26.368100	21.898400	19.167001	0.000000
0	0	673	-3.393530	8.228050	3.035510	17.830800	10.125068	0.000000
0	0	674	15.874400	43.813700	16.234800	-22.405700	10.165883	0.000000
0	0	675	8.563700	31.855100	12.497500	17.227000	10.710619	0.000000
0	0	676	12.767700	-16.224200	-3.583590	-13.307100	-83.772268	0.000000
0	0	677	56.063600	13.899900	12.452100	15.435700	20.927643	0.000000
0	0	678	29.822300	-19.782100	19.880100	17.495000	67.429215	0.000000
0	0	679	38.583300	-3.158630	10.774700	1.817970	53.169315	0.000000
0	0	680	-10.750200	-22.388900	-15.793600	-40.820100	-72.400027	0.000000
0	0	681	7.318230	5.402800	30.372700	-7.110580	39.956767	0.000000
0	0	682	10.203900	-3.130210	-4.378770	0.617599	-62.779741	0.000000
0	0	683	33.355700	0.975140	19.415700	26.565200	43.562388	0.000000
0	0	684	10.233000	2.471230	6.097280	-6.770360	33.968634	0.000000
0	0	685	16.063100	-3.569380	15.408800	-34.639100	51.521139	0.000000
0	0	686	-23.010400	-8.239740	-5.956630	3.635420	-72.068138	0.000000
0	0	687	29.821600	22.989000	48.882200	-0.414342	32.406343	0.000000
0	0	688	22.439900	-0.665363	-27.874000	15.848500	-45.683706	0.000000
0	0	689	30.981700	8.653410	53.993000	-2.169940	40.447345	0.000000
0	0	690	10.472700	42.983100	-3.661280	0.922857	-2.434337	0.000000
0	0	691	8.169150	-6.558270	24.634700	-21.462200	52.453783	0.000000
0	0	692	34.283700	16.583400	42.379600	-7.613050	34.314643	0.000000
0	0	693	16.466800	14.540900	17.498300	41.632100	25.136891	0.000000
0	0	694	-0.789202	-8.184700	15.926400	23.234100	58.599491	0.000000
0	0	695	22.918400	-2.875240	25.921100	-36.041400	48.164766	0.000000
0	0	696	-13.494900	-35.308800	1.590760	16.430100	88.710205	0.000000
0	0	697	15.816700	1.974440	5.078600	7.837560	34.377546	0.000000
0	0	698	32.755400	17.260600	3.918830	2.924030	6.395767	0.000000
0	0	699	45.546500	-20.263800	-17.656900	12.700000	-69.466337	0.000000
0	0	700	12.646200	-23.356300	-16.841800	-35.125900	-72.102659	0.000000
0	0	701	4.273260	-0.820054	5.757900	-52.936200	49.052845	0.000000
0	0	702	-6.308420	-11.374500	7.903580	14.545500	72.603233	0.000000
0	0	703	-10.093000	-43.635700	35.572000	-11.820100	70.406471	0.000000
0	0	704	20.721000	-4.494270	35.258500	-10.999300	48.632054	0.000000
0	0	705	46.761400	33.509200	-1.330600	1.825620	-1.136967	0.000000
0	0	706	-3.731560	-7.430300	-24.733200	-14.456200	-53.360609	0.000000
0	0	707	40.800400	11.955000	7.265740	-5.827950	15.644726	0.000000
0	0	708	-6.914820	-16.938500	25.231000	1.319920	61.937459	0.000000
0	0	709	50.392800	22.921500	-2.312830	-16.074200	-2.880885	0.000000
0	0	710	13.723500	-20.076300	-16.870300	18.424500	-69.979677	0.000000
0	0	711	27.515000	0.468656	16.334900	-22.451700	44.178304	0.000000
0	0	712	5.465400	13.103600	-0.608577	33.235400	-1.329553	0.000000
0	0	713	2.983840	-18.389400	-15.647200	-7.610410	-69.803078	0.000000
0	0	714	27.192900	-14.920400	-15.757000	-1.636000	-66.718940	0.000000
0	0	715	-5.918560	-49.553400	6.391570	-13.762000	86.325185	0.000000
0	0	716	19.963700	17.948100	-12.569000	15.338200	-17.501719	0.000000
0	0	717	-28.850600	-0.829280	36.391600	20.023600	45.652706	0.000000
0	0	718	23.952500	5.851730	8.981220	24.011100	28.456837	0.000000
0	0	719	0.855515	0.053265	-22.375200	-13.139400	-44.931802	0.000000
0	0	720	34.172100	43.387500	17.080600	16.100200	10.744175	0.000000
0	0	721	-7.762740	35.659600	25.937800	10.439000	18.015550	0.000000
0	0	722	1.800350	17.190200	-27.260800	-16.590100	-28.882581	0.000000
0	0	723	-19.768900	-21.383700	-6.406300	16.892400	-81.661207	0.000000
0	0	724	-3.484800	-28.070000	-2.341080	-15.000300	-87.616240	0.000000
0	0	725	3.511750	-53.246100	-1.981470	-25.324500	-88.934405	0.000000
0	0	726	40.527100	2.537410	-0.092125	-5.514190	-1.039658	0.000000
0	0	727	46.137200	-6.273080	-7.836700	-1.363150	-64.338194	0.000000
0	0	728	-4.310790	-28.389900	15.432400	9.687000	75.736021	0.000000
0	0	729	-9.931230	-8.376430	-23.826500	8.508690	-54.684802	0.000000
0	0	730	20.502100	-27.070100	7.154380	-0.227559	82.597872	0.000000
0	0	731	-2.698330	5.157700	-34.639900	-14.068300	-40.765588	0.000000
0	0	732	-7.548440	-21.749600	-14.507200	-29.155400	-73.148159	0.000000
0	0	733	1.413500	-1.858030	-0.116001	-24.519800	-88.213766	0.000000
0	0	734	23.199200	39.233000	-31.346300	12.360700	-19.312041	0.000000
0	0	735	58.795400	17.327800	-11.367600	-24.272400	-16.633088	0.000000
0	0	736	28.116400	5.217940	18.641200	7.171760	37.181151	0.000000
0	0	737	0.401578	11.870600	-10.724400	5.468220	-21.047993	0.000000
0	0	738	-33.491000	-37.718800	-18.653400	12.298500	-76.842915	0.000000
0	0	739	2.563590	11.019400	25.109000	-7.978630	33.152564	0.000000
0	0	740	-15.786100	3.265900	-30.657000	-31.975500	-41.959598	0.000000
0	0	741	-1.765130	-18.103400	-2.422320	-11.529500	-86.189411	0.000000
0	0	742	-1.277450	7.701820	17.787900	6.432910	33.294156	0.000000
0	0	743	20.601800	33.635100	10.094500	9.907430	8.352724	0.000000
0	0	744	-1.487790	20.839400	16.198400	-11.639700	18.928905	0.000000
0	0	745	-1.367560	33.322100	-42.127500	-1.407590	-25.828316	0.000000
0	0	746	27.125100	-23.186000	33.979600	13.519000	62.153848	0.000000
0	0	747	-10.087700	-21.124400	-1.020980	1.556210	-88.616473	0.000000
0	0	748	7.402360	16.922700	-0.877294	-17.321300	-1.483814	0.000000
0	0	749	-19.561200	-5.798390	-15.721100	17.570500	-55.122706	0.000000
0	0	750	-18.425000	11.711800	16.124600	-1.374940	27.003963	0.000000
0	0	751	16.486400	-35.817200	-10.095200	-12.843800	-82.129664	0.000000
0	0	752	-15.862700	25.670600	-5.091790	0.479065	-5.609529	0.000000
0	0	753	8.731590	33.288800	-11.628600	16.632500	-9.627785	0.000000
0	0	754	4.032210	10.568800	-14.452900	35.676900	-26.911780	0.000000
0	0	755	7.250630	35.803300	12.700400	-11.039600	9.765487	0.000000
0	0	756	-7.785600	-0.738307	-23.664200	0.889623	-45.893505	0.000000
0	0	757	-22.157600	10.634300	33.977000	-14.305700	36.310325	0.000000
0	0	758	3.821520	0.447132	-2.306380	-12.803500	-39.514159	0.000000
0	0	759	12.788800	-17.304800	8.030120	-11.583900	77.553406	0.000000
0	0	760	-65.617200	34.044000	4.444300	6.321380	3.718830	0.000000
0	0	761	14.305000	35.704200	-14.118200	-21.184000	-10.787448	0.000000
0	0	762	5.631940	-44.085600	-12.750200	0.982700	-81.934679	0.000000
0	0	763	-9.374710	33.692500	-2.733550	-4.148570	-2.319189	0.000000
0	0	764	-9.454690	13.019400	21.561200	-2.725280	29.437483	0.000000
0	0	765	-24.130800	-41.387000	43.349700	-33.194700	66.836567	0.000000
0	0	766	9.016950	3.007530	-9.305360	-20.385500	-36.044479	0.000000
0	0	767	-13.974900	6.711340	1.791920	-17.995800	7.474592	0.000000
0	0	768	13.320700	-30.287300	44.601100	13.066400	62.089638	0.000000
0	0	769	20.209400	-23.432000	35.165500	15.039700	61.838453	0.000000
0	0	770	23.746500	16.107600	-3.486590	-12.089100	-6.106802	0.000000
0	0	771	-25.778200	-13.806700	0.611895	8.968810	88.731193	0.000000
0	0	772	4.488530	-18.112900	-10.743400	-24.632300	-74.663163	0.000000
0	0	773	-5.236430	-12.798200	-33.139400	-10.338100	-55.558103	0.000000
0	0	774	-16.118100	-33.267100	19.491900	-13.764100	74.816529	0.000000
0	0	775	-13.237800	11.850500	32.880700	-26.614600	35.090191	0.000000
0	0	776	-0.697344	18.145400	2.829800	-31.522700	4.431978	0.000000
0	0	777	-12.384200	-25.200300	5.520510	19.329400	83.821838	0.000000
0	0	778	-14.055400	9.680590	24.223600	19.551100	34.108319	0.000000
0	0	779	4.414360	-2.443410	0.385616	-2.332800	85.515810	0.000000
0	0	780	1.879390	-18.758800	-24.074300	11.229100	-63.962939	0.000000
0	0	781	-9.505120	-11.732200	3.780470	-31.690900	81.069744	0.000000
0	0	782	-13.712400	-21.340000	-5.513290	55.678800	-82.757059	0.000000
0	0	783	23.280500	-35.086400	22.534600	-13.669800	73.644490	0.000000
0	0	784	-6.216080	-11.887300	0.900861	-0.508620	87.833105	0.000000
0	0	785	-13.553300	34.007900	8.028010	13.624700	6.641130	0.000000
0	0	786	-31.863400	5.956860	22.621700	-26.076700	37.623741	0.000000
0	0	787	9.355360	-10.711100	-3.820870	24.864800	-80.183818	0.000000
0	0	788	-3.883110	-53.508000	-3.583520	36.821400	-88.084264	0.000000
0	0	789	-16.406600	1.922920	-25.570200	35.502800	-42.849680	0.000000
0	0	790	1.003540	-4.645900	-3.113900	-0.128301	-73.084077	0.000000
0	0	791	15.852400	-20.677100	-41.050500	-1.263970	-58.367177	0.000000
0	0	792	17.920600	-9.865960	-6.188370	6.695090	-73.951115	0.000000
0	0	793	-19.615700	1.091270	-18.570200	-6.686740	-43.318453	0.000000
0	0	794	-12.498600	11.005000	8.103300	-18.240600	18.182646	0.000000
0	0	795	-16.209900	-9.109130	-9.129570	38.842500	-67.467894	0.000000
0	0	796	4.283940	-25.303400	33.828300	-17.981600	63.398153	0.000000
0	0	797	27.954300	-7.134490	-9.161170	39.092600	-63.955283	0.000000
0	0	798	-4.350540	12.410000	-23.095400	22.353300	-30.874621	0.000000
0	0	799	-19.410500	-9.775450	-1.162220	-15.701000	-86.609917	0.000000
0	0	800	-24.057900	39.704200	-17.646100	14.208300	-11.981117	0.000000
0	0	801	-34.057000	-23.053100	45.140700	0.846248	58.526572	0.000000
0	0	802	0.875205	22.779800	13.187900	2.074240	15.033910	0.000000
0	0	803	-19.934000	-9.855430	-17.587400	13.239500	-59.632455	0.000000
0	0	804	4.343230	3.732300	6.908600	-15.418400	30.810161	0.000000
0	0	805	-13.930800	-36.240100	-31.025200	28.778700	-69.716561	0.000000
0	0	806	-31.318800	12.697800	-9.586990	23.800700	-18.526619	0.000000
0	0	807	-16.028500	-23.236300	9.008870	-52.787700	79.404176	0.000000
0	0	808	-14.531200	16.255900	-37.660500	27.052900	-33.326442	0.000000
0	0	809	-9.017760	-10.179000	9.208830	-0.558501	68.932350	0.000000
0	0	810	16.015300	-39.375400	-5.174130	-7.754910	-86.256966	0.000000
0	0	811	38.949800	-0.085628	19.508700	14.702500	45.125742	0.000000
0	0	812	6.720250	14.140400	-3.209560	-16.370300	-6.394104	0.000000
0	0	813	34.626400	34.793800	-16.900800	9.101300	-12.953890	0.000000
0	0	814	1.209050	-5.737280	-14.532900	8.149340	-55.771527	0.000000
0	0	815	17.116900	-9.153620	24.878300	-1.310120	55.100191	0.000000
0	0	816	-20.704600	-5.622710	7.887250	23.579500	62.742269	0.000000
0	0	817	10.043800	19.100400	3.099490	11.921300	4.608623	0.000000
0	0	818	-48.514400	35.997900	-27.930400	22.059800	-18.903759	0.000000
0	0	819	-1.625910	53.779300	-21.929500	-28.137500	-11.092042	0.000000
0	0	820	-11.234600	4.319590	48.027800	-9.632760	42.430341	0.000000
0	0	821	-22.573600	44.656000	23.530800	53.355400	13.893153	0.000000
0	0	822	2.004750	-21.138300	-36.827500	15.627400	-59.927511	0.000000
0	0	823	-18.282000	-0.291007	8.903610	-5.406640	45.935999	0.000000
0	0	824	-5.132690	6.918650	-7.019960	-31.659400	-22.708218	0.000000
0	0	825	-11.124400	13.913700	19.858500	-19.103600	27.491649	0.000000
0	0	826	-31.254500	45.718700	-25.850400	-15.873700	-14.742406	0.000000
0	0	827	-14.433600	32.146300	-1.882430	3.376910	-1.675656	0.000000
0	0	828	19.568700	29.223100	22.148800	-3.652050	18.579626	0.000000
0	0	829	18.712100	-3.319290	-38.901900	-8.005110	-47.438464	0.000000
0	0	830	-17.147600	-41.416400	-8.575630	17.530300	-84.150858	0.000000
0	0	831	-14.170500	-1.702200	-3.578030	-13.751000	-57.721073	0.000000
0	0	832	-0.362446	5.376830	10.261400	19.088400	31.173045	0.000000
0	0	833	-9.444210	-6.076280	2.675930	-22.886400	78.115905	0.000000
0	0	834	6.509500	-9.189060	24.147500	-18.157600	55.416880	0.000000
0	0	835	-18.326300	12.817600	-38.110500	14.481400	-35.705402	0.000000
0	0	836	11.007700	-21.152900	-28.394800	-33.306300	-63.342260	0.000000
0	0	837	22.440600	-5.272930	-11.962800	18.376400	-56.893397	0.000000
0	0	838	11.296700	-2.825140	25.948500	7.380580	48.106799	0.000000
0	0	839	-23.655700	22.301500	-12.880400	8.047430	-15.004454	0.000000
0	0	840	25.773100	8.589180	-3.263810	31.609300	-10.403167	0.000000
0	0	841	-4.519760	-21.977400	2.984430	-8.486240	86.133400	0.000000
0	0	842	23.939400	24.488900	-1.392040	3.084240	-1.626702	0.000000
0	0	843	8.558950	-5.188930	-22.490200	11.835400	-51.495959	0.000000
0	0	844	-6.382350	31.035800	23.290400	15.593400	18.442952	0.000000
0	0	845	16.253900	11.199700	-3.068530	-28.731000	-7.661038	0.000000
0	0	846	28.117000	-12.276800	9.292820	31.966900	71.438204	0.000000
0	0	847	22.200000	17.063000	2.410190	-7.154790	4.019989	0.000000
0	0	848	16.007900	-3.723140	16.231800	-7.572290	51.459326	0.000000
0	0	849	-2.141410	-21.704600	16.723000	-5.788280	71.193201	0.000000
0	0	850	-8.038950	-37.758500	-10.903800	-3.769860	-81.946240	0.000000
0	0	851	-38.679900	-26.064900	-32.455700	-3.616210	-64.383827	0.000000
0	0	852	2.758560	29.711200	15.225500	7.007210	13.566432	0.000000
0	0	853	16.230300	19.471100	23.502000	2.543480	25.179348	0.000000
0	0	854	-9.420410	9.916060	29.472300	-10.365500	35.702152	0.000000
0	0	855	-14.480400	-6.350600	20.551400	22.843800	53.585851	0.000000
0	0	856	-20.228000	-25.355600	5.751110	-7.003470	83.610252	0.000000
0	0	857	32.418500	-34.601100	3.458740	-27.609400	87.145826	0.000000
0	0	858	0.650809	25.985100	18.925100	-12.946800	18.033035	0.000000
0	0	859	20.917800	8.664780	-4.773260	23.531200	-14.424760	0.000000
0	0	860	-17.196700	11.954900	-0.541187	-29.039100	-1.295978	0.000000
0	0	861	12.038100	27.916200	9.445410	0.822667	9.346591	0.000000
0	0	862	12.184800	12.666200	-17.823000	-7.044670	-27.299943	0.000000
0	0	863	35.147200	-23.075000	7.688060	6.450990	80.786556	0.000000
0	0	864	-3.003730	-10.709700	-15.124200	11.744500	-62.651475	0.000000
0	0	865	29.545300	4.571920	-17.252600	24.788200	-37.578916	0.000000
0	0	866	5.534060	5.002010	4.731820	11.091200	21.705001	0.000000
0	0	867	1.440000	-1.157460	3.348890	-7.449050	54.533214	0.000000
0	0	868	12.002300	-6.885680	-10.539000	18.722900	-61.579343	0.000000
0	0	869	18.921600	15.463400	28.055200	-39.998800	30.568714	0.000000
0	0	870	34.745100	-23.771200	-24.661600	-3.523240	-66.973390	0.000000
0	0	871	14.380100	9.784020	-37.722600	17.172100	-37.729864	0.000000
0	0	872	8.309330	-15.111500	-24.598400	65.208000	-60.781797	0.000000
0	0	873	16.611400	-28.968900	-15.795500	6.460320	-75.699129	0.000000
0	0	874	12.023200	18.455700	-18.463700	-25.073100	-22.506208	0.000000
0	0	875	-8.178690	13.008200	22.229200	24.139400	29.832229	0.000000
0	0	876	20.128300	-10.255500	-6.977120	-5.621200	-72.885694	0.000000
0	0	877	11.688300	-15.712500	25.667900	17.986700	60.736357	0.000000
0	0	878	15.697100	-9.804200	5.586800	13.191900	75.161946	0.000000
0	0	879	11.651700	7.564950	-14.996200	-8.858800	-31.615492	0.000000
0	0	880	-27.090300	-21.916900	13.243500	-8.614330	74.428561	0.000000
0	0	881	31.658300	35.957400	-5.144430	7.214200	-4.071031	0.000000
0	0	882	-10.972800	-12.311100	4.662520	23.673400	79.628538	0.000000
0	0	883	28.677800	-25.621200	4.767540	-32.504900	84.729538	0.000000
0	0	884	23.124500	19.754300	-37.703900	10.384200	-31.174247	0.000000
0	0	885	49.074400	-8.044190	-0.430810	41.665600	-88.467214	0.000000
0	0	886	15.183800	10.294700	-46.017000	14.053600	-38.694853	0.000000
0	0	887	9.422680	-5.152630	-1.003610	-7.801410	-84.489071	0.000000
0	0	888	0.912448	-1.483240	-39.715900	17.718900	-46.069394	0.000000
0	0	889	20.745800	43.946200	-24.212000	-22.165300	-14.426204	0.000000
0	0	890	14.882300	3.301160	-10.558700	17.696600	-36.319116	0.000000
0	0	891	3.574410	-15.813300	-20.316900	19.690000	-63.947388	0.000000
0	0	892	60.490000	-35.990800	29.706000	1.620010	70.232249	0.000000
0	0	893	20.537100	13.989000	-6.234780	3.564780	-12.011066	0.000000
0	0	894	5.143140	4.542210	-0.618981	9.845900	-3.880036	0.000000
0	0	895	51.747300	8.749170	10.213700	33.298100	24.708135	0.000000
0	0	896	19.577800	-1.315800	-28.968300	12.846300	-46.300353	0.000000
0	0	897	10.748200	44.813300	-36.001200	-47.134800	-19.388496	0.000000
0	0	898	31.005000	6.983270	-29.808800	-20.475200	-38.407580	0.000000
0	0	899	78.509300	25.468200	-42.778600	-13.819500	-29.616293	0.000000
0	0	900	18.497100	3.094510	-14.567300	19.420500	-39.003510	0.000000
0	0	901	40.084900	46.377700	-34.274100	-39.856900	-18.232592	0.000000
0	0	902	8.950080	8.185290	6.849290	-9.542560	19.960966	0.000000
0	0	903	3.567950	29.977900	16.418500	7.796550	14.354469	0.000000
0	0	904	24.366500	21.577200	12.631400	14.927800	15.172459	0.000000
0	0	905	29.314000	47.277800	-27.407000	-6.467770	-15.050462	0.000000
0	0	906	43.189900	-7.624430	3.114540	-8.258420	78.890120	0.000000
0	0	907	37.519400	37.920800	-49.466900	-18.646100	-26.263305	0.000000
0	0	908	53.643500	26.851300	30.129200	5.964880	24.146204	0.000000
0	0	909	13.317000	21.384100	-30.680800	1.427380	-27.562014	0.000000
0	0	910	39.710900	25.146900	-26.866400	-12.291000	-23.446722	0.000000
0	0	911	11.810200	16.576700	-0.090581	32.180200	-0.156542	0.000000
0	0	912	-5.662700	15.973600	-32.604500	46.383900	-31.949419	0.000000
0	0	913	28.289100	15.707200	9.164040	34.188100	15.130269	0.000000
0	0	914	-6.463900	20.277600	-17.460600	-13.713900	-20.365513	0.000000
0	0	915	26.925000	3.329670	-35.747500	-1.960310	-42.339294	0.000000
0	0	916	20.391100	-6.763520	-0.529603	-35.507600	-87.761356	0.000000
0	0	917	17.627400	5.030830	-20.069900	18.189200	-37.963939	0.000000
0	0	918	29.438400	13.819200	1.077540	-10.643000	2.229283	0.000000
0	0	919	22.626300	9.475710	1.534060	-8.411110	4.598026	0.000000
0	0	920	37.730900	-0.213428	13.029600	11.321500	45.469217	0.000000
0	0	921	21.070700	58.256900	-12.168900	-40.473300	-5.899246	0.000000
0	0	922	5.908500	-5.141510	-39.074600	-34.528600	-48.748012	0.000000
0	0	923	19.173500	4.644340	63.728700	-14.373300	42.915919	0.000000
0	0	924	34.416500	-12.346700	25.977200	-18.941500	57.710634	0.000000
0	0	925	17.950500	18.736900	-31.769700	-25.805500	-29.734529	0.000000
0	0	926	49.855900	1.434670	-5.127940	-4.836890	-37.184851	0.000000
0	0	927	42.865900	29.111500	3.512070	30.025100	3.439517	0.000000
0	0	928	33.544700	-11.063500	4.934190	9.039430	77.981847	0.000000
0	0	929	33.050500	5.112580	-12.010200	-3.140100	-33.470600	0.000000
0	0	930	31.835100	16.199900	-11.583000	-38.131200	-17.782468	0.000000
0	0	931	35.455500	-23.865400	26.423100	-1.902950	66.044207	0.000000
0	0	932	28.125300	22.621500	-11.856700	15.353500	-13.830284	0.000000
0	0	933	78.153000	42.787400	3.016960	-25.185400	2.016639	0.000000
0	0	934	72.167600	-1.714420	31.190400	-27.689700	46.573085	0.000000
0	0	935	32.221900	23.965100	11.604300	40.130200	12.918519	0.000000
0	0	936	44.286700	11.106100	8.661260	9.234490	18.974713	0.000000
0	0	937	74.800800	30.320600	-9.515940	14.539600	-8.712078	0.000000
0	0	938	32.001100	25.184100	-16.298600	12.725400	-16.455032	0.000000
0	0	939	48.434700	-41.059300	37.292600	19.707000	68.876163	0.000000
0	0	940	38.981600	12.889800	-18.418800	-4.347120	-27.507498	0.000000
0	0	941	69.337800	-18.368400	-41.934000	4.331480	-56.827459	0.000000
0	0	942	62.141000	-24.538000	-10.648200	-25.491000	-78.270848	0.000000
0	0	943	55.241000	40.902200	-14.865600	-6.667300	-9.986649	0.000000
0	0	944	72.613200	-3.771290	-24.199200	8.600000	-49.428963	0.000000
0	0	945	34.106700	27.720400	-6.692830	10.982100	-6.786876	0.000000
0	0	946	5.852870	0.922728	-12.224600	8.379400	-42.841714	0.000000
0	0	947	55.637100	15.740100	-7.176460	-7.154620	-12.254948	0.000000
0	0	948	65.396500	0.423725	-4.207340	-11.268200	-42.124541	0.000000
0	0	949	90.108800	-1.359730	2.648860	-9.925500	58.586315	0.000000
0	0	950	51.778400	24.588400	-28.080100	45.092000	-24.396459	0.000000
0	0	951	31.688000	-5.512200	9.816360	-19.142800	59.657802	0.000000
0	0	952	19.710500	48.206300	-3.458940	-33.275200	-2.052051	0.000000
0	0	953	86.913200	11.256200	-25.086500	-26.332400	-32.917220	0.000000
0	0	954	40.798200	21.727200	10.173900	-13.415600	12.545822	0.000000
0	0	955	71.180500	-47.876500	-14.105500	-18.470400	-81.791917	0.000000
0	0	956	58.046800	-0.247880	-16.415000	-1.600390	-45.432574	0.000000
0	0	957	50.044400	21.747500	-14.487600	0.964133	-16.835243	0.000000
0	0	958	75.168900	-2.873220	-13.043000	-26.080200	-51.211586	0.000000
0	0	959	60.991200	-32.387800	-18.419200	-28.340900	-75.186383	0.000000
0	0	960	13.885300	4.918720	24.693700	6.903130	39.367370	0.000000
0	0	961	83.636200	12.322600	-43.982700	-5.650870	-37.174381	0.000000
0	0	962	66.935600	32.921900	-61.138200	14.996500	-30.849139	0.000000
0	0	963	39.927400	-1.765440	-26.610900	13.896400	-46.897798	0.000000
0	0	964	26.867000	40.999300	-14.521200	-23.502000	-9.751606	0.000000
0	0	965	67.560000	22.422600	-17.397800	19.872500	-18.904027	0.000000
0	0	966	47.117100	13.472700	-55.991300	9.060090	-38.235306	0.000000
0	0	967	84.554000	-4.876980	-33.117200	-35.292500	-49.188704	0.000000
0	0	968	43.011700	-3.362110	-21.056100	-22.236000	-49.536030	0.000000
0	0	969	67.020000	-4.262710	-14.938000	-45.580300	-52.963318	0.000000
0	0	970	46.595600	37.201000	-23.844700	-14.362300	-16.329313	0.000000
0	0	971	94.692900	7.563400	-20.110100	-40.828300	-34.694371	0.000000
0	0	972	33.020600	28.669300	10.312500	-18.982500	9.891964	0.000000
0	0	973	57.934900	0.794755	-14.584500	-18.878400	-43.440429	0.000000
0	0	974	67.441900	-9.327800	-19.318700	-32.590600	-57.886505	0.000000
0	0	975	84.310800	-3.198990	-2.631140	-3.238150	-70.281508	0.000000
0	0	976	97.235000	12.409800	-11.236700	-39.664700	-21.079946	0.000000
0	0	977	71.752300	19.004700	10.844000	-17.720600	14.854447	0.000000
0	0	978	14.953400	-0.032684	8.751340	-38.198300	45.106993	0.000000
0	0	979	36.884900	22.416200	4.417860	-13.845500	5.574579	0.000000
0	0	980	67.965000	36.556500	14.963900	-7.502490	11.130532	0.000000
0	0	981	9.718690	0.017501	-42.392000	-11.874400	-44.988173	0.000000
0	0	982	32.783800	20.044900	-6.006140	-22.619000	-8.340010	0.000000
0	0	983	59.578900	41.377300	-17.785000	-11.443300	-11.629622	0.000000
0	0	984	60.930700	17.688000	13.397100	-19.466700	18.570359	0.000000
0	0	985	55.903800	25.623500	-25.127900	-63.731400	-22.220255	0.000000
0	0	986	59.063300	29.125100	7.783980	4.121670	7.481581	0.000000
0	0	987	45.611700	19.289200	3.804100	8.263470	5.578182	0.000000
0	0	988	69.947400	0.229692	-10.912100	-26.903700	-44.397071	0.000000
0	0	989	72.025200	16.628300	-20.681300	-22.197600	-25.599909	0.000000
0	0	990	50.685500	49.465000	-13.688400	12.063100	-7.734155	0.000000
0	0	991	116.587000	-0.138780	-27.891600	-25.599000	-45.142542	0.000000
0	0	992	82.525100	34.653800	-17.611700	-32.377500	-13.470258	0.000000
0	0	993	73.366800	-20.831400	-27.479300	-18.760300	-63.582448	0.000000
0	0	994	27.863300	5.459420	-22.141400	-10.526800	-38.074416	0.000000
0	0	995	42.823800	28.594600	-31.653200	-13.425500	-23.953120	0.000000
0	0	996	74.304800	-2.971760	21.392300	-23.237300	48.954379	0.000000
0	0	997	42.128100	-0.636333	-25.473400	-36.512900	-45.715484	0.000000
0	0	998	67.433400	19.302400	-41.113800	15.037600	-32.425274	0.000000
0	0	999	66.750800	0.441704	-26.056100	-6.783070	-44.514406	0.000000
0	0	1000	82.398300	24.584300	-26.006500	-38.844500	-23.305133	0.000000
0	0	1001	76.521600	1.616780	4.458770	-10.027300	35.034507	0.000000
0	0	1002	44.158100	-22.373600	11.784700	-39.372000	76.111586	0.000000
0	0	1003	89.966300	-2.443540	5.247210	-20.712300	57.485313	0.000000
0	0	1004	69.728400	-2.043610	-7.959850	-13.897900	-52.199554	0.000000
0	0	1005	84.641700	-16.889800	20.871800	-26.856800	64.490174	0.000000
0	0	1006	54.093500	-1.968020	-7.947220	-0.043340	-51.954354	0.000000
0	0	1007	44.622100	-15.464800	-11.119100	2.804140	-72.142044	0.000000
0	0	1008	47.942600	5.021500	-16.209300	-21.742700	-36.393737	0.000000
0	0	1009	78.239800	16.055500	1.644410	-17.647400	2.923932	0.000000
0	0	1010	92.596200	-16.201100	-23.428500	1.703810	-62.332171	0.000000
0	0	1011	89.641600	-43.903000	-3.516250	-39.373400	-87.710439	0.000000
0	0	1012	59.786000	-18.142900	-30.569300	-20.084400	-60.344580	0.000000
0	0	1013	90.017200	-41.396400	-0.689544	-76.120700	-89.522853	0.000000
0	0	1014	45.237600	4.041730	-28.814100	-29.147300	-41.007632	0.000000
0	0	1015	29.604000	-16.805900	-4.212500	-51.229000	-82.964193	0.000000
0	0	1016	80.512000	-31.789300	6.396020	9.122960	84.311975	0.000000
0	0	1017	37.251600	-17.998500	20.650700	-7.760460	65.537191	0.000000
0	0	1018	69.106800	16.780800	31.963600	-69.730700	31.150327	0.000000
0	0	1019	55.136200	-22.421900	-5.365560	-37.963700	-83.271099	0.000000
0	0	1020	80.475600	-47.245700	-4.207690	-9.353190	-87.455340	0.000000
0	0	1021	26.350300	-0.280262	12.089200	-1.285070	45.664021	0.000000
0	0	1022	65.915900	4.858270	-3.582080	-2.489300	-18.200972	0.000000
0	0	1023	70.506600	-68.016600	-28.969400	-4.051180	-78.465020	0.000000
