0	0	0	-9.366150	-21.611700	-24.286000	-0.784904	-65.832672	0.000000
0	0	1	-24.817300	-9.714840	-8.942230	3.111650	-68.685664	0.000000
0	0	2	-4.721690	59.704900	20.884400	27.791100	9.639759	0.000000
0	0	3	45.577700	12.250400	-5.172480	-25.916700	-11.445452	0.000000
0	0	4	7.295770	13.687300	-52.347400	-10.196000	-37.673447	0.000000
0	0	5	36.686300	8.011180	-36.272000	-5.227180	-38.772685	0.000000
0	0	6	43.418000	5.389180	-3.235840	-35.815700	-15.490992	0.000000
0	0	7	14.113200	-8.194920	27.572400	-2.380880	53.276359	0.000000
0	0	8	22.598500	6.480130	22.887700	0.278838	37.095870	0.000000
0	0	9	12.365700	-8.449900	3.817420	-9.679240	77.843963	0.000000
0	0	10	29.420200	-23.532600	7.503100	-14.375400	81.157857	0.000000
0	0	11	58.971900	-1.474590	1.986690	-3.675600	63.292041	0.000000
0	0	12	38.190900	-23.771800	13.039300	-28.641500	75.627183	0.000000
0	0	13	60.091300	35.346200	-23.257400	-28.881600	-16.672232	0.000000
0	0	14	2.080470	19.631600	-16.333000	-25.111700	-19.879805	0.000000
0	0	15	27.255100	20.529500	15.505400	-36.928800	18.531403	0.000000
0	0	16	2.098400	0.314366	-20.592800	0.980680	-44.562700	0.000000
0	0	17	43.269300	-8.684980	14.928900	-36.157900	60.094485	0.000000
0	0	18	68.900200	24.647500	28.805300	6.257920	24.723884	0.000000
0	0	19	36.069100	21.177100	-6.101770	1.524060	-8.036654	0.000000
0	0	20	47.381600	-5.362280	31.995900	-32.334500	49.756970	0.000000
0	0	21	37.918500	27.133300	-9.843230	25.401600	-9.969704	0.000000
0	0	22	-3.077330	28.130800	43.917800	0.619073	28.679549	0.000000
0	0	23	31.255000	10.987800	15.535100	10.074700	27.364332	0.000000
0	0	24	7.852130	38.828100	-12.371700	-18.827200	-8.836654	0.000000
0	0	25	20.318700	-6.110370	-19.421400	-20.931000	-53.732321	0.000000
0	0	26	35.067100	8.390800	7.213060	-6.153050	20.341822	0.000000
0	0	27	37.835600	15.717000	-39.484900	-19.339200	-34.147463	0.000000
0	0	28	36.074200	-20.561700	-18.702700	-0.717814	-68.855342	0.000000
0	0	29	8.564140	19.003100	-39.627400	-3.908570	-32.190106	0.000000
0	0	30	5.227570	36.049300	-24.858200	22.456100	-17.294321	0.000000
0	0	31	-8.454550	12.960200	-9.866500	-23.610800	-18.640869	0.000000
0	0	32	32.919800	-11.813500	14.987000	-16.065400	64.123470	0.000000
0	0	33	40.279700	-27.110600	8.938060	-27.961100	80.876597	0.000000
0	0	34	25.306600	6.865030	-1.073190	-43.417300	-4.442485	0.000000
0	0	35	8.254540	-8.588610	-21.145900	-40.892800	-56.052501	0.000000
0	0	36	40.992900	-10.279900	-15.661600	8.432770	-61.639969	0.000000
0	0	37	45.366800	-18.128800	-30.227700	-7.308900	-60.476428	0.000000
0	0	38	30.358500	21.480200	-29.957700	4.612960	-27.179404	0.000000
0	0	39	55.211900	-20.248300	37.042900	-21.694200	59.330896	0.000000
0	0	40	43.381900	1.653450	-18.867900	-42.871700	-42.495898	0.000000
0	0	41	27.973900	23.927700	-10.069900	-30.147300	-11.411822	0.000000
0	0	42	29.865400	14.568500	-9.473260	-8.236060	-16.517096	0.000000
0	0	43	31.289400	-3.057550	-11.847500	-15.457200	-52.235443	0.000000
0	0	44	-4.198430	3.001130	-12.156300	-11.191200	-38.066102	0.000000
0	0	45	52.519600	-2.169520	17.071900	6.271720	48.621202	0.000000
0	0	46	26.947700	-15.048300	-0.770351	12.291700	-88.534739	0.000000
0	0	47	17.880800	6.902880	4.306070	8.455580	15.978117	0.000000
0	0	48	30.259600	37.877300	17.794100	8.209030	12.581663	0.000000
0	0	49	8.463370	7.945330	-40.056600	-7.669270	-39.390428	0.000000
0	0	50	41.288900	49.605900	-16.782300	-19.216600	-9.345662	0.000000
0	0	51	19.410400	-23.705800	-12.614800	-27.225800	-75.990390	0.000000
0	0	52	43.482000	-11.299300	15.739300	-8.697630	62.837351	0.000000
0	0	53	11.626700	-6.984180	-9.159990	-11.760200	-63.662142	0.000000
0	0	54	-4.572550	13.493500	-3.099070	-34.693500	-6.467439	0.000000
0	0	55	-1.138100	-2.828620	-34.753700	-0.197463	-47.326537	0.000000
0	0	56	-4.277670	7.175260	12.709400	-20.029400	30.276262	0.000000
0	0	57	-33.392400	-16.474600	-15.748500	-39.537400	-68.145429	0.000000
0	0	58	-36.565600	-15.443700	31.026100	6.087320	58.231252	0.000000
0	0	59	-17.458700	-0.181239	8.921000	-38.179600	45.581930	0.000000
0	0	60	11.655200	12.670200	-28.089200	-2.897710	-32.860642	0.000000
0	0	61	-2.200580	18.393500	34.750600	0.623716	31.053861	0.000000
0	0	62	-6.855790	4.419630	5.545990	6.403030	25.724233	0.000000
0	0	63	11.053200	8.791550	-6.704200	-2.964510	-18.664085	0.000000
0	0	64	20.252700	32.518900	7.946710	-0.414760	6.866177	0.000000
0	0	65	14.571500	-5.578100	-18.858300	1.218760	-53.238850	0.000000
0	0	66	12.969900	-11.170900	16.892100	29.127100	61.738514	0.000000
0	0	67	-0.366090	14.882400	18.599200	-22.949400	25.667241	0.000000
0	0	68	-18.989000	-16.461100	-14.923200	-5.035030	-68.902688	0.000000
0	0	69	18.478700	-15.763700	-16.369900	29.352700	-66.959622	0.000000
0	0	70	-1.219360	48.362900	-6.406710	-0.554378	-3.773063	0.000000
0	0	71	-7.412770	1.174060	3.774050	-11.618600	36.359866	0.000000
0	0	72	-4.238700	34.947700	-44.719800	-16.855700	-25.996514	0.000000
0	0	73	-22.403600	44.981600	8.710710	-6.064410	5.479851	0.000000
0	0	74	28.140700	21.676700	-8.328440	7.016110	-10.508678	0.000000
0	0	75	1.774770	9.421610	-10.722300	-26.206700	-24.347227	0.000000
0	0	76	-2.297490	42.222200	-23.824300	17.515800	-14.717150	0.000000
0	0	77	15.485700	5.727520	3.619240	-7.820140	16.144468	0.000000
0	0	78	-6.456780	20.277100	0.500616	-9.977610	0.707137	0.000000
0	0	79	-2.209170	7.849020	-2.457080	22.138400	-8.691179	0.000000
0	0	80	-8.289900	6.531280	-5.328470	-39.233700	-19.604446	0.000000
0	0	81	6.445060	27.594200	-10.037900	-32.470300	-9.994896	0.000000
0	0	82	43.963700	25.887700	-35.823100	19.366200	-27.073049	0.000000
0	0	83	3.808080	-18.761100	14.767700	-63.617700	70.896068	0.000000
0	0	84	11.628300	-7.887460	-19.953200	16.931300	-55.784394	0.000000
0	0	85	40.499500	19.380600	-41.597900	-21.332200	-32.509516	0.000000
0	0	86	61.071600	4.741370	-23.061700	-13.234700	-39.191081	0.000000
0	0	87	39.803400	5.748340	-0.153296	-3.612410	-0.763797	0.000000
0	0	88	19.230700	33.512400	14.188000	4.426960	11.473066	0.000000
0	0	89	20.669500	10.951100	-1.206120	-32.230500	-3.142524	0.000000
0	0	90	69.313200	-26.405700	-16.073100	-41.618900	-74.335602	0.000000
0	0	91	43.948600	-15.972100	-51.152700	-52.311400	-53.670318	0.000000
0	0	92	20.454100	43.770500	-25.706300	5.468750	-15.212802	0.000000
0	0	93	47.719300	-51.284700	-0.827641	-55.492000	-89.537716	0.000000
0	0	94	49.876300	26.636600	-37.174800	-2.783790	-27.188765	0.000000
0	0	95	18.321400	-21.295100	-45.758600	21.859200	-57.478144	0.000000
0	0	96	30.051200	19.334500	33.794000	-3.189920	30.112455	0.000000
0	0	97	-17.377600	-13.878200	-37.068200	-34.740800	-55.262859	0.000000
0	0	98	57.514800	-21.210500	-39.628100	-10.983800	-59.078711	0.000000
0	0	99	31.162400	4.968350	6.051160	-3.171000	25.306019	0.000000
0	0	100	55.649900	23.430700	13.012300	-18.173500	14.522859	0.000000
0	0	101	4.163750	9.821690	-18.257900	16.921700	-30.861164	0.000000
0	0	102	1.432300	-24.975600	-27.332400	14.671500	-66.210107	0.000000
0	0	103	41.604800	-11.234500	14.216900	0.364176	64.158274	0.000000
0	0	104	15.152900	-3.445120	-15.184900	13.613000	-51.391380	0.000000
0	0	105	31.760200	-3.944840	10.460800	-12.299500	55.330903	0.000000
0	0	106	34.421500	34.985200	7.369630	-8.044510	5.947720	0.000000
0	0	107	1.405790	16.833000	-13.262800	-20.693200	-19.117371	0.000000
0	0	108	39.089500	39.270800	16.443600	-21.156800	11.360099	0.000000
0	0	109	23.481500	12.919400	16.128900	-36.573600	25.652473	0.000000
0	0	110	55.281400	11.466400	0.445374	-0.152189	1.112172	0.000000
0	0	111	64.694100	-50.527200	-26.891300	-23.937600	-75.988726	0.000000
0	0	112	29.971900	-6.286320	-4.799910	-16.200200	-71.318256	0.000000
0	0	113	43.004100	5.030540	-10.592700	21.082200	-32.298331	0.000000
0	0	114	28.556400	-17.538100	-21.073500	-42.052500	-64.884203	0.000000
0	0	115	60.534100	19.135400	-3.097690	-6.174370	-4.597712	0.000000
0	0	116	27.712200	1.465500	-10.957200	-22.692900	-41.191016	0.000000
0	0	117	21.026500	-15.827000	-30.554800	-22.272600	-58.691793	0.000000
0	0	118	63.200900	1.433890	-28.994900	-9.344050	-43.584424	0.000000
0	0	119	93.914200	-10.364000	-15.988200	-3.636930	-61.476220	0.000000
0	0	120	41.250000	-17.054600	13.457400	24.266400	70.861913	0.000000
0	0	121	38.132800	-22.648900	15.415600	-41.932000	72.879743	0.000000
0	0	122	25.292000	2.641010	-26.757600	-11.846300	-42.181545	0.000000
0	0	123	28.724000	-4.256490	-1.375950	-18.094200	-81.043045	0.000000
0	0	124	48.331200	-18.795900	20.860500	-2.491350	66.009873	0.000000
0	0	125	46.759300	10.310900	-1.276350	3.117290	-3.528273	0.000000
0	0	126	2.569160	-34.241400	5.392780	2.481930	85.524917	0.000000
0	0	127	16.840300	8.179940	12.450600	-16.952900	28.347711	0.000000
0	0	128	32.326700	18.577300	25.626900	-47.616600	27.030558	0.000000
0	0	129	1.496160	-30.454500	-16.028900	6.420110	-76.120571	0.000000
0	0	130	42.635900	-19.054300	-28.343800	28.241000	-61.955609	0.000000
0	0	131	46.638500	-34.074800	18.056000	21.960100	76.040597	0.000000
0	0	132	24.195000	-11.999300	-16.457400	-21.359200	-63.048133	0.000000
0	0	133	15.955600	21.696800	-4.046650	12.378000	-5.282399	0.000000
0	0	134	-20.793600	42.357900	23.646500	-24.539500	14.586324	0.000000
0	0	135	-9.042810	14.444700	-20.805700	-2.631640	-27.614524	0.000000
0	0	136	6.916430	16.586200	-17.240500	-35.700500	-23.054059	0.000000
0	0	137	14.686900	-8.475730	3.948560	-19.080000	77.510379	0.000000
0	0	138	16.973200	19.713100	-9.385710	17.269600	-12.729919	0.000000
0	0	139	0.634750	-18.489000	8.677070	-2.311630	77.429436	0.000000
0	0	140	-16.475100	-23.345600	-15.205500	-36.426500	-73.461461	0.000000
0	0	141	4.289020	10.071300	-24.575400	-1.283560	-33.857790	0.000000
0	0	142	53.056900	9.878620	-21.704900	-10.338900	-32.764072	0.000000
0	0	143	40.950400	-2.087940	0.968401	-3.263140	77.558902	0.000000
0	0	144	22.412100	-1.752900	31.320800	-37.222900	46.601637	0.000000
0	0	145	16.235500	0.991581	-10.345600	-0.976655	-42.262586	0.000000
0	0	146	-2.680500	4.590280	-13.083400	7.928250	-35.333350	0.000000
0	0	147	40.577400	-16.725800	-20.281900	-25.035600	-64.755627	0.000000
0	0	148	38.196600	-8.463890	-24.608400	4.804610	-54.490152	0.000000
0	0	149	4.460120	2.363140	-20.395900	-14.338600	-41.695490	0.000000
0	0	150	37.661300	25.395900	5.373500	21.836500	5.973482	0.000000
0	0	151	20.712300	0.704219	1.440600	-26.852500	31.974445	0.000000
0	0	152	79.950900	-22.549900	11.768400	30.665000	76.220364	0.000000
0	0	153	98.757400	-37.873600	11.100600	0.300669	81.832176	0.000000
0	0	154	92.812700	-33.083100	25.223700	-4.455130	71.338425	0.000000
0	0	155	92.253300	-6.603140	24.669000	41.468600	52.492525	0.000000
0	0	156	91.330800	9.216690	-30.513300	11.417800	-36.596402	0.000000
0	0	157	85.735100	32.918600	-7.042580	59.160200	-6.037888	0.000000
0	0	158	44.784900	52.938500	-23.767200	-4.837090	-12.089055	0.000000
0	0	159	71.995500	-5.193450	3.429040	39.488800	73.282358	0.000000
0	0	160	97.642500	-22.876700	-8.163710	8.363130	-80.180352	0.000000
0	0	161	78.071500	-1.344260	-34.311200	1.564290	-46.121806	0.000000
0	0	162	82.872400	8.245810	-31.276000	23.968500	-37.615127	0.000000
0	0	163	70.835500	-11.200300	10.253800	12.014200	68.763053	0.000000
0	0	164	91.541700	-29.679100	0.784754	10.769500	89.242689	0.000000
0	0	165	114.500000	-14.334900	-13.782000	26.773100	-68.063269	0.000000
0	0	166	108.446000	-31.299300	-2.253930	4.436950	-87.940559	0.000000
0	0	167	106.549000	14.981700	-30.046800	10.779400	-31.749299	0.000000
0	0	168	118.681000	-36.668800	12.774100	-41.699200	80.396744	0.000000
0	0	169	144.628000	9.611470	16.630500	-6.227340	29.987282	0.000000
0	0	170	106.369000	2.815310	-1.077700	33.276700	-10.473417	0.000000
0	0	171	156.579000	1.148650	9.456940	30.543600	41.537358	0.000000
0	0	172	121.163000	-1.576300	-14.995700	5.064230	-48.000356	0.000000
0	0	173	148.755000	-3.262260	3.641190	-20.895300	65.929095	0.000000
0	0	174	146.067000	16.535900	-18.270000	25.413400	-23.926116	0.000000
0	0	175	129.530000	-19.712700	-11.542000	15.793500	-74.825282	0.000000
0	0	176	117.511000	11.737800	-53.340600	11.292400	-38.794822	0.000000
0	0	177	122.532000	-2.719640	19.256600	22.565800	49.019403	0.000000
0	0	178	123.873000	3.717410	-79.288800	-2.609190	-43.657843	0.000000
0	0	179	111.120000	-5.363420	-36.733900	-22.626700	-49.153454	0.000000
0	0	180	91.149600	-12.824900	-20.490800	-12.589500	-61.020932	0.000000
0	0	181	97.344700	-9.012540	-33.991200	-38.073700	-52.424950	0.000000
0	0	182	74.168100	-9.358890	-13.219500	10.378700	-62.648502	0.000000
0	0	183	95.292000	34.085900	3.694520	-3.734160	3.093028	0.000000
0	0	184	117.178000	-38.086100	-77.152900	30.418100	-58.136497	0.000000
0	0	185	99.464100	3.308210	-13.565300	20.770200	-38.147316	0.000000
0	0	186	96.804800	12.212800	-63.711300	17.548800	-39.574311	0.000000
0	0	187	119.816000	-10.146300	-1.230880	6.818910	-86.541533	0.000000
0	0	188	116.018000	-21.789600	6.779540	21.377800	81.358588	0.000000
0	0	189	114.701000	-19.857900	8.935530	-8.797300	77.886757	0.000000
0	0	190	141.464000	3.728550	-5.757270	11.324200	-28.535955	0.000000
0	0	191	118.274000	-27.656700	-16.107900	0.981186	-74.891246	0.000000
0	0	192	154.346000	-3.576830	-44.488200	-27.279600	-47.298333	0.000000
0	0	193	137.492000	9.639090	-38.082800	9.777240	-37.898119	0.000000
0	0	194	163.268000	-27.211300	-22.416500	-4.244040	-70.259258	0.000000
0	0	195	189.842000	-33.810500	-35.279300	-13.823700	-66.891058	0.000000
0	0	196	170.424000	-17.662100	-29.329700	-15.035600	-60.528000	0.000000
0	0	197	219.753000	-43.787100	-18.798200	33.762100	-78.382856	0.000000
0	0	198	193.486000	-46.072400	-40.291500	3.058570	-69.414734	0.000000
0	0	199	162.298000	20.911100	-0.897246	49.069200	-1.228460	0.000000
0	0	200	132.879000	-9.491850	4.632570	13.715300	76.992478	0.000000
0	0	201	132.054000	-15.895300	-20.746300	76.988700	-63.729220	0.000000
0	0	202	139.034000	15.648000	5.216680	24.022900	9.218595	0.000000
0	0	203	117.934000	-22.041500	9.432100	13.701300	78.416363	0.000000
0	0	204	136.516000	-49.363900	-14.947700	31.204300	-81.576678	0.000000
0	0	205	148.192000	2.639910	-23.003900	37.399800	-41.726709	0.000000
0	0	206	123.224000	-22.807600	-41.360500	24.787600	-59.436925	0.000000
0	0	207	151.229000	-22.240600	-65.883800	3.762180	-54.326650	0.000000
0	0	208	111.261000	-8.686660	-12.713900	-14.251400	-62.171249	0.000000
0	0	209	118.037000	3.809940	-67.618900	44.486900	-43.387559	0.000000
0	0	210	142.641000	-28.146300	-10.489600	42.647800	-79.780258	0.000000
0	0	211	107.385000	-26.574900	-29.068900	1.325350	-66.216837	0.000000
0	0	212	106.376000	-40.261500	-34.527100	14.379500	-69.692281	0.000000
0	0	213	150.035000	-0.288475	-71.084000	48.041300	-45.116259	0.000000
0	0	214	170.253000	-6.970550	-48.709600	24.912600	-49.071988	0.000000
0	0	215	202.181000	-16.978200	-43.238700	39.027100	-55.719028	0.000000
0	0	216	212.961000	-23.460600	-24.020300	55.064300	-67.162317	0.000000
0	0	217	270.266000	-12.236800	-44.155800	12.124300	-52.744766	0.000000
0	0	218	221.867000	-12.722400	-19.656000	69.371600	-61.456537	0.000000
0	0	219	206.910000	-3.807080	-33.661000	47.495100	-48.226384	0.000000
0	0	220	280.519000	-26.334700	-68.888800	91.539000	-55.460388	0.000000
0	0	221	214.450000	22.358300	-26.862300	43.310100	-25.114185	0.000000
0	0	222	60.891300	-33.282000	-32.638300	-10.006000	-67.779733	0.000000
0	0	223	99.069200	19.057900	7.093840	18.625700	10.208280	0.000000
0	0	224	72.631900	-9.353460	-48.477600	16.319300	-50.460339	0.000000
0	0	225	139.144000	-36.164500	-9.632630	12.206600	-82.542602	0.000000
0	0	226	232.117000	-37.543400	-46.791600	56.398700	-64.370967	0.000000
0	0	227	221.596000	-16.693800	-96.910000	62.696500	-49.886949	0.000000
0	0	228	215.686000	-9.840630	19.507200	74.590300	58.384591	0.000000
0	0	229	174.135000	-10.888700	-43.804200	46.875500	-51.979731	0.000000
0	0	230	217.280000	0.881663	-30.190100	50.171400	-44.163613	0.000000
0	0	231	225.572000	-7.764420	-37.932500	64.862600	-50.784052	0.000000
0	0	232	204.101000	-18.748600	-34.074800	70.065500	-59.410212	0.000000
0	0	233	190.913000	7.880140	-21.553300	62.243800	-34.958497	0.000000
0	0	234	210.665000	-20.986800	-22.155700	56.900000	-66.724006	0.000000
0	0	235	272.978000	6.441530	-13.384900	76.256800	-32.150326	0.000000
0	0	236	337.495000	-2.416230	-51.850500	79.287100	-46.334025	0.000000
0	0	237	310.411000	-39.407200	-67.620200	93.861500	-60.116230	0.000000
0	0	238	319.192000	-23.158200	-15.672600	77.953900	-72.955667	0.000000
0	0	239	376.166000	10.176700	-53.554200	99.545300	-39.620293	0.000000
0	0	240	297.147000	-49.389700	-42.196800	57.145900	-69.745301	0.000000
0	0	241	280.332000	3.174480	-40.198000	70.565800	-42.742330	0.000000
0	0	242	157.041000	-6.370830	-8.271060	43.011800	-63.802731	0.000000
0	0	243	99.149900	-38.977200	-20.463800	49.764200	-76.149820	0.000000
0	0	244	96.865300	-4.242500	-36.086100	53.448000	-48.352629	0.000000
0	0	245	126.028000	-0.730117	-42.944000	18.819800	-45.487013	0.000000
0	0	246	128.786000	-9.836670	-41.410800	25.244900	-51.681160	0.000000
0	0	247	190.939000	-46.136300	-46.320400	51.888800	-67.442956	0.000000
0	0	248	275.993000	-28.365200	-47.910100	97.233500	-60.313838	0.000000
0	0	249	211.419000	-24.039600	4.795840	76.450200	84.358877	0.000000
0	0	250	213.494000	-49.524200	-0.570232	76.681400	-89.670157	0.000000
0	0	251	203.170000	-43.157500	-15.823900	75.655800	-79.932151	0.000000
0	0	252	180.027000	-17.411600	-8.420730	31.727600	-77.095154	0.000000
0	0	253	162.282000	6.960540	22.251200	66.809900	36.314731	0.000000
0	0	254	207.881000	-42.428200	-21.224100	13.805000	-76.712073	0.000000
0	0	255	167.518000	-16.804200	28.418600	72.881700	60.298123	0.000000
0	0	256	153.561000	20.134200	13.016800	18.887200	16.441374	0.000000
0	0	257	159.745000	-50.262300	-53.878100	53.261500	-66.505732	0.000000
0	0	258	227.989000	-28.576700	-28.803600	83.855800	-67.386718	0.000000
0	0	259	279.593000	-49.594200	-13.566500	106.267000	-82.350504	0.000000
0	0	260	348.621000	-51.735500	-38.769300	54.729100	-71.576510	0.000000
0	0	261	305.341000	-18.220100	-59.921500	95.744100	-53.456371	0.000000
0	0	262	356.811000	-18.194600	-28.003800	113.485000	-61.506273	0.000000
0	0	263	326.608000	-37.310200	-37.035100	105.228000	-67.606005	0.000000
0	0	264	233.992000	-39.150400	-4.887310	79.926300	-86.442168	0.000000
0	0	265	283.903000	-65.445600	-19.629600	115.973000	-81.652016	0.000000
0	0	266	330.043000	-14.430400	-49.396300	92.343700	-53.142472	0.000000
0	0	267	301.368000	-39.224500	-18.540200	81.471900	-77.350678	0.000000
0	0	268	333.079000	-68.160000	-30.575700	91.886400	-77.919804	0.000000
0	0	269	335.763000	-77.545300	4.723050	96.561100	88.257296	0.000000
0	0	270	252.582000	-75.673000	0.284163	106.597000	89.892424	0.000000
0	0	271	301.343000	-98.962300	-13.833100	90.762800	-86.021334	0.000000
0	0	272	305.440000	-66.645900	-17.868200	45.411500	-82.495795	0.000000
0	0	273	331.371000	-74.327400	-32.225100	94.951700	-78.280280	0.000000
0	0	274	364.537000	-96.486700	-46.927500	118.080000	-77.031728	5.392710
0	0	275	417.932000	-107.718000	-52.309300	154.443000	-77.049085	4.831770
0	0	276	418.606000	-72.411100	-53.259700	145.306000	-71.832416	0.000000
0	0	277	381.430000	-137.098000	-64.182000	149.236000	-77.456752	3.820680
0	0	278	350.762000	-131.015000	-41.005300	134.545000	-81.310417	4.199290
0	0	279	486.067000	-144.319000	-105.469000	159.441000	-71.920245	3.255020
0	0	280	486.135000	-165.611000	-91.191300	178.324000	-75.580629	3.064980
0	0	281	423.171000	-124.592000	-97.103900	169.452000	-71.034019	3.687230
0	0	282	305.224000	-71.442300	-77.423400	149.631000	-66.349609	0.000000
0	0	283	348.907000	-84.147300	-100.596000	137.162000	-64.956031	4.473930
0	0	284	316.161000	-108.825000	-94.196300	139.300000	-69.560662	4.053950
0	0	285	448.784000	-123.197000	-125.012000	183.822000	-67.290519	3.333620
0	0	286	538.232000	-117.914000	-194.763000	186.196000	-60.595839	2.589970
0	0	287	492.456000	-72.060500	-128.060000	156.851000	-59.683422	4.016770
0	0	288	510.859000	-46.928000	-136.981000	219.415000	-54.455414	4.095220
0	0	289	483.167000	-80.032600	-111.454000	144.207000	-62.840637	4.286860
0	0	290	256.150000	-35.127800	-90.727500	103.310000	-55.582683	0.000000
0	0	291	144.774000	-52.691600	-68.496000	68.517600	-63.784919	0.000000
0	0	292	192.496000	-7.575500	-52.604100	116.764000	-49.097404	0.000000
0	0	293	185.037000	-1.804680	-38.126700	80.352300	-46.355001	0.000000
0	0	294	178.782000	-8.161730	-54.526700	44.089900	-49.256506	0.000000
0	0	295	194.578000	-29.211100	-36.422600	65.946900	-64.364890	0.000000
0	0	296	172.019000	7.461980	-46.389600	50.657400	-40.430994	0.000000
0	0	297	176.712000	29.507300	-27.860800	42.838300	-21.678013	0.000000
0	0	298	156.116000	30.552800	-49.641100	64.033800	-29.194394	0.000000
0	0	299	157.643000	7.772480	-32.392900	39.130000	-38.253652	0.000000
0	0	300	130.857000	20.801900	-28.709800	36.251400	-27.037256	0.000000
0	0	301	118.327000	-3.285430	-66.129600	17.752800	-46.422106	0.000000
0	0	302	143.545000	75.558800	-59.823500	50.099800	-19.185168	0.000000
0	0	303	118.767000	24.110400	-15.095700	1.101050	-16.025494	0.000000
0	0	304	96.673900	12.331700	-20.850300	55.065800	-29.699118	0.000000
0	0	305	133.345000	49.965600	-26.749500	-6.364310	-14.081370	0.000000
0	0	306	106.887000	-5.879380	-21.719700	-2.093980	-52.573300	0.000000
0	0	307	132.183000	16.037400	-16.633800	1.638110	-23.022898	0.000000
0	0	308	115.562000	60.767700	-9.645440	23.166000	-4.509557	0.000000
0	0	309	117.848000	40.515400	16.987200	10.665000	11.373607	0.000000
0	0	310	130.489000	39.057800	-19.670500	51.674300	-13.365493	0.000000
0	0	311	124.232000	38.386900	14.983400	52.504200	10.660994	0.000000
0	0	312	125.259000	41.293300	11.360600	-0.569078	7.691313	0.000000
0	0	313	134.760000	17.560200	22.005400	25.539500	25.705153	0.000000
0	0	314	97.332600	-7.637500	36.103600	17.647600	50.972240	0.000000
0	0	315	129.971000	6.978170	25.609400	-9.414100	37.378909	0.000000
0	0	316	122.031000	18.553600	44.586700	40.949400	33.703314	0.000000
0	0	317	188.615000	13.518900	76.514900	64.576300	39.990102	0.000000
0	0	318	415.746000	0.079350	171.977000	87.145900	44.986782	3.460300
0	0	319	376.631000	-47.809900	140.697000	40.347100	54.384074	3.990680
0	0	320	325.324000	-31.598700	113.422000	62.697400	52.783762	5.041900
0	0	321	272.721000	-4.754670	113.618000	42.713200	46.198154	5.232750
0	0	322	383.632000	-44.520500	125.502000	111.213000	54.765800	4.451920
0	0	323	364.145000	-131.514000	112.550000	119.539000	69.721504	3.370140
0	0	324	347.680000	-92.437700	99.036700	61.664900	66.513066	4.323030
0	0	325	212.343000	-37.999800	45.025300	26.083300	65.081606	0.000000
0	0	326	202.377000	-33.198400	70.411100	28.954500	57.621794	0.000000
0	0	327	295.229000	-105.072000	80.479100	13.204700	71.274983	4.399490
0	0	328	460.909000	-171.810000	75.551900	3.210910	78.131470	3.079570
0	0	329	437.954000	-169.012000	71.988800	50.802200	78.464477	3.145380
0	0	330	472.063000	-171.539000	86.975800	50.575300	76.556762	3.009820
0	0	331	417.097000	-145.116000	75.314600	82.277800	76.285438	3.541570
0	0	332	399.704000	-144.826000	81.649700	49.387500	75.293328	3.486380
0	0	333	404.829000	-154.463000	45.959300	48.231000	81.715012	3.576200
0	0	334	300.183000	-76.422700	62.455000	26.085400	70.371620	0.000000
0	0	335	264.812000	-115.413000	63.039200	34.019200	75.678198	4.405830
0	0	336	291.813000	-82.632800	80.232100	12.585900	67.922252	5.076170
0	0	337	214.865000	-100.821000	34.117000	18.396600	80.652301	0.000000
0	0	338	253.034000	-111.791000	59.821000	9.753370	75.924056	4.568580
0	0	339	279.648000	-77.634600	9.791600	1.105990	86.405786	0.000000
0	0	340	440.369000	-191.255000	21.299800	-37.312000	86.822618	2.987410
0	0	341	397.051000	-172.336000	32.298500	8.386980	84.692501	3.281350
0	0	342	442.480000	-172.482000	51.372700	-33.723900	81.707081	3.202360
0	0	343	442.109000	-205.718000	66.044700	-11.248700	81.100521	2.668590
0	0	344	390.213000	-144.975000	-3.611550	-24.996300	-89.286485	3.962530
0	0	345	351.809000	-139.255000	31.365400	-5.333360	83.653342	4.032650
0	0	346	408.421000	-156.227000	40.218000	-29.382600	82.781815	3.570060
0	0	347	400.072000	-169.210000	30.045900	-19.680200	84.965589	3.347370
0	0	348	411.995000	-220.474000	16.480400	-56.791000	87.862549	2.599630
0	0	349	452.536000	-172.546000	2.762560	-66.827900	89.541370	3.329920
0	0	350	441.760000	-200.423000	23.568900	-94.398600	86.646530	2.848890
0	0	351	364.771000	-187.059000	8.971350	-78.151200	88.627099	3.068670
0	0	352	398.154000	-170.057000	-16.905400	-55.278000	-87.161434	3.363680
0	0	353	384.049000	-184.990000	-28.555100	-69.852400	-85.612533	3.072520
0	0	354	310.321000	-130.659000	-32.243300	-36.519800	-83.068914	4.278730
0	0	355	171.624000	-53.907500	-34.763100	-43.400900	-73.591708	0.000000
0	0	356	298.422000	-115.493000	18.533000	-24.154500	85.441773	4.917080
0	0	357	373.854000	-164.131000	-5.455020	-70.960700	-89.048216	3.499260
0	0	358	340.094000	-125.835000	1.792160	-83.026600	89.592020	4.566120
0	0	359	372.230000	-150.998000	-11.211600	-106.438000	-87.876791	3.795880
0	0	360	267.301000	-101.295000	8.596400	-35.708900	87.574608	0.000000
0	0	361	132.122000	-46.507500	-3.938680	-5.962030	-87.579610	0.000000
0	0	362	139.486000	-64.069500	6.631900	-6.046770	87.045151	0.000000
0	0	363	139.139000	-42.547300	-10.897700	17.804100	-82.816799	0.000000
0	0	364	129.394000	-82.293500	-2.845970	14.160100	-89.009660	0.000000
0	0	365	116.311000	-19.873100	-44.171200	-30.482100	-57.111748	0.000000
0	0	366	115.395000	-69.595600	-38.494600	-12.776100	-75.526108	0.000000
0	0	367	98.029700	-72.543000	-30.792700	-1.443270	-78.499992	0.000000
0	0	368	117.353000	-63.396800	-26.392600	-47.313300	-78.698822	0.000000
0	0	369	110.404000	-44.029700	-21.432100	-26.243400	-77.022410	0.000000
0	0	370	85.433900	-31.835500	-9.119590	-38.495000	-82.007561	0.000000
0	0	371	67.205800	-80.346100	-13.036800	-3.223370	-85.391811	0.000000
0	0	372	77.559200	-26.075000	-6.887730	-35.582100	-82.601625	0.000000
0	0	373	62.141200	-40.626500	27.573200	27.336200	72.917634	0.000000
0	0	374	85.599000	-41.671000	19.625600	-45.244400	77.390593	0.000000
0	0	375	80.263600	-28.828600	-8.846040	5.907460	-81.470699	0.000000
0	0	376	66.168500	-19.934100	-9.922980	5.851250	-76.768187	0.000000
0	0	377	86.957900	-43.199700	-6.393650	-17.187300	-85.790607	0.000000
0	0	378	48.932500	-16.340100	2.259730	6.820490	86.063153	0.000000
0	0	379	28.441300	-23.131500	1.337920	14.169300	88.344858	0.000000
0	0	380	71.750000	-39.869400	-28.740900	-27.624700	-72.106533	0.000000
0	0	381	60.957300	-9.258120	-41.143700	-7.144380	-51.340714	0.000000
0	0	382	99.275800	-31.395800	-27.350800	-31.458200	-69.469443	0.000000
0	0	383	48.702200	-33.304800	-7.303500	-18.761100	-83.815620	0.000000
0	0	384	69.634700	-54.014100	-27.885600	-14.646500	-76.347134	0.000000
0	0	385	30.833900	-18.807800	-36.052200	-3.372640	-58.775129	0.000000
0	0	386	49.038500	-25.909400	-35.626100	-0.066577	-63.013429	0.000000
0	0	387	33.498400	-15.697800	-6.883840	-45.680500	-78.160732	0.000000
0	0	388	133.655000	-26.799900	-18.605900	-6.242920	-72.614793	0.000000
0	0	389	179.148000	-31.963200	-31.711800	-43.673900	-67.613106	0.000000
0	0	390	209.310000	15.208300	-37.549100	-89.104900	-33.975427	0.000000
0	0	391	222.119000	-7.274730	-40.220200	-90.323800	-50.126195	0.000000
0	0	392	377.311000	-5.002130	-45.141700	-151.167000	-48.161561	0.000000
0	0	393	396.114000	5.115940	-63.239300	-200.476000	-42.687476	0.000000
0	0	394	334.863000	-18.874500	-101.772000	-201.290000	-50.253313	0.000000
0	0	395	317.832000	-21.992100	-45.771000	-196.281000	-57.831702	0.000000
0	0	396	319.260000	22.422100	-73.897600	-168.217000	-36.560545	0.000000
0	0	397	312.849000	34.923800	-62.554700	-159.231000	-30.412859	0.000000
0	0	398	264.600000	13.601700	-44.261900	-135.318000	-36.458893	0.000000
0	0	399	307.523000	60.256100	-55.375900	-194.146000	-21.291645	0.000000
0	0	400	360.720000	98.902100	-48.830500	-161.479000	-13.138367	5.246610
0	0	401	310.457000	42.139700	-32.915700	-103.983000	-18.996858	0.000000
0	0	402	209.923000	49.002700	-45.859700	-105.483000	-21.551179	0.000000
0	0	403	177.908000	27.095100	12.428000	-44.508000	12.320006	0.000000
0	0	404	128.178000	30.061800	-38.707400	-57.959900	-26.082789	0.000000
0	0	405	188.523000	38.336000	-29.955700	-56.782400	-19.002011	0.000000
0	0	406	134.154000	26.674800	-0.895104	-22.034900	-0.960953	0.000000
0	0	407	151.930000	38.316400	-67.012600	-36.737200	-30.119992	0.000000
0	0	408	171.708000	40.352300	-7.087170	-26.156100	-4.980699	0.000000
0	0	409	159.349000	73.376900	-7.267220	-76.872400	-2.828053	0.000000
0	0	410	172.078000	52.020500	-59.510800	-41.439700	-24.421071	0.000000
0	0	411	146.064000	20.475700	-50.820800	-47.833200	-34.027747	0.000000
0	0	412	184.837000	50.587700	-51.446900	-62.232900	-22.741229	0.000000
0	0	413	200.361000	6.579000	-23.335300	-86.472300	-37.127542	0.000000
0	0	414	187.194000	36.474700	-37.398500	-70.459200	-22.858229	0.000000
0	0	415	170.799000	-18.616100	-18.791500	-35.914900	-67.365674	0.000000
0	0	416	139.261000	-11.913100	-21.735900	-57.113000	-59.363222	0.000000
0	0	417	172.048000	38.412400	-16.002800	-100.249000	-11.308428	0.000000
0	0	418	247.647000	102.316000	-23.249700	-130.327000	-6.401085	0.000000
0	0	419	222.635000	18.945100	-56.713400	-91.071700	-35.764057	0.000000
0	0	420	211.261000	48.702900	-2.830200	-77.329700	-1.662903	0.000000
0	0	421	164.763000	28.435800	9.202870	-89.461800	8.966744	0.000000
0	0	422	192.809000	42.836600	-11.804700	-89.334700	-7.703440	0.000000
0	0	423	225.055000	45.850300	27.107100	-61.405100	15.295976	0.000000
0	0	424	199.455000	-7.166350	-17.626500	-72.669400	-56.062514	0.000000
0	0	425	208.392000	15.402700	-28.493000	-87.002900	-30.802651	0.000000
0	0	426	233.108000	8.372420	-9.091750	-95.810100	-23.679309	0.000000
0	0	427	199.962000	27.390300	-51.965100	-96.032800	-31.103360	0.000000
0	0	428	191.510000	69.245400	14.163600	-59.495700	5.779973	0.000000
0	0	429	174.063000	59.814000	-17.946600	-93.590700	-8.350677	0.000000
0	0	430	141.100000	36.556500	5.032510	-65.650600	3.919146	0.000000
0	0	431	198.755000	18.302200	6.137290	-65.423100	9.268942	0.000000
0	0	432	144.962000	59.334000	2.604750	-87.774800	1.256829	0.000000
0	0	433	127.696000	4.359330	-27.372200	-42.359300	-40.475500	0.000000
0	0	434	72.589300	-14.137300	-19.649800	-56.202800	-62.866805	0.000000
0	0	435	81.735100	33.394100	-35.050900	-20.630300	-23.193324	0.000000
0	0	436	52.706800	7.500480	-3.047810	29.351500	-11.057150	0.000000
0	0	437	77.598000	0.870934	-22.375200	-13.365900	-43.885470	0.000000
0	0	438	47.563600	14.992200	-38.454400	-11.680900	-34.350352	0.000000
0	0	439	22.388500	29.237400	12.926900	8.058490	11.925968	0.000000
0	0	440	72.812600	19.187300	-31.748300	-25.147100	-29.426524	0.000000
0	0	441	39.442100	4.688360	6.914670	29.631800	27.930758	0.000000
0	0	442	63.571300	21.747700	3.577340	-22.152600	4.670546	0.000000
0	0	443	27.669300	37.384700	1.736720	-23.270000	1.329892	0.000000
0	0	444	18.421400	30.632500	20.575700	-0.564210	16.944532	0.000000
0	0	445	-9.941000	-27.395400	34.594600	-13.203700	64.187819	0.000000
0	0	446	22.087800	22.772400	6.865900	-14.819000	8.389054	0.000000
0	0	447	67.282000	23.289800	3.329060	10.760600	4.067397	0.000000
0	0	448	30.599300	-17.678900	1.023550	-26.998700	88.343231	0.000000
0	0	449	82.836800	-0.922950	-9.113890	-26.816200	-47.891272	0.000000
0	0	450	107.395000	12.566700	-33.532400	-73.106100	-34.727932	0.000000
0	0	451	84.764300	-11.695800	-0.454448	-8.295270	-88.887427	0.000000
0	0	452	60.031300	10.971200	-9.276660	-10.439000	-20.108037	0.000000
0	0	453	30.179200	29.503300	17.225100	-6.328000	15.138969	0.000000
0	0	454	30.261500	32.874700	5.772760	0.730097	4.979767	0.000000
0	0	455	0.673726	-5.895140	16.908600	2.389930	54.610489	0.000000
0	0	456	1.349220	-5.751030	-15.425800	10.286200	-55.223203	0.000000
0	0	457	49.504300	-3.739350	23.575600	4.251750	49.506332	0.000000
0	0	458	75.457800	-19.011100	-17.867500	-18.632400	-68.388082	0.000000
0	0	459	19.182200	-35.663900	-1.223280	9.352730	-89.017756	0.000000
0	0	460	61.876100	6.836470	-6.226970	-15.665300	-21.164346	0.000000
0	0	461	83.232600	-22.370000	-20.062000	-54.077000	-69.056708	0.000000
0	0	462	44.905500	14.815300	-28.439500	-40.863600	-31.241574	0.000000
0	0	463	86.495800	23.717700	-33.046100	-61.206300	-27.166204	0.000000
0	0	464	103.105000	19.653600	-2.992390	-39.166100	-4.328586	0.000000
0	0	465	97.096300	38.206500	-52.100900	-22.388100	-26.873377	0.000000
0	0	466	51.910600	28.143000	-14.822000	-0.343041	-13.887157	0.000000
0	0	467	60.496900	-22.890600	-4.202500	-53.369000	-84.798440	0.000000
0	0	468	69.580000	-2.347060	-18.504700	-27.344800	-48.614282	0.000000
0	0	469	75.704100	10.004400	22.250400	-30.766900	32.894994	0.000000
0	0	470	74.180200	4.075500	-31.396300	-40.083600	-41.301945	0.000000
0	0	471	47.728600	11.101600	-46.489500	-14.966900	-38.284701	0.000000
0	0	472	82.047000	25.027700	23.730100	-3.266230	21.737769	0.000000
0	0	473	78.324900	8.634480	-8.432210	-18.159800	-22.160489	0.000000
0	0	474	69.169000	53.088600	-24.878100	-48.458000	-12.554240	0.000000
0	0	475	56.252700	5.566990	-2.771200	-33.500000	-13.231865	0.000000
0	0	476	48.845800	-13.506300	5.687750	-41.622900	78.581575	0.000000
0	0	477	48.513900	19.871500	-49.372800	-7.626720	-34.038133	0.000000
0	0	478	47.010700	-10.635400	-40.205700	-12.191200	-52.408389	0.000000
0	0	479	85.586100	-14.259800	-9.492370	-20.060700	-73.174674	0.000000
0	0	480	84.585300	74.379800	8.611310	-29.636700	3.302004	0.000000
0	0	481	51.719200	-5.162950	17.463400	-20.391700	53.235000	0.000000
0	0	482	80.089200	46.612300	3.644000	8.266630	2.235054	0.000000
0	0	483	101.044000	38.294200	-16.327000	-29.397500	-11.545657	0.000000
0	0	484	76.562900	-22.906700	-20.310300	-17.033900	-69.219048	0.000000
0	0	485	33.809100	40.748100	1.034820	-30.319200	0.727372	0.000000
0	0	486	36.762000	8.712120	-44.414100	15.445400	-39.450981	0.000000
0	0	487	72.860300	2.159640	15.664800	-72.542100	41.075178	0.000000
0	0	488	50.596000	38.358500	2.473900	-17.479600	1.845067	0.000000
0	0	489	65.480000	0.875680	-4.351620	0.792670	-39.311138	0.000000
0	0	490	74.000000	23.957700	-21.029000	-37.561200	-20.637609	0.000000
0	0	491	61.354300	-23.928600	-17.204700	7.167020	-72.141904	0.000000
0	0	492	27.133000	3.083040	-1.374210	21.854100	-12.012034	0.000000
0	0	493	26.803000	-34.415100	19.766500	-14.439600	75.064430	0.000000
0	0	494	27.428500	-5.250550	-22.249900	24.543200	-51.638898	0.000000
0	0	495	36.731500	5.482330	25.842900	37.841900	39.011400	0.000000
0	0	496	43.186200	5.516670	6.523190	9.940140	24.889378	0.000000
0	0	497	-28.155400	-0.932422	20.101100	15.020600	46.327927	0.000000
0	0	498	30.074300	23.309400	-29.839100	28.335000	-26.002063	0.000000
0	0	499	24.116600	-6.954890	-3.016130	18.608200	-78.277525	0.000000
0	0	500	15.525200	34.780200	-16.697600	-23.841600	-12.822581	0.000000
0	0	501	13.701100	-8.139710	-0.447515	45.231300	-88.426545	0.000000
0	0	502	7.904450	24.218600	-19.247100	21.755800	-19.237502	0.000000
0	0	503	34.935200	15.396500	28.417700	22.424100	30.775746	0.000000
0	0	504	8.067490	-25.021800	12.425200	19.885100	76.796077	0.000000
0	0	505	10.628400	-0.185231	-12.753900	10.699700	-45.416038	0.000000
0	0	506	12.391700	-1.937320	-0.211611	-3.390310	-86.883184	0.000000
0	0	507	26.466100	11.629300	-7.504760	14.484300	-16.417725	0.000000
0	0	508	27.036600	21.169800	-14.842800	-0.498236	-17.517741	0.000000
0	0	509	35.322600	22.177200	-7.049940	13.956100	-8.817505	0.000000
0	0	510	17.133200	12.866200	7.953640	10.879700	15.861784	0.000000
0	0	511	20.260200	40.362400	-13.495700	-12.738400	-9.244019	0.000000
0	0	512	-2.619560	26.592100	-22.506100	21.251900	-20.121376	0.000000
0	0	513	-3.480260	32.582600	9.102810	9.790470	7.804555	0.000000
0	0	514	-19.827700	-8.053710	-27.092900	-28.874900	-53.277626	0.000000
0	0	515	-12.697000	-3.072410	-30.215200	1.167530	-47.903061	0.000000
0	0	516	2.157140	27.862400	4.344890	1.359280	4.431687	0.000000
0	0	517	25.775900	-7.126850	-33.738000	-9.482130	-50.963932	0.000000
0	0	518	17.832000	30.464300	-22.629600	-18.614600	-18.302918	0.000000
0	0	519	39.400000	0.140765	-11.715700	-10.500200	-44.655810	0.000000
0	0	520	44.659500	5.095840	-46.721700	-35.525500	-41.887735	0.000000
0	0	521	10.751100	4.701630	-13.801100	-4.530320	-35.593765	0.000000
0	0	522	41.832600	9.556120	2.085350	-8.131140	6.155091	0.000000
0	0	523	-9.120050	-12.347100	-31.222700	0.225105	-55.788226	0.000000
0	0	524	74.123600	-4.870430	-39.753800	-3.653770	-48.492387	0.000000
0	0	525	5.026050	-12.631500	-12.020100	-28.972200	-68.210369	0.000000
0	0	526	26.704100	39.012800	-14.285300	11.773800	-10.055596	0.000000
0	0	527	60.076200	-19.379600	2.759740	35.469800	85.947661	0.000000
0	0	528	31.213300	-4.782750	-9.685260	-5.689960	-58.140481	0.000000
0	0	529	23.449100	4.631850	-7.446440	20.326300	-29.058738	0.000000
0	0	530	8.179740	-15.293600	14.017600	-2.499010	68.746337	0.000000
0	0	531	13.230500	-14.764900	-23.435400	24.341200	-61.105987	0.000000
0	0	532	27.357600	15.529500	-29.363900	3.406060	-31.063632	0.000000
0	0	533	-16.331600	-13.708700	-45.615300	-43.937100	-53.363512	0.000000
0	0	534	34.939400	12.761200	-35.156100	-15.200200	-35.024886	0.000000
0	0	535	67.260900	-16.860100	-3.636150	9.743630	-83.914826	0.000000
0	0	536	3.053110	-3.208260	-31.277600	14.454900	-47.928280	0.000000
0	0	537	11.121900	14.759700	-6.020480	8.849690	-11.095271	0.000000
0	0	538	29.887300	11.015800	-9.484540	-25.648200	-20.364130	0.000000
0	0	539	19.477800	35.108200	-8.048000	1.168010	-6.455542	0.000000
0	0	540	36.566100	49.447600	5.232650	12.754600	3.020340	0.000000
0	0	541	17.472500	14.438700	-8.187230	-25.125000	-14.777350	0.000000
0	0	542	28.302000	-4.325400	42.707000	-2.192600	47.891621	0.000000
0	0	543	0.517667	4.960710	-7.195810	-10.443300	-27.709030	0.000000
0	0	544	23.324300	-3.285560	21.589800	-32.334900	49.326473	0.000000
0	0	545	17.131100	1.578970	-11.725000	1.149580	-41.165147	0.000000
0	0	546	29.784300	-15.949000	-28.839800	-1.514090	-59.471746	0.000000
0	0	547	2.334250	-22.130200	8.647550	-56.315200	79.328268	0.000000
0	0	548	13.797800	-20.789100	14.967100	-14.059900	72.124011	0.000000
0	0	549	11.647300	-45.369100	-38.487600	-8.581360	-69.845665	0.000000
0	0	550	27.459600	27.412200	-31.969800	8.079090	-24.694439	0.000000
0	0	551	32.724500	30.890800	-7.717460	-8.808430	-7.013548	0.000000
0	0	552	18.195000	18.428400	-20.416600	17.268900	-23.965004	0.000000
0	0	553	-29.989500	-1.123200	-45.979400	-14.066700	-45.699681	0.000000
0	0	554	16.989000	35.002800	30.349800	-46.927900	20.463752	0.000000
0	0	555	6.457880	-9.300610	-10.023100	-35.231400	-66.429389	0.000000
0	0	556	14.183200	8.284940	4.646140	19.279900	14.641711	0.000000
0	0	557	24.664500	-12.562500	-3.760730	-46.158300	-81.667160	0.000000
0	0	558	-12.821100	0.498084	-25.759500	-26.709300	-44.446135	0.000000
0	0	559	57.806600	11.637400	9.923920	-8.335680	20.228124	0.000000
0	0	560	2.412180	14.110700	0.095494	-3.107230	0.193872	0.000000
0	0	561	-11.550700	11.400900	12.706400	-30.797000	24.049876	0.000000
0	0	562	1.603060	-3.342530	-0.087420	-10.579000	-89.250917	0.000000
0	0	563	0.857799	10.424600	-26.264600	-20.664200	-34.175766	0.000000
0	0	564	20.126600	-37.263400	-3.620340	15.072500	-87.225411	0.000000
0	0	565	-16.253700	24.867300	-6.908240	-16.002600	-7.762758	0.000000
0	0	566	-3.709880	-16.268600	1.318310	-4.597420	87.683608	0.000000
0	0	567	10.643000	26.368100	-9.324910	-12.779800	-9.737908	0.000000
0	0	568	-13.888900	40.727000	-0.024989	27.880100	-0.017578	0.000000
0	0	569	12.232200	8.631300	12.457200	-0.033403	27.641412	0.000000
0	0	570	0.170506	23.086600	-12.924100	9.157220	-14.620260	0.000000
0	0	571	-11.574300	10.705700	18.872000	-9.984540	30.217322	0.000000
0	0	572	14.857300	-33.165300	-12.621200	2.686630	-79.582729	0.000000
0	0	573	8.392110	-5.811850	8.570100	1.321610	62.071663	0.000000
0	0	574	46.190100	-14.085100	-1.197800	-9.154430	-87.569625	0.000000
0	0	575	7.167190	37.358500	-13.000800	-3.035150	-9.593977	0.000000
0	0	576	37.436000	-21.617800	11.696600	-31.154000	75.791901	0.000000
0	0	577	7.852130	0.156786	-10.535900	-6.762780	-44.573719	0.000000
0	0	578	28.193900	28.843600	-2.542180	23.809200	-2.518423	0.000000
0	0	579	-7.429840	-15.941200	-9.128660	19.903300	-75.101287	0.000000
0	0	580	53.209900	22.334300	14.898600	-5.630420	16.853084	0.000000
0	0	581	44.474500	-17.011900	16.192800	2.169350	68.206548	0.000000
0	0	582	32.941100	-4.663580	7.252440	-16.298900	61.371238	0.000000
0	0	583	23.158400	3.298820	4.381540	10.486600	26.512128	0.000000
0	0	584	0.009236	-1.210990	-11.773300	-8.624380	-47.936367	0.000000
0	0	585	1.902880	23.943100	13.384200	0.556023	14.602602	0.000000
0	0	586	28.513600	-7.578810	17.190700	15.871600	56.895546	0.000000
0	0	587	20.324600	1.477670	-1.800480	-24.697400	-25.311984	0.000000
0	0	588	5.528070	-3.988180	5.169760	-23.001600	63.824086	0.000000
0	0	589	3.048150	-32.775400	-12.241500	-10.899500	-79.759756	0.000000
0	0	590	14.942700	-29.660900	-25.602800	7.391760	-69.599890	0.000000
0	0	591	38.399000	4.051180	5.087920	3.074360	25.735985	0.000000
0	0	592	12.909700	52.961600	26.686900	0.325917	13.371573	0.000000
0	0	593	25.668700	-3.480110	11.013900	18.322100	53.767600	0.000000
0	0	594	-25.871300	0.106974	28.740300	-4.968720	44.893370	0.000000
0	0	595	-12.778200	11.433600	-3.626320	12.564500	-8.798562	0.000000
0	0	596	41.202600	-40.869800	-0.498392	6.000320	-89.650667	0.000000
0	0	597	-3.734840	-34.822600	8.581550	3.140130	83.078048	0.000000
0	0	598	21.234600	-23.732700	-4.848990	-19.870100	-84.226222	0.000000
0	0	599	53.241400	-0.967597	23.666000	36.809600	46.170632	0.000000
0	0	600	2.771660	9.322450	31.748600	39.132100	36.817999	0.000000
0	0	601	33.737600	-7.259780	-2.021590	-2.842860	-82.219688	0.000000
0	0	602	19.889600	9.734610	5.636490	-14.222700	15.035753	0.000000
0	0	603	37.794900	-44.056700	29.435600	14.808400	73.125965	0.000000
0	0	604	-18.773500	-24.914200	-7.449350	-6.124770	-81.676663	0.000000
0	0	605	15.966400	8.873600	-3.917090	18.134700	-11.909096	0.000000
0	0	606	26.799200	-0.260886	19.729000	4.555730	45.378803	0.000000
0	0	607	10.649000	-7.955640	10.818900	44.164700	63.164387	0.000000
0	0	608	-5.190390	0.381734	23.489300	17.519100	44.534473	0.000000
0	0	609	35.923700	13.472900	-24.299100	3.605310	-30.496673	0.000000
0	0	610	2.530230	-21.915000	-5.095280	13.160700	-83.455581	0.000000
0	0	611	45.944100	11.482400	11.028900	-3.631660	21.922954	0.000000
0	0	612	6.542490	-3.021520	22.366100	-23.317900	48.846861	0.000000
0	0	613	8.424670	-22.666600	-3.259920	-5.623810	-85.907908	0.000000
0	0	614	22.402800	-11.349100	-7.244010	12.758100	-73.725171	0.000000
0	0	615	26.248400	13.881800	5.382220	22.385000	10.596098	0.000000
0	0	616	34.866200	-14.378800	-7.176700	-0.593313	-76.737724	0.000000
0	0	617	7.913770	-10.721600	-12.912900	-51.277800	-64.851450	0.000000
0	0	618	29.018800	-14.796200	17.832800	26.810700	64.841557	0.000000
0	0	619	49.319400	27.911500	-38.998900	-4.485280	-27.204357	0.000000
0	0	620	16.045900	12.484300	8.717090	-16.501900	17.462224	0.000000
0	0	621	16.531200	-0.669336	-23.988400	-28.698800	-45.799140	0.000000
0	0	622	1.452720	30.923700	21.509000	50.328100	17.410285	0.000000
0	0	623	37.955800	33.630300	25.734800	29.898600	18.712089	0.000000
0	0	624	21.139900	-22.748400	-34.155300	22.620000	-61.832371	0.000000
0	0	625	12.849900	-5.573850	-10.702700	-13.562600	-58.755006	0.000000
0	0	626	13.666400	-23.191800	2.063390	21.311900	87.457872	0.000000
0	0	627	24.248100	0.993485	-0.334348	8.553210	-9.300087	0.000000
0	0	628	25.229100	9.568010	-2.245110	11.095400	-6.602706	0.000000
0	0	629	40.989600	1.683660	-9.084290	-13.332400	-39.750042	0.000000
0	0	630	40.143100	-15.954500	-32.090700	-26.403000	-58.217570	0.000000
0	0	631	19.599200	8.598540	-17.228700	-8.694050	-31.738513	0.000000
0	0	632	27.049700	12.761300	-5.334090	4.607290	-11.342209	0.000000
0	0	633	9.785840	-17.863700	27.974900	-6.518010	61.280371	0.000000
0	0	634	47.829100	-10.540100	9.646000	12.070800	68.768068	0.000000
0	0	635	84.949800	28.272500	29.492800	42.871200	23.105101	0.000000
0	0	636	45.011700	18.965000	-12.855000	-15.115100	-17.065251	0.000000
0	0	637	24.566100	33.022700	1.318250	6.056160	1.143003	0.000000
0	0	638	27.972600	-12.693400	-16.967600	3.522930	-63.400015	0.000000
0	0	639	34.301900	0.363549	28.871100	-2.199890	44.639281	0.000000
0	0	640	14.939900	-29.422800	-8.127290	-16.817500	-82.279279	0.000000
0	0	641	35.659900	5.190390	-11.429400	25.073400	-32.787978	0.000000
0	0	642	74.682700	-11.622400	7.393890	-13.616000	73.768234	0.000000
0	0	643	13.895000	-5.646170	-10.815800	-8.649350	-58.782951	0.000000
0	0	644	5.048360	12.535000	-23.892300	18.250000	-31.158215	0.000000
0	0	645	-34.982200	0.435315	7.092670	8.263240	43.243929	0.000000
0	0	646	21.869100	32.706800	17.359000	32.690500	13.978472	0.000000
0	0	647	52.646900	-0.573056	54.350400	-0.290417	45.302044	0.000000
0	0	648	20.967800	40.712100	-3.229160	13.729000	-2.267516	0.000000
0	0	649	9.906390	-0.574890	-9.479530	-4.186900	-46.735238	0.000000
0	0	650	-31.574200	-15.139400	-8.847500	-4.538610	-74.848944	0.000000
0	0	651	31.941300	-53.660200	-41.176000	-17.130500	-71.249637	0.000000
0	0	652	34.383500	38.845800	2.888510	-0.108860	2.126297	0.000000
0	0	653	59.270600	-18.398800	-27.329200	15.845900	-61.974784	0.000000
0	0	654	32.026700	7.091330	5.302590	-8.106490	18.393776	0.000000
0	0	655	15.561800	30.232600	-22.347900	18.415800	-18.235883	0.000000
0	0	656	36.391800	15.290500	12.874100	-19.820100	20.048140	0.000000
0	0	657	75.525800	40.093200	-2.620300	-6.751920	-1.869630	0.000000
0	0	658	56.835900	19.184500	-13.421200	8.145600	-17.488041	0.000000
0	0	659	35.458700	12.622900	9.022920	15.863900	17.778699	0.000000
0	0	660	54.549500	36.819400	46.672900	14.626600	25.865368	0.000000
0	0	661	48.893000	25.997400	-11.245600	32.160200	-11.695842	0.000000
0	0	662	56.738200	13.912200	17.907600	-45.008300	26.078397	0.000000
0	0	663	32.309400	3.891270	41.160600	3.932190	42.299691	0.000000
0	0	664	52.265100	18.075300	4.828940	33.946600	7.478817	0.000000
0	0	665	0.033715	30.289400	19.692800	23.307100	16.515052	0.000000
0	0	666	38.957500	43.280700	-13.246100	-24.421400	-8.508390	0.000000
0	0	667	9.567580	36.143700	39.070600	20.477100	23.614246	0.000000
0	0	668	13.765100	7.668460	11.788000	-28.793700	28.477374	0.000000
0	0	669	36.416500	13.440600	-7.628270	-9.500630	-14.788631	0.000000
0	0	670	19.626000	29.272900	15.252800	-9.805510	13.761003	0.000000
0	0	671	26.796700	9.820680	-17.480900	-19.517900	-30.336473	0.000000
0	0	672	29.339900	3.745650	-8.577950	2.942350	-33.205509	0.000000
0	0	673	-31.436600	9.214750	-0.236260	3.501300	-0.734352	0.000000
0	0	674	-32.771000	20.758800	-5.812670	32.130000	-7.821387	0.000000
0	0	675	-14.250200	2.425290	-15.712900	13.155200	-40.612813	0.000000
0	0	676	-38.277200	-12.081900	-21.239600	1.340350	-59.816441	0.000000
0	0	677	-0.046899	-23.285700	16.787300	-1.072550	72.105566	0.000000
0	0	678	-0.005417	9.847950	-22.173300	8.562120	-33.026147	0.000000
0	0	679	5.234420	12.811100	-24.385200	-8.474210	-31.142096	0.000000
0	0	680	14.504700	11.971000	9.925940	24.750200	19.832175	0.000000
0	0	681	28.336000	5.285140	-16.463700	16.609700	-36.101224	0.000000
0	0	682	16.823000	18.657400	5.927690	-12.986100	8.812853	0.000000
0	0	683	15.534300	-8.258700	-12.056400	48.902300	-62.205678	0.000000
0	0	684	22.920700	13.755200	-9.219040	19.586100	-16.915435	0.000000
0	0	685	2.014740	7.548170	-15.853200	-38.918100	-32.269761	0.000000
0	0	686	-7.009800	-3.837950	1.245330	-53.489600	81.011449	0.000000
0	0	687	-24.038200	27.325900	-25.418800	-14.564600	-21.464624	0.000000
0	0	688	-19.148800	52.241400	-15.390100	-11.918100	-8.207377	0.000000
0	0	689	25.954500	10.581300	-6.107010	-0.399831	-14.995722	0.000000
0	0	690	-8.458560	18.544400	-7.691960	12.862900	-11.263998	0.000000
0	0	691	-20.088400	38.873400	-19.564200	-1.605370	-13.357596	0.000000
0	0	692	23.102200	8.031420	-9.300910	-29.644800	-24.594547	0.000000
0	0	693	-5.322700	-2.995500	-0.941175	-22.323200	-81.278737	0.000000
0	0	694	-49.384700	0.899593	-50.642700	2.637970	-44.491166	0.000000
0	0	695	-7.605760	36.439900	-15.730600	6.078880	-11.674594	0.000000
0	0	696	-2.621610	-17.775900	-28.381400	1.220080	-61.029913	0.000000
0	0	697	-11.446500	-11.700300	-9.833590	5.276900	-69.977209	0.000000
0	0	698	15.463800	-19.770000	15.848600	42.158200	70.641315	0.000000
0	0	699	-21.913500	3.367530	32.271000	7.296650	42.021328	0.000000
0	0	700	-3.004350	34.079000	0.761100	32.157600	0.639698	0.000000
0	0	701	1.373090	-13.501500	-4.248430	-13.325300	-81.266556	0.000000
0	0	702	0.342900	-1.511600	2.931890	2.994470	58.637179	0.000000
0	0	703	-22.821600	8.234140	-34.670600	-5.413180	-38.319991	0.000000
0	0	704	-48.459700	37.422000	-31.877400	-13.574200	-20.212773	0.000000
0	0	705	-10.813800	24.955100	-14.549200	22.234700	-15.121415	0.000000
0	0	706	-17.446000	31.288100	4.296540	-20.312700	3.909529	0.000000
0	0	707	10.594000	-26.931200	-25.521300	4.282760	-68.269857	0.000000
0	0	708	-18.336900	16.155900	-46.705300	8.245960	-35.459455	0.000000
0	0	709	-13.722200	7.485640	29.549400	39.932400	37.892263	0.000000
0	0	710	8.504390	-48.425700	-34.261000	-30.774700	-72.360369	0.000000
0	0	711	21.608800	25.731100	1.629240	12.816200	1.811507	0.000000
0	0	712	7.214220	-14.153800	22.260600	-21.896800	61.224568	0.000000
0	0	713	-11.465700	-16.882800	-18.402400	-41.803300	-66.267006	0.000000
0	0	714	-8.402570	24.017100	-11.242500	14.381400	-12.542240	0.000000
0	0	715	22.485100	44.464300	-10.014400	-44.974200	-6.346283	0.000000
0	0	716	-10.765200	-3.394190	-23.910300	-11.795000	-49.039724	0.000000
0	0	717	-18.220900	11.434500	-6.860290	48.967900	-15.481123	0.000000
0	0	718	-12.946700	-19.448300	12.551000	17.521800	73.581871	0.000000
0	0	719	-35.531200	-8.854760	20.439100	4.705220	56.711770	0.000000
0	0	720	-35.819800	13.008800	3.931630	-2.527330	8.408156	0.000000
0	0	721	18.295100	-25.032300	-3.749900	3.072430	-85.740152	0.000000
0	0	722	20.192300	-9.066580	17.593000	3.077220	58.632193	0.000000
0	0	723	-17.731100	-23.132300	12.082000	10.566600	76.210968	0.000000
0	0	724	-13.206100	16.622800	12.030300	6.508710	17.947059	0.000000
0	0	725	-6.336040	-42.519600	12.866000	1.720940	81.582358	0.000000
0	0	726	-27.872800	3.662350	-2.427020	-37.069900	-16.766113	0.000000
0	0	727	19.518200	-7.380460	32.450500	-5.446650	51.406621	0.000000
0	0	728	3.973870	19.604100	30.448900	10.308600	28.612552	0.000000
0	0	729	11.450500	6.609260	2.272110	0.101044	9.485890	0.000000
0	0	730	-10.330200	-31.064800	-21.241100	30.599800	-72.818475	0.000000
0	0	731	6.364480	-30.267000	-20.564800	25.499100	-72.902999	0.000000
0	0	732	26.718600	16.807300	17.787100	-2.516770	23.311163	0.000000
0	0	733	-12.338700	-30.059100	10.219700	11.519000	80.611320	0.000000
0	0	734	-12.086900	-22.510200	8.767320	25.469600	79.359988	0.000000
0	0	735	-37.942100	-15.357700	36.578500	10.439100	56.387694	0.000000
0	0	736	16.688400	-9.210580	21.766800	-22.436100	56.467780	0.000000
0	0	737	-35.420100	20.949000	0.835298	-26.928600	1.141671	0.000000
0	0	738	6.918220	0.843817	12.896700	-27.920200	43.128268	0.000000
0	0	739	-23.715300	12.542100	13.935800	26.144600	24.006530	0.000000
0	0	740	-9.241640	-33.512800	7.098570	11.148600	84.020283	0.000000
0	0	741	7.910170	1.396300	-10.279700	31.338500	-41.132404	0.000000
0	0	742	-41.879200	-23.169500	-3.740480	8.759500	-85.414652	0.000000
0	0	743	12.015800	1.497640	10.388500	-7.029060	40.898286	0.000000
0	0	744	-12.733800	-3.751800	44.437100	-17.259000	47.413003	0.000000
0	0	745	34.481100	33.799900	8.195200	-4.581330	6.814526	0.000000
0	0	746	23.923000	-47.953600	19.430700	-15.720000	78.971155	0.000000
0	0	747	-12.919800	-2.964460	-26.066100	-15.243500	-48.244144	0.000000
0	0	748	-6.814700	-9.605790	-19.689500	-6.114750	-58.003031	0.000000
0	0	749	3.815350	-18.188100	-7.055930	-32.902000	-79.398315	0.000000
0	0	750	-27.732100	-6.866030	-0.557722	-5.793180	-87.678053	0.000000
0	0	751	-22.113700	-21.006200	-27.160900	11.370100	-63.859157	0.000000
0	0	752	16.691100	-18.200300	-0.383229	3.846550	-89.396874	0.000000
0	0	753	3.122830	4.550220	-4.463970	3.341220	-22.225898	0.000000
0	0	754	-14.630100	22.125100	29.776200	7.937480	26.692968	0.000000
0	0	755	-19.201200	-34.376800	29.906600	-8.237680	69.488942	0.000000
0	0	756	22.301900	-14.059200	5.384520	-46.776000	79.521853	0.000000
0	0	757	-14.061600	1.076480	-16.202800	23.982700	-43.099487	0.000000
0	0	758	17.418900	-7.254540	-10.007400	-6.540810	-62.969508	0.000000
0	0	759	6.094220	-8.503420	-30.661400	25.819900	-52.750227	0.000000
0	0	760	4.383700	-24.073400	-22.522300	18.407400	-68.453293	0.000000
0	0	761	-3.888170	-19.680000	-15.537800	-8.851870	-70.854059	0.000000
0	0	762	-19.816300	-8.243470	35.436400	13.175100	51.547823	0.000000
0	0	763	11.426900	27.521700	17.052600	19.500700	15.891294	0.000000
0	0	764	10.767100	-22.893700	23.871700	16.417700	66.900977	0.000000
0	0	765	-5.475710	42.657000	4.639520	32.642500	3.103642	0.000000
0	0	766	-5.632840	4.741520	-7.816230	-27.005800	-29.378978	0.000000
0	0	767	11.523700	-45.185800	-11.824000	-0.693887	-82.667960	0.000000
0	0	768	-1.364900	-53.564000	4.215250	9.970190	87.750174	0.000000
0	0	769	3.305830	14.153800	9.379180	-1.456060	16.765454	0.000000
0	0	770	17.618900	-17.373700	-21.695300	-0.097195	-64.343957	0.000000
0	0	771	-8.283520	-17.001900	31.484000	-19.008200	59.184904	0.000000
0	0	772	-3.034730	7.187730	-19.074700	-38.623100	-34.676292	0.000000
0	0	773	16.465000	-14.331500	-2.078830	-29.345000	-85.873314	0.000000
0	0	774	20.027400	-14.859900	3.809970	6.972340	82.809774	0.000000
0	0	775	22.996500	-9.919910	5.220820	-9.418530	76.121149	0.000000
0	0	776	17.201300	9.637730	22.833900	-9.653230	33.558185	0.000000
0	0	777	-14.125600	12.344100	30.703000	-9.984300	34.048736	0.000000
0	0	778	31.014500	1.000900	-14.710900	8.240230	-43.053855	0.000000
0	0	779	-6.485980	-5.723040	-10.563300	-2.508330	-59.224090	0.000000
0	0	780	6.455760	4.383360	-25.959900	-10.547700	-40.207970	0.000000
0	0	781	-1.944290	39.613600	13.126800	-27.534900	9.166851	0.000000
0	0	782	-2.378470	-7.768470	1.530270	17.158000	84.428140	0.000000
0	0	783	-7.458510	-10.057100	48.034300	-26.736600	50.912692	0.000000
0	0	784	28.527200	-9.858960	15.425000	9.899340	61.292434	0.000000
0	0	785	-7.181350	2.243930	0.481543	33.045200	6.055933	0.000000
0	0	786	17.008900	-17.352100	32.348100	-12.291300	59.104953	0.000000
0	0	787	11.753900	21.652000	19.243500	-20.754800	20.814758	0.000000
0	0	788	-2.368920	-6.364820	5.197030	30.752200	70.383764	0.000000
0	0	789	26.665700	3.515770	-0.139184	-2.945470	-1.133535	0.000000
0	0	790	-21.516600	19.903300	-5.149530	21.801900	-7.252950	0.000000
0	0	791	34.914500	-7.056050	-46.231600	26.050500	-49.338871	0.000000
0	0	792	11.978400	-14.813200	11.651000	4.020860	70.906975	0.000000
0	0	793	-4.199860	-26.133800	32.182000	12.884300	64.539381	0.000000
0	0	794	-2.674160	28.585300	-6.569390	-8.519370	-6.471405	0.000000
0	0	795	15.687100	1.446840	13.023200	-1.426650	41.830300	0.000000
0	0	796	-18.852600	-22.013600	10.915700	2.389340	76.812475	0.000000
0	0	797	29.648200	5.902110	-22.470700	-13.352300	-37.641613	0.000000
0	0	798	17.599800	4.320830	15.265600	6.271320	37.098088	0.000000
0	0	799	45.179500	-17.927700	12.207400	-13.386200	72.874057	0.000000
0	0	800	-2.463340	26.294600	-47.424300	-2.158870	-30.496820	0.000000
0	0	801	21.751700	16.857600	8.859380	19.197400	13.861910	0.000000
0	0	802	-30.864800	-27.966900	-11.144200	24.475800	-79.136898	0.000000
0	0	803	21.013500	3.549630	29.530400	2.254630	41.572893	0.000000
0	0	804	0.489213	0.648970	-1.612050	-1.892950	-34.035774	0.000000
0	0	805	31.745700	0.883963	6.159960	-33.862100	40.916862	0.000000
0	0	806	4.292460	-35.765100	37.239000	-28.445900	66.921698	0.000000
0	0	807	40.119900	4.264830	-0.598788	45.565300	-3.996082	0.000000
0	0	808	45.636100	35.079900	10.284500	6.375470	8.169872	0.000000
0	0	809	9.501260	16.728600	29.839700	46.706800	30.362166	0.000000
0	0	810	25.649700	20.556900	28.769400	-6.688120	27.226329	0.000000
0	0	811	-23.713700	-0.267099	22.686200	-5.768470	45.337274	0.000000
0	0	812	-5.808020	-20.401700	-8.630680	-22.270300	-78.534913	0.000000
0	0	813	-5.054050	39.788700	31.181200	-12.777800	19.042362	0.000000
0	0	814	29.989000	2.135670	-18.647500	9.085420	-41.733234	0.000000
0	0	815	-8.618700	18.536600	-17.763000	-19.473700	-21.889562	0.000000
0	0	816	-29.578900	36.963100	-17.221000	4.519420	-12.490337	0.000000
0	0	817	4.666640	-2.595850	-7.507810	-42.828800	-54.536497	0.000000
0	0	818	21.975300	14.468000	12.511500	6.142500	20.426142	0.000000
0	0	819	-5.205970	10.887300	-15.555200	-2.315080	-27.505646	0.000000
0	0	820	23.955000	-20.449900	-17.274600	33.953700	-69.905644	0.000000
0	0	821	-30.381000	-11.713300	-4.824250	-28.494200	-78.807577	0.000000
0	0	822	16.819100	3.674210	-33.201700	-19.796100	-41.842577	0.000000
0	0	823	-8.429200	-14.117200	-0.798357	-17.335900	-88.381626	0.000000
0	0	824	-32.366700	18.503300	27.992200	-9.150240	28.267324	0.000000
0	0	825	7.912440	24.860700	-19.835700	5.893200	-19.292724	0.000000
0	0	826	-7.113380	-39.639700	-4.715290	-5.943160	-86.608165	0.000000
0	0	827	-25.649300	-25.846500	12.609400	30.821200	76.997117	0.000000
0	0	828	29.424700	-3.283870	4.943360	-7.404950	61.798028	0.000000
0	0	829	31.551500	7.430280	-25.092000	-1.244840	-36.752424	0.000000
0	0	830	41.181600	14.210900	-16.787600	-9.296490	-24.875847	0.000000
0	0	831	22.205500	-20.861500	3.968150	-8.546070	84.615099	0.000000
0	0	832	-18.788100	-52.607600	-43.403800	24.319800	-70.237865	0.000000
0	0	833	-8.320940	40.324500	-15.748700	21.459100	-10.666545	0.000000
0	0	834	19.313700	44.725300	33.368600	10.500000	18.362920	0.000000
0	0	835	-4.855940	15.680900	25.953400	7.603760	29.429931	0.000000
0	0	836	31.018700	8.984770	-7.738470	18.928800	-20.368955	0.000000
0	0	837	17.052600	24.266500	7.397400	16.337800	8.476659	0.000000
0	0	838	17.476000	-15.014000	17.657000	-0.256141	65.187495	0.000000
0	0	839	22.175400	3.995180	5.785330	5.171960	27.686087	0.000000
0	0	840	-19.205500	-18.071800	12.989900	-7.193640	72.145825	0.000000
0	0	841	39.108200	11.116200	-33.687400	-51.608400	-35.869047	0.000000
0	0	842	38.418900	42.000700	-4.889720	-11.166900	-3.320240	0.000000
0	0	843	-3.621660	7.858590	-0.590823	-23.705600	-2.149756	0.000000
0	0	844	7.801570	26.316700	21.173400	28.875100	19.409406	0.000000
0	0	845	38.955500	-19.060200	-28.797700	0.780424	-61.749598	0.000000
0	0	846	26.901600	9.464620	-1.387070	-2.936460	-4.168763	0.000000
0	0	847	38.425600	24.233900	11.326600	-3.201890	12.525378	0.000000
0	0	848	-2.639240	17.271900	30.804900	11.625900	30.360614	0.000000
0	0	849	-8.949780	0.284500	-19.071200	-0.693518	-44.572669	0.000000
0	0	850	-4.546490	9.924620	2.362080	19.134400	6.693723	0.000000
0	0	851	-6.462250	9.827670	40.239900	13.960300	38.137744	0.000000
0	0	852	24.929400	18.618600	-53.477900	32.123500	-35.402090	0.000000
0	0	853	21.114500	8.825400	-20.016400	-16.512400	-33.103456	0.000000
0	0	854	43.257800	-11.780800	-7.024010	10.328800	-74.597769	0.000000
0	0	855	-12.112500	34.505300	11.977900	10.421600	9.571767	0.000000
0	0	856	4.236550	-7.473860	35.263000	-3.760750	50.983269	0.000000
0	0	857	-10.981800	21.792300	73.210500	13.423400	36.711752	0.000000
0	0	858	38.407900	12.532900	30.170400	25.423200	33.720907	0.000000
0	0	859	19.547800	-12.071500	34.575600	-26.960900	54.622903	0.000000
0	0	860	3.530130	40.815600	-2.150280	35.475200	-1.507857	0.000000
0	0	861	44.963800	18.934500	-8.260290	-9.267500	-11.784764	0.000000
0	0	862	4.228630	17.392800	5.296210	35.370500	8.467901	0.000000
0	0	863	29.737900	48.517800	17.821200	-7.887940	10.084460	0.000000
0	0	864	-11.281400	4.534140	-10.587000	7.191770	-33.407897	0.000000
0	0	865	17.512500	-15.258100	22.883200	10.825000	61.847316	0.000000
0	0	866	-15.608600	39.242600	11.187600	16.996500	7.956111	0.000000
0	0	867	-24.612900	-18.485800	1.701800	33.625900	87.370092	0.000000
0	0	868	49.023200	-7.206740	38.935200	23.409500	50.243261	0.000000
0	0	869	-9.705440	-20.676600	8.631450	-1.621510	78.670948	0.000000
0	0	870	28.783600	2.866170	-30.069100	-34.623600	-42.277524	0.000000
0	0	871	29.906300	36.110600	31.280100	20.489200	20.450053	0.000000
0	0	872	28.303500	-13.674900	-6.456900	-11.125500	-77.362324	0.000000
0	0	873	8.220380	54.857100	39.985300	4.666210	18.044140	0.000000
0	0	874	22.622700	-29.041700	-30.281600	-4.198210	-66.901325	0.000000
0	0	875	-11.852600	12.883000	9.431240	-28.381500	18.103344	0.000000
0	0	876	48.749300	14.991100	16.437000	9.756810	23.817063	0.000000
0	0	877	4.144380	7.837180	42.311400	-18.840100	39.753125	0.000000
0	0	878	10.978400	19.823300	-19.776000	-37.270900	-22.465781	0.000000
0	0	879	-26.598000	11.139100	-17.365200	-3.537240	-28.660704	0.000000
0	0	880	14.435900	29.339500	-2.603950	-17.986500	-2.535923	0.000000
0	0	881	23.347200	25.526900	-1.866610	22.052000	-2.091105	0.000000
0	0	882	25.355700	16.138700	27.919500	1.324550	29.985099	0.000000
0	0	883	-1.793570	-7.071390	-26.153300	4.195200	-52.564995	0.000000
0	0	884	-9.365480	-16.594800	-1.488740	-41.764300	-87.436824	0.000000
0	0	885	-23.039500	-36.522900	-6.668820	-9.249750	-84.826098	0.000000
0	0	886	22.863200	-23.888000	26.598100	-35.634500	65.963652	0.000000
0	0	887	8.448910	25.486600	-3.646630	-24.723100	-4.071316	0.000000
0	0	888	-13.967700	-23.352800	-23.069600	-5.543530	-67.674764	0.000000
0	0	889	3.466760	-20.107100	20.949600	7.412330	66.912216	0.000000
0	0	890	32.649700	6.768150	1.193970	-9.589820	5.002309	0.000000
0	0	891	21.606800	-27.030600	12.560100	-11.047500	77.538742	0.000000
0	0	892	26.798500	35.044700	11.476700	-5.793300	9.066486	0.000000
0	0	893	0.781620	27.516600	2.204020	-11.715200	2.289745	0.000000
0	0	894	-16.629700	-0.417429	-22.208500	-2.924650	-45.538400	0.000000
0	0	895	-14.431900	46.850000	49.150300	3.417370	23.186312	0.000000
0	0	896	29.623400	-26.044000	1.493080	-39.296300	88.359437	0.000000
0	0	897	-9.862950	18.494000	-14.704300	3.218280	-19.243840	0.000000
0	0	898	-28.365500	9.001710	3.189200	1.320300	9.754319	0.000000
0	0	899	22.142900	-9.705790	1.995420	20.379100	84.191199	0.000000
0	0	900	12.296400	23.808200	-24.376800	7.521650	-22.838040	0.000000
0	0	901	15.720800	6.175150	14.088800	-6.952730	33.166031	0.000000
0	0	902	12.480600	-12.020400	8.967680	4.742700	71.637824	0.000000
0	0	903	32.235300	-3.465380	-0.062696	17.974800	-89.481759	0.000000
0	0	904	-11.194700	-0.468559	43.731200	7.949810	45.306937	0.000000
0	0	905	29.068500	21.654900	7.242640	-0.882854	9.246445	0.000000
0	0	906	-0.021786	2.579680	12.222200	-25.846800	39.040892	0.000000
0	0	907	-1.566160	24.623500	-10.490500	-20.368200	-11.537878	0.000000
0	0	908	5.411790	13.826100	-10.983000	-12.082200	-19.231238	0.000000
0	0	909	-2.048460	44.882000	-0.073015	-1.004040	-0.046605	0.000000
0	0	910	16.705600	-23.438300	1.170390	-0.762451	88.570657	0.000000
0	0	911	26.566900	26.449100	35.013200	7.173330	26.466233	0.000000
0	0	912	56.499900	38.255900	-24.696700	8.496080	-16.422452	0.000000
0	0	913	47.771900	4.801600	-6.078150	-11.191300	-25.846034	0.000000
0	0	914	23.431500	19.818700	22.857900	-10.863900	24.536712	0.000000
0	0	915	33.851400	79.178300	7.363650	-0.349036	2.656637	0.000000
0	0	916	-7.621720	-0.345641	-21.329300	-16.776000	-45.464198	0.000000
0	0	917	3.799320	23.226600	-12.912900	46.512400	-14.536003	0.000000
0	0	918	61.273500	39.207000	11.882900	-1.930430	8.430532	0.000000
0	0	919	15.653800	-1.974430	-13.325100	7.123210	-49.214202	0.000000
0	0	920	19.104900	-2.394320	-6.683660	7.472240	-54.854647	0.000000
0	0	921	-9.317880	10.691800	-25.349800	7.047120	-33.565707	0.000000
0	0	922	22.481600	-0.457802	-1.704960	-10.346100	-52.515038	0.000000
0	0	923	-4.567410	-10.508600	0.756171	-18.449200	87.942121	0.000000
0	0	924	13.446700	-20.793000	1.734820	-4.243170	87.615347	0.000000
0	0	925	7.196360	30.182700	12.547200	18.366000	11.286532	0.000000
0	0	926	60.993300	-18.429100	-18.607700	-6.979060	-67.361854	0.000000
0	0	927	31.666900	28.412900	33.590800	6.536510	24.886834	0.000000
0	0	928	55.847200	53.659800	14.449100	-46.092900	7.535355	0.000000
0	0	929	20.949200	-9.388520	2.079860	-13.185700	83.754435	0.000000
0	0	930	24.699400	-14.222600	15.184300	-31.697700	66.563456	0.000000
0	0	931	30.814000	24.418000	1.930480	-3.361480	2.260193	0.000000
0	0	932	10.656400	-8.909250	-14.277900	-28.283200	-60.981851	0.000000
0	0	933	34.889200	15.464400	-14.731000	-17.623600	-21.804323	0.000000
0	0	934	-11.261200	7.754360	-7.582820	-19.992400	-22.179599	0.000000
0	0	935	7.493940	-1.005750	9.176320	-18.331000	48.127405	0.000000
0	0	936	22.071400	-10.004700	6.398870	25.041100	73.698786	0.000000
0	0	937	-7.182170	-9.335950	-4.554430	-7.941340	-76.997564	0.000000
0	0	938	16.600900	-1.684090	22.405500	-37.990500	47.149252	0.000000
0	0	939	-28.350500	38.217500	-26.616200	-5.454340	-17.427450	0.000000
0	0	940	43.111800	-50.159800	-13.833400	1.988670	-82.290929	0.000000
0	0	941	19.516900	-27.137100	-11.057600	-13.520900	-78.915248	0.000000
0	0	942	-24.266900	27.516800	13.968300	10.468600	13.456814	0.000000
0	0	943	5.427890	9.444750	-15.872200	-14.102300	-29.622623	0.000000
0	0	944	-21.294800	-22.468600	9.866600	-6.942790	78.146179	0.000000
0	0	945	2.818850	9.482610	1.445210	5.180070	4.332779	0.000000
0	0	946	27.834400	1.077500	11.210000	-27.147300	42.254812	0.000000
0	0	947	17.034300	-21.466200	11.343800	-44.938900	76.072908	0.000000
0	0	948	4.704870	3.053990	-24.418200	-13.726500	-41.435511	0.000000
0	0	949	32.696200	36.679200	53.516600	-25.398000	27.787023	0.000000
0	0	950	35.486300	34.313900	-18.627300	-3.629390	-14.247661	0.000000
0	0	951	23.038600	16.994300	0.794093	-17.072200	1.337658	0.000000
0	0	952	-1.314950	1.507420	-25.164900	-4.055390	-43.285991	0.000000
0	0	953	7.195000	23.691500	-5.816870	-9.788330	-6.897354	0.000000
0	0	954	11.192400	5.129440	-12.293200	24.842900	-33.675628	0.000000
0	0	955	-0.288057	-52.469100	24.831100	10.432500	77.337029	0.000000
0	0	956	27.903900	4.756320	-5.543990	-22.558300	-24.686464	0.000000
0	0	957	-30.989200	-57.733500	-6.714490	-28.102800	-86.683110	0.000000
0	0	958	33.730800	3.059890	-17.388000	25.355800	-40.009721	0.000000
0	0	959	6.097250	15.833400	3.884860	-1.741930	6.892839	0.000000
0	0	960	-5.490600	9.866150	-41.365600	-10.956200	-38.292481	0.000000
0	0	961	8.162180	-0.747465	21.484800	-39.321800	45.996270	0.000000
0	0	962	-10.508900	27.663100	17.223600	9.554480	15.953610	0.000000
0	0	963	35.997800	36.033000	-2.802680	7.799130	-2.223782	0.000000
0	0	964	10.342200	0.338024	-20.830400	4.740510	-44.535159	0.000000
0	0	965	-7.896920	26.372000	-19.598800	12.814400	-18.309257	0.000000
0	0	966	13.108800	19.286800	32.063100	8.123940	29.485991	0.000000
0	0	967	-11.886600	0.554614	6.153730	-55.570900	42.425024	0.000000
0	0	968	42.875600	1.425880	-10.851500	19.965200	-41.257129	0.000000
0	0	969	5.171270	0.361714	-7.603420	-30.024000	-43.638174	0.000000
0	0	970	-12.649700	11.537600	-8.853690	28.240400	-18.750904	0.000000
0	0	971	40.378700	22.561500	17.962300	5.894150	19.262495	0.000000
0	0	972	14.142600	5.457480	1.671740	12.483400	8.515460	0.000000
0	0	973	28.952100	14.690000	-16.814600	-9.065880	-24.429029	0.000000
0	0	974	43.277300	18.106900	3.824210	5.809710	5.962857	0.000000
0	0	975	45.278000	-5.394140	34.747800	-23.928800	49.411993	0.000000
0	0	976	29.777000	20.913600	-13.540700	-22.366300	-16.460702	0.000000
0	0	977	-8.407460	-22.962700	-7.321750	-13.850600	-81.157454	0.000000
0	0	978	33.961600	-10.644600	-54.115800	-19.419300	-50.564018	0.000000
0	0	979	35.879100	-14.324300	-30.831800	-13.748600	-57.459673	0.000000
0	0	980	11.883800	4.011230	-56.191800	-19.406400	-42.958444	0.000000
0	0	981	29.898200	22.581300	25.460600	5.679950	24.214906	0.000000
0	0	982	39.437300	-1.798870	-33.739500	-3.932820	-46.525959	0.000000
0	0	983	34.196600	18.594200	0.671172	-25.840700	1.033619	0.000000
0	0	984	-7.224340	-10.055500	-8.323330	19.270200	-70.192057	0.000000
0	0	985	24.305500	-5.290980	-12.975500	-21.108200	-56.092006	0.000000
0	0	986	50.465600	6.431130	6.707080	-11.252300	23.101621	0.000000
0	0	987	55.219200	-1.445330	9.359910	21.862400	49.389058	0.000000
0	0	988	39.698600	10.311900	18.188400	-34.807700	30.224482	0.000000
0	0	989	0.326924	-26.949700	1.327910	31.382700	88.589555	0.000000
0	0	990	14.439900	-19.125800	-0.474733	10.515900	-89.289059	0.000000
0	0	991	48.218200	-11.521100	34.899100	25.060400	54.134700	0.000000
0	0	992	31.880900	16.865900	-3.808900	-42.737200	-6.362939	0.000000
0	0	993	24.982300	32.353100	-2.755840	-28.733300	-2.434354	0.000000
0	0	994	22.469200	-28.405400	-4.501520	-25.960300	-85.497495	0.000000
0	0	995	18.184100	-28.708800	-44.831600	-21.109300	-61.317135	0.000000
0	0	996	21.371800	6.046780	6.017010	-15.434400	22.429305	0.000000
0	0	997	22.036800	15.468500	-0.332388	2.406910	-0.615493	0.000000
0	0	998	26.325700	19.456100	-3.107840	26.011000	-4.537764	0.000000
0	0	999	7.336310	12.600500	7.562610	11.317500	15.485740	0.000000
0	0	1000	12.714300	5.969890	-29.588200	-10.790200	-39.296407	0.000000
0	0	1001	65.880000	1.512880	31.451900	-7.499180	43.623058	0.000000
0	0	1002	16.113300	15.764900	10.287900	26.215600	16.563884	0.000000
0	0	1003	59.942600	-8.086020	-10.639800	-56.394100	-63.617028	0.000000
0	0	1004	82.533600	-7.776070	-4.896140	-38.580300	-73.901880	0.000000
0	0	1005	27.390900	-4.200920	20.201700	-15.662100	50.873587	0.000000
0	0	1006	10.148700	-25.765600	19.999100	-12.059000	71.090803	0.000000
0	0	1007	-0.634050	-11.575500	-10.067800	-8.390970	-69.492430	0.000000
0	0	1008	-8.465450	11.166400	-6.814130	9.718160	-15.696505	0.000000
0	0	1009	-6.170640	10.668000	-1.886430	-10.328100	-5.013994	0.000000
0	0	1010	-12.510400	-28.033600	-16.317100	-12.482900	-74.899118	0.000000
0	0	1011	-11.783100	24.555900	1.185050	9.565320	1.381455	0.000000
0	0	1012	29.411400	33.226000	16.845000	-13.749400	13.442105	0.000000
0	0	1013	15.773700	3.313150	18.365000	-10.099300	39.886757	0.000000
0	0	1014	19.780000	32.129100	-13.217200	-10.840800	-11.180590	0.000000
0	0	1015	49.387800	22.129500	14.412600	-3.715830	16.537787	0.000000
0	0	1016	37.749200	9.696330	22.397200	-12.425200	33.295480	0.000000
0	0	1017	6.324980	44.386700	0.715951	0.438761	0.462046	0.000000
0	0	1018	49.548900	26.580400	-23.597200	-9.711330	-20.798805	0.000000
0	0	1019	7.254150	-9.178150	-32.313500	-6.414050	-52.928189	0.000000
0	0	1020	10.118300	-19.828600	-37.254700	-9.125780	-59.011942	0.000000
0	0	1021	18.400900	-10.974000	-17.163600	3.416730	-61.296943	0.000000
0	0	1022	12.282400	7.536260	-0.842968	-4.183500	-3.191144	0.000000
0	0	1023	-14.676000	-15.875600	10.912200	9.273540	72.748526	0.000000
