0	0	0	19.799500	6.280600	-22.266800	8.134710	-37.124150	0.000000
0	0	1	26.182300	-25.721400	8.697660	-29.530300	80.658548	0.000000
0	0	2	54.581700	-29.294600	-26.411600	7.572970	-68.981312	0.000000
0	0	3	23.859300	-0.487076	-34.582000	-49.337100	-45.403469	0.000000
0	0	4	13.450500	27.459700	-0.488022	-55.819300	-0.509085	0.000000
0	0	5	46.926200	31.711100	20.037400	10.206700	16.143851	0.000000
0	0	6	28.848800	51.578500	-9.936720	-36.129400	-5.452285	0.000000
0	0	7	50.432300	0.177330	8.311980	-26.825700	44.388911	0.000000
0	0	8	26.899200	-52.339800	11.167000	-4.964700	83.978097	0.000000
0	0	9	56.359700	2.700110	-21.208200	-34.734700	-41.372227	0.000000
0	0	10	38.306400	17.214200	-15.517500	5.711650	-21.016319	0.000000
0	0	11	29.096400	13.074500	-14.351700	-10.089600	-23.833129	0.000000
0	0	12	30.547500	-22.851700	-0.053001	-10.076300	-89.933555	0.000000
0	0	13	49.559800	-4.381440	-33.807000	-25.621600	-48.692231	0.000000
0	0	14	31.306100	72.972400	-3.449400	-46.706800	-1.353176	0.000000
0	0	15	25.101700	16.267100	21.785600	-7.111950	26.625827	0.000000
0	0	16	64.454100	23.000000	-32.710900	5.023710	-27.443907	0.000000
0	0	17	2.558450	-4.381360	-0.523329	-1.385470	-86.594305	0.000000
0	0	18	33.852500	-27.786300	-28.418500	-43.580400	-67.177778	0.000000
0	0	19	47.126200	23.746800	-6.445780	-53.867300	-7.593166	0.000000
0	0	20	-0.248074	-13.647400	-66.130900	-38.454500	-50.830204	0.000000
0	0	21	8.146910	-26.226200	-59.746700	-16.199000	-56.849691	0.000000
0	0	22	50.283000	32.177400	-24.680600	20.331600	-18.744403	0.000000
0	0	23	45.772500	43.086100	-9.602290	-15.039500	-6.281890	0.000000
0	0	24	40.040200	-18.697900	14.261800	-57.535600	71.332734	0.000000
0	0	25	27.526400	22.034600	-17.916500	5.225450	-19.557411	0.000000
0	0	26	32.296300	7.391940	-88.343300	-25.908900	-42.608519	0.000000
0	0	27	53.616000	12.530200	-15.028500	-25.296500	-25.089960	0.000000
0	0	28	24.720000	-29.948400	-64.105500	-12.847700	-57.520371	0.000000
0	0	29	26.031500	19.721900	-42.528700	-31.358800	-32.560679	0.000000
0	0	30	26.426400	-8.822910	-24.531800	-7.385470	-54.890611	0.000000
0	0	31	12.269700	-17.969600	-37.410400	16.266000	-57.828349	0.000000
0	0	32	6.547780	-5.901170	-29.355800	-7.794910	-50.683121	0.000000
0	0	33	26.395600	-15.601000	-14.700700	-19.389500	-68.350913	0.000000
0	0	34	33.612200	14.035600	-18.249400	-35.830400	-26.218071	0.000000
0	0	35	30.671500	-18.104500	-45.073000	-27.225900	-55.941939	0.000000
0	0	36	44.633600	0.247330	-6.718290	-48.789900	-43.945820	0.000000
0	0	37	26.688400	-8.678600	-22.177700	-18.114200	-55.685725	0.000000
0	0	38	43.755200	-16.359100	-52.583800	6.913700	-53.640598	0.000000
0	0	39	47.736400	-17.635700	-50.498400	-21.014800	-54.625440	0.000000
0	0	40	98.101000	-25.733700	17.827900	-18.872000	72.643198	0.000000
0	0	41	31.720300	-4.307680	-6.116430	-16.656100	-62.578137	0.000000
0	0	42	47.355400	-29.497500	-8.649560	-19.709000	-81.828633	0.000000
0	0	43	47.685500	-36.913900	-16.678900	-7.250080	-77.842500	0.000000
0	0	44	37.901100	-41.382700	-22.956800	-39.551700	-75.490472	0.000000
0	0	45	45.225600	-9.998710	-0.975792	-37.983100	-87.213027	0.000000
0	0	46	43.682400	-3.503080	-49.890300	-37.085000	-47.008234	0.000000
0	0	47	19.996200	-27.890100	-14.951700	-51.838200	-75.902266	0.000000
0	0	48	57.257600	-40.821200	-24.530100	-21.822900	-74.498841	0.000000
0	0	49	64.144100	0.866310	-3.700030	12.833100	-38.411187	0.000000
0	0	50	37.387000	-4.031170	-43.607100	-33.136700	-47.640791	0.000000
0	0	51	34.362600	-13.312600	-10.807100	-5.999120	-70.465243	0.000000
0	0	52	97.028100	6.298740	-6.817570	-16.231600	-23.632608	0.000000
0	0	53	73.278000	0.263685	-27.269200	-1.173010	-44.722992	0.000000
0	0	54	39.328500	-12.494000	-5.928470	-16.994500	-77.307705	0.000000
0	0	55	7.973840	-22.632800	-33.900300	-41.690000	-61.864098	0.000000
0	0	56	29.339900	-10.617400	-40.460100	-45.132300	-52.351915	0.000000
0	0	57	18.337200	2.322820	-7.850930	-2.669930	-36.759164	0.000000
0	0	58	16.513800	-1.713580	-28.983300	-53.519700	-46.691780	0.000000
0	0	59	23.779800	20.588000	-27.089400	-35.117700	-26.382545	0.000000
0	0	60	37.466800	-42.214200	-27.301000	12.182400	-73.554110	0.000000
0	0	61	12.619500	-36.814700	-5.529740	-21.342100	-85.728883	0.000000
0	0	62	38.952300	-16.251400	-48.850100	-64.490100	-54.200599	0.000000
0	0	63	48.847900	-16.000600	-33.422700	-41.795700	-57.791024	0.000000
0	0	64	85.224300	-45.950300	0.789734	-27.702600	89.507686	0.000000
0	0	65	86.663200	10.135600	-50.257900	-35.427000	-39.298998	0.000000
0	0	66	70.587700	-21.264300	-46.826100	-50.892900	-57.211688	0.000000
0	0	67	83.107100	-7.610570	-55.539900	-44.958000	-48.901291	0.000000
0	0	68	76.662800	-11.154000	-72.125600	-19.225600	-49.395488	0.000000
0	0	69	53.512400	-49.119400	-21.669000	-36.466400	-78.097674	0.000000
0	0	70	31.527700	-17.804300	-2.756010	-18.136900	-85.600379	0.000000
0	0	71	37.445400	19.130300	-38.004700	17.420200	-31.640420	0.000000
0	0	72	50.456200	7.834920	-27.473400	-35.278400	-37.041401	0.000000
0	0	73	49.932400	-6.232250	-63.922300	-26.981600	-47.784291	0.000000
0	0	74	69.001700	-9.069260	10.005600	-17.830600	66.094870	0.000000
0	0	75	54.696700	-40.590100	-32.576700	-1.420910	-70.625129	0.000000
0	0	76	40.870000	-20.769400	-53.255700	-16.897600	-55.652741	0.000000
0	0	77	47.317900	-6.981470	-27.946000	-20.462300	-52.013269	0.000000
0	0	78	55.268900	3.595040	-24.671800	-27.462800	-40.854760	0.000000
0	0	79	68.437400	14.412600	12.623600	-15.610600	20.607113	0.000000
0	0	80	55.736000	-65.432700	-36.521100	-1.277570	-75.416019	0.000000
0	0	81	43.314800	-35.456000	-38.208700	-50.336500	-66.429984	0.000000
0	0	82	66.647200	3.004440	-8.947830	7.540700	-35.719669	0.000000
0	0	83	75.933500	12.566000	-0.364460	39.944200	-0.830661	0.000000
0	0	84	73.683200	-3.998060	-22.537700	-45.875500	-50.029650	0.000000
0	0	85	34.864600	-9.023170	-33.726700	-27.434100	-52.489005	0.000000
0	0	86	64.778600	5.572690	0.441650	-31.609900	2.265683	0.000000
0	0	87	59.928500	-8.658420	-4.479330	-22.133700	-76.322878	0.000000
0	0	88	44.517600	-14.558600	-38.771600	-10.881100	-55.290491	0.000000
0	0	89	70.371900	-10.756500	-38.261500	-36.571300	-52.851164	0.000000
0	0	90	35.179500	-38.652200	8.252560	-15.637400	83.973922	0.000000
0	0	91	56.047600	-66.159400	-36.353800	-4.854180	-75.605866	0.000000
0	0	92	38.874400	-6.170680	-43.845300	-7.263230	-49.005526	0.000000
0	0	93	63.808400	-14.969600	-17.795200	6.249040	-65.035535	0.000000
0	0	94	65.748700	31.279300	-29.086600	12.508600	-21.459866	0.000000
0	0	95	33.410500	-14.401700	-13.259100	-17.313400	-68.682702	0.000000
0	0	96	36.518400	-18.334300	-4.906060	-6.371730	-82.509624	0.000000
0	0	97	22.059200	-43.633400	-0.615651	26.720400	-89.595816	0.000000
0	0	98	71.357700	6.038410	-43.420000	-2.598530	-41.041335	0.000000
0	0	99	48.613800	-2.514450	-33.100800	30.175200	-47.172020	0.000000
0	0	100	41.208600	30.617200	-47.234900	-27.141900	-28.524544	0.000000
0	0	101	70.504100	-15.326500	-26.810100	-12.073600	-59.877630	0.000000
0	0	102	105.068000	-20.184400	-53.189800	29.841400	-55.390345	0.000000
0	0	103	42.481200	-24.599300	-64.861800	-11.756600	-55.384795	0.000000
0	0	104	95.379000	-20.137000	-60.360100	9.866610	-54.224721	0.000000
0	0	105	7.133340	-37.886300	-57.436800	-12.753800	-61.704765	0.000000
0	0	106	42.444400	-17.022700	-44.829700	-38.025200	-55.396367	0.000000
0	0	107	105.127000	-1.813430	-61.203300	-43.505300	-45.848578	0.000000
0	0	108	50.611900	-20.095700	-29.764400	-19.816600	-62.012802	0.000000
0	0	109	68.998700	-33.531900	-36.258200	-26.817300	-66.381460	0.000000
0	0	110	54.015000	-8.747460	-40.294100	-36.321200	-51.124154	0.000000
0	0	111	109.078000	28.369700	-46.078000	-16.461100	-29.189933	0.000000
0	0	112	63.032500	-40.540100	-46.429100	-13.243500	-65.563104	0.000000
0	0	113	51.340000	-31.109200	-24.763500	-29.444100	-70.739780	0.000000
0	0	114	95.636000	-20.597500	-76.797200	-4.475370	-52.506874	0.000000
0	0	115	113.416000	8.740220	-44.579500	-10.585900	-39.453670	0.000000
0	0	116	35.660100	3.434830	-12.124700	1.149780	-37.091500	0.000000
0	0	117	51.406500	-16.185800	-90.922100	-14.103700	-50.046979	0.000000
0	0	118	58.662100	6.248960	-12.672500	4.604370	-31.875774	0.000000
0	0	119	90.840600	-23.407800	-35.151100	-13.287400	-61.830208	0.000000
0	0	120	60.063900	8.809540	-50.148900	38.831400	-40.018321	0.000000
0	0	121	40.840300	-19.861700	-56.351600	-16.553100	-54.707765	0.000000
0	0	122	97.253400	10.690400	-52.994200	-41.102800	-39.297457	0.000000
0	0	123	88.303700	13.312100	-25.684100	-13.082600	-31.301119	0.000000
0	0	124	69.296500	-17.679300	-52.543200	6.836160	-54.298315	0.000000
0	0	125	67.261000	25.986700	-21.978500	-33.235400	-20.111595	0.000000
0	0	126	71.953200	-21.240200	-49.402700	-18.060300	-56.632403	0.000000
0	0	127	50.068300	22.351800	-40.441700	4.556740	-30.535463	0.000000
0	0	128	21.333300	42.598500	-20.154900	15.042300	-12.660267	0.000000
0	0	129	93.061300	45.472700	-16.775200	-9.853880	-10.124687	0.000000
0	0	130	54.453200	4.492720	-10.794200	-10.611400	-33.701067	0.000000
0	0	131	37.303800	-25.783500	-50.854200	4.430090	-58.442693	0.000000
0	0	132	83.108400	8.612140	-19.956800	8.191220	-33.328956	0.000000
0	0	133	40.046700	-0.115397	-27.864800	-8.612570	-45.118639	0.000000
0	0	134	85.749400	-14.225500	-38.834700	27.229100	-55.059119	0.000000
0	0	135	110.357000	11.052800	-49.394500	15.737400	-38.693471	0.000000
0	0	136	61.165200	5.888980	-35.545200	28.946200	-40.296462	0.000000
0	0	137	79.121200	-32.787900	-37.411700	0.476992	-65.615786	0.000000
0	0	138	100.325000	18.268300	-28.484000	-8.517410	-28.662897	0.000000
0	0	139	61.865700	-40.461000	-6.433480	4.559440	-85.482674	0.000000
0	0	140	52.247200	27.238500	-32.873300	15.386300	-25.177591	0.000000
0	0	141	86.428700	-3.092500	-19.224000	7.452680	-49.569342	0.000000
0	0	142	69.733700	-25.662200	-10.412900	17.120700	-78.957130	0.000000
0	0	143	81.724000	5.415800	-15.686200	23.018100	-35.476156	0.000000
0	0	144	47.111300	-16.461500	-34.316000	11.942700	-57.813595	0.000000
0	0	145	79.923700	3.713630	-19.433000	5.346200	-39.590631	0.000000
0	0	146	49.727100	11.975800	-9.540870	25.212900	-19.271800	0.000000
0	0	147	84.869400	4.846570	-27.770300	22.563700	-40.050123	0.000000
0	0	148	64.474500	-40.992000	-6.715970	37.746000	-85.347773	0.000000
0	0	149	99.981900	-28.063600	-14.132800	21.531900	-76.635111	0.000000
0	0	150	63.670400	-23.444700	-7.029310	25.530600	-81.654974	0.000000
0	0	151	71.572100	-5.996770	-30.416300	-4.569540	-50.576595	0.000000
0	0	152	57.590600	-13.308300	-15.620600	0.459584	-65.215019	0.000000
0	0	153	92.065800	17.696500	-53.212000	38.892100	-35.802315	0.000000
0	0	154	37.950600	33.635600	-16.784900	39.314000	-13.260100	0.000000
0	0	155	60.550500	11.037800	-22.540000	21.885200	-31.954543	0.000000
0	0	156	106.028000	-2.140500	0.732574	43.231500	80.553390	0.000000
0	0	157	83.821600	6.022020	-28.186300	31.752500	-38.970020	0.000000
0	0	158	85.362600	-17.566400	4.139640	37.279100	83.369898	0.000000
0	0	159	51.728300	9.997320	-25.959200	40.741300	-34.468737	0.000000
0	0	160	38.689800	-0.664994	-15.464700	35.073000	-46.231123	0.000000
0	0	161	130.041000	16.148900	-16.605200	15.006300	-22.899070	0.000000
0	0	162	136.095000	14.972400	-9.730120	40.365000	-16.509324	0.000000
0	0	163	98.324100	22.858600	-15.966000	17.354800	-17.466533	0.000000
0	0	164	96.792200	8.405720	-34.746600	24.246500	-38.200286	0.000000
0	0	165	78.161500	4.169770	-31.014300	49.439200	-41.171345	0.000000
0	0	166	75.615800	0.997139	-41.498700	24.498100	-44.311775	0.000000
0	0	167	81.308800	-18.452600	29.576000	35.218000	60.980113	0.000000
0	0	168	86.300800	-3.661610	-20.413700	28.196600	-50.084509	0.000000
0	0	169	115.895000	5.151030	-14.605700	22.617300	-35.286825	0.000000
0	0	170	69.649700	-22.236100	-24.413300	33.666700	-66.163928	0.000000
0	0	171	89.562100	-0.356245	-9.569800	47.915900	-46.065953	0.000000
0	0	172	65.731700	-41.356000	-14.759200	47.457900	-80.179724	0.000000
0	0	173	49.533600	-3.063460	-10.010500	18.104100	-53.507702	0.000000
0	0	174	63.330800	8.904820	-20.106700	29.033900	-33.056245	0.000000
0	0	175	47.953300	36.797600	-40.878900	30.776300	-24.003842	0.000000
0	0	176	46.089800	-42.485100	-21.201500	-10.394900	-76.739627	0.000000
0	0	177	71.659500	-1.448070	-25.532700	35.566700	-46.623007	0.000000
0	0	178	54.892100	13.340100	29.487500	14.366200	32.829038	0.000000
0	0	179	117.162000	6.347500	-17.422800	18.371400	-34.991116	0.000000
0	0	180	105.239000	-33.093900	-56.799700	54.154100	-60.113441	0.000000
0	0	181	120.850000	19.299700	-14.229500	56.562700	-18.200514	0.000000
0	0	182	118.819000	-27.890100	-6.523370	55.602400	-83.417716	0.000000
0	0	183	114.223000	-21.257000	-52.256800	55.301400	-56.067744	0.000000
0	0	184	105.307000	-23.368800	-63.039100	45.743600	-55.169954	0.000000
0	0	185	88.103000	8.663040	-23.395400	69.120100	-34.840502	0.000000
0	0	186	81.547000	-26.896100	-31.802400	90.300000	-65.111026	0.000000
0	0	187	77.881200	-25.393600	-74.165600	58.800400	-54.450359	0.000000
0	0	188	135.621000	-41.736600	-30.487600	30.107600	-71.926377	0.000000
0	0	189	119.977000	6.208920	-46.933600	44.944300	-41.232005	0.000000
0	0	190	104.379000	-22.802600	-19.331100	48.213700	-69.855051	0.000000
0	0	191	130.759000	-23.928500	-39.223500	48.079900	-60.692748	0.000000
0	0	192	134.498000	-41.174100	7.273090	52.731300	84.991238	0.000000
0	0	193	97.964700	3.771030	-46.388700	56.095300	-42.676266	0.000000
0	0	194	119.401000	1.684660	6.658550	6.398980	37.900858	0.000000
0	0	195	93.446100	6.123140	22.662400	24.742900	37.440156	0.000000
0	0	196	76.652000	-9.200980	7.877990	55.480900	69.714732	0.000000
0	0	197	99.734800	-35.304100	-39.823000	27.292500	-65.778901	0.000000
0	0	198	73.355600	-22.754900	-49.728700	32.458300	-57.293962	0.000000
0	0	199	81.056200	-30.028800	14.475900	2.867900	77.131404	0.000000
0	0	200	68.975400	-21.121500	-60.461300	31.228200	-54.628154	0.000000
0	0	201	95.945900	-1.268740	3.361970	-3.097320	55.337750	0.000000
0	0	202	101.968000	18.910000	27.467400	4.982470	27.727218	0.000000
0	0	203	112.799000	13.600500	-31.338100	34.589800	-33.269759	0.000000
0	0	204	89.869900	-14.375700	-3.133160	9.402570	-83.852377	0.000000
0	0	205	93.406400	12.402700	-14.151200	31.830700	-24.383664	0.000000
0	0	206	90.956100	-1.586920	2.392120	-6.357270	61.780045	0.000000
0	0	207	87.147800	41.668600	-0.942459	85.516000	-0.647847	0.000000
0	0	208	92.868700	-36.507100	33.957600	37.667900	68.536064	0.000000
0	0	209	69.364800	8.407960	-31.159100	12.526000	-37.449495	0.000000
0	0	210	80.110200	-33.194000	-23.873700	28.622200	-72.137829	0.000000
0	0	211	120.836000	-7.846130	-17.787000	46.775900	-56.901521	0.000000
0	0	212	136.352000	-15.222500	-1.065750	59.496100	-87.997586	0.000000
0	0	213	130.263000	3.754220	10.824500	28.589500	35.436058	0.000000
0	0	214	155.637000	-45.685600	-5.116940	45.190700	-86.804658	0.000000
0	0	215	152.542000	-32.012200	-26.647300	38.507000	-70.112819	0.000000
0	0	216	158.771000	-49.995000	-6.302180	50.510700	-86.407703	0.000000
0	0	217	132.659000	-97.639000	-40.487700	52.617900	-78.738907	5.095220
0	0	218	157.170000	-62.261800	-6.668380	71.389400	-86.943398	0.000000
0	0	219	132.247000	-5.980860	-8.979540	38.229200	-61.832882	0.000000
0	0	220	96.369100	-54.257500	23.325500	35.154700	78.368476	0.000000
0	0	221	148.388000	-31.996200	-29.950100	50.374100	-68.445902	0.000000
0	0	222	120.303000	-37.905300	-3.850120	50.122000	-87.100120	0.000000
0	0	223	115.227000	-32.880600	15.395000	51.007200	77.455287	0.000000
0	0	224	164.126000	-31.271500	-4.759120	60.977300	-85.673359	0.000000
0	0	225	117.864000	14.423400	-15.495000	17.117500	-23.525655	0.000000
0	0	226	150.245000	-13.353600	35.275600	6.688250	55.367095	0.000000
0	0	227	77.566600	-15.661200	-26.619200	96.057700	-60.235049	0.000000
0	0	228	141.247000	-36.881600	14.942800	89.932800	78.972188	0.000000
0	0	229	118.554000	-12.804800	-18.234200	64.492400	-62.539049	0.000000
0	0	230	128.522000	-23.674400	3.849480	48.392100	85.382239	0.000000
0	0	231	106.538000	-33.573700	-13.384100	51.591800	-79.132692	0.000000
0	0	232	112.930000	-38.107600	19.667900	65.247800	76.350534	0.000000
0	0	233	124.673000	-20.883000	16.837700	50.044300	70.560602	0.000000
0	0	234	159.531000	-53.795700	-11.866000	21.050900	-83.780574	0.000000
0	0	235	124.474000	-28.331300	-7.211480	43.160700	-82.859570	0.000000
0	0	236	132.132000	2.681650	-29.752100	55.108800	-42.424834	0.000000
0	0	237	147.897000	-44.830500	-20.073600	50.601400	-77.939380	0.000000
0	0	238	157.057000	-52.869100	-17.596600	63.307100	-80.795418	0.000000
0	0	239	130.363000	-42.917500	-11.924300	86.370100	-82.236227	0.000000
0	0	240	153.803000	-36.718100	-20.404400	61.961900	-75.469446	0.000000
0	0	241	114.528000	-28.281700	-0.166954	50.598300	-89.830886	0.000000
0	0	242	116.959000	-13.654600	-49.737400	17.776200	-52.675709	0.000000
0	0	243	113.410000	-21.727500	6.690200	6.737420	81.442836	0.000000
0	0	244	131.631000	-35.360800	-9.851490	55.726600	-82.216103	0.000000
0	0	245	154.519000	-46.649700	-70.608900	70.287000	-61.725918	0.000000
0	0	246	159.563000	-24.724500	-5.782180	64.027600	-83.418563	0.000000
0	0	247	181.178000	-1.858240	-39.455400	63.483200	-46.348240	0.000000
0	0	248	143.216000	-8.710600	-18.816700	80.818600	-57.420147	0.000000
0	0	249	167.716000	-47.178100	-21.216100	64.484400	-77.893220	0.000000
0	0	250	183.178000	-24.401000	-9.327730	51.164200	-79.539863	0.000000
0	0	251	180.383000	-53.632900	-4.057430	66.323900	-87.836854	0.000000
0	0	252	202.473000	-32.937200	-66.438000	76.020400	-58.185152	0.000000
0	0	253	162.170000	-47.726700	-17.645100	61.770700	-79.855039	0.000000
0	0	254	151.838000	-38.674900	-16.705000	67.103800	-78.319424	0.000000
0	0	255	158.526000	1.878510	-4.843060	108.164000	-34.399944	0.000000
0	0	256	204.981000	-13.860900	-4.918100	87.800600	-80.232194	0.000000
0	0	257	188.312000	-28.711400	-8.357190	102.212000	-81.885504	0.000000
0	0	258	154.306000	-28.605300	-37.943400	81.962900	-63.506210	0.000000
0	0	259	110.942000	-34.985400	-14.564600	76.224200	-78.698895	0.000000
0	0	260	203.735000	-60.770000	10.363700	57.586400	85.160951	0.000000
0	0	261	168.378000	-41.167800	-15.559100	82.161500	-79.648122	0.000000
0	0	262	154.246000	13.660700	-45.872200	84.108100	-36.708258	0.000000
0	0	263	170.671000	-1.547590	-3.344280	83.983000	-57.416342	0.000000
0	0	264	125.344000	1.234840	-49.580100	51.043200	-44.286644	0.000000
0	0	265	134.097000	-8.209440	-62.244000	36.597000	-48.756723	0.000000
0	0	266	207.178000	-59.481200	-27.383300	53.329200	-77.640061	0.000000
0	0	267	144.440000	22.354000	-25.025400	37.319100	-24.113550	0.000000
0	0	268	140.488000	-33.052900	-69.110300	53.090300	-57.780032	0.000000
0	0	269	170.990000	-36.550700	-34.461400	56.570400	-68.342628	0.000000
0	0	270	138.898000	-28.138800	-32.340100	47.468200	-65.513103	0.000000
0	0	271	184.868000	-56.466000	-97.914900	44.143900	-59.985690	4.657100
0	0	272	181.953000	-32.911700	-57.368400	106.658000	-59.921240	0.000000
0	0	273	178.175000	-38.865600	-37.312800	68.219200	-68.083870	0.000000
0	0	274	196.479000	-59.367100	-49.152100	104.170000	-70.188726	0.000000
0	0	275	203.392000	-75.615000	-59.466000	50.174000	-70.908691	0.000000
0	0	276	198.294000	-46.839800	-17.863100	70.046600	-79.562429	0.000000
0	0	277	206.551000	-74.104200	-78.654900	88.972300	-66.646830	4.912550
0	0	278	187.188000	-40.432800	-59.395800	66.310700	-62.122245	0.000000
0	0	279	235.457000	-99.809300	-74.866500	91.647300	-71.563302	4.282340
0	0	280	182.961000	-85.553900	-56.566900	120.486000	-73.263973	5.220360
0	0	281	180.820000	-83.531100	-47.966900	89.944100	-75.066917	0.000000
0	0	282	190.480000	-80.432300	-87.774000	109.073000	-66.250399	4.456790
0	0	283	198.674000	-93.230100	-24.077000	85.520800	-82.759777	0.000000
0	0	284	161.081000	-68.059300	-88.146300	55.470600	-63.836179	4.749430
0	0	285	215.899000	-59.635400	-44.592700	63.858000	-71.606247	0.000000
0	0	286	251.885000	-47.583000	-78.953100	105.774000	-60.538144	0.000000
0	0	287	168.088000	-51.458600	-54.433700	83.888000	-66.695334	0.000000
0	0	288	214.664000	-79.173100	-81.222800	107.254000	-67.133928	4.683370
0	0	289	159.855000	-52.621100	-99.515700	107.787000	-58.934313	4.670420
0	0	290	185.638000	-29.619800	-70.716000	43.633900	-56.363325	0.000000
0	0	291	208.032000	6.344860	-56.265100	59.129500	-41.783047	0.000000
0	0	292	126.336000	5.315200	-31.600500	106.714000	-40.226114	0.000000
0	0	293	113.295000	-0.829016	-64.218200	69.778700	-45.369805	0.000000
0	0	294	134.353000	-16.484000	-61.586200	13.948900	-52.492199	0.000000
0	0	295	114.942000	24.234900	-30.093200	49.114800	-25.577265	0.000000
0	0	296	118.555000	14.116000	-0.796192	48.098300	-1.614131	0.000000
0	0	297	130.120000	53.282100	-46.323300	28.165300	-20.501800	0.000000
0	0	298	141.989000	44.548300	2.633720	69.284800	1.691710	0.000000
0	0	299	105.353000	-10.326200	-40.766300	32.574500	-52.107093	0.000000
0	0	300	139.880000	53.574900	-45.258300	43.701300	-20.095008	0.000000
0	0	301	121.526000	51.539500	-46.881500	47.118000	-21.145184	0.000000
0	0	302	150.754000	41.255400	-7.241850	4.304360	-4.978049	0.000000
0	0	303	130.034000	17.298100	-35.844900	13.907700	-32.119442	0.000000
0	0	304	130.385000	59.337000	-38.276100	38.992900	-16.412281	0.000000
0	0	305	153.580000	61.393400	-15.455400	71.516700	-7.065117	0.000000
0	0	306	140.004000	47.787300	-50.124400	33.415500	-23.183680	0.000000
0	0	307	155.107000	40.374500	-9.491190	68.837400	-6.614416	0.000000
0	0	308	101.012000	37.675300	-56.890700	34.206600	-28.242939	0.000000
0	0	309	138.367000	31.800900	-35.576100	62.334100	-24.103493	0.000000
0	0	310	143.782000	67.967500	-71.058900	99.557400	-23.136911	5.400410
0	0	311	138.319000	31.417900	-2.319500	53.440300	-2.111167	0.000000
0	0	312	151.744000	47.566500	-18.398100	66.150900	-10.572909	0.000000
0	0	313	196.361000	54.167100	-1.091070	58.852700	-0.576967	0.000000
0	0	314	164.865000	-17.779600	25.179700	86.182500	62.613120	0.000000
0	0	315	162.857000	2.841160	18.177000	78.943700	40.558126	0.000000
0	0	316	148.764000	-19.183100	39.308900	49.606400	58.006398	0.000000
0	0	317	210.527000	28.008700	67.802400	74.856300	33.777410	0.000000
0	0	318	146.716000	-8.866500	84.441900	103.419000	47.997080	0.000000
0	0	319	224.197000	-10.192800	34.012200	60.038600	53.341229	0.000000
0	0	320	176.448000	22.495400	42.971100	47.340100	31.183956	0.000000
0	0	321	178.547000	-16.978500	38.948300	80.918400	56.776772	0.000000
0	0	322	145.205000	20.997200	42.778700	57.707100	31.928335	0.000000
0	0	323	136.117000	13.594300	58.095800	63.392700	38.414934	0.000000
0	0	324	133.279000	-5.819160	81.306300	42.307100	47.046863	0.000000
0	0	325	137.866000	21.929000	22.624100	40.782400	22.946917	0.000000
0	0	326	119.802000	-24.709200	46.575600	50.532100	58.973380	0.000000
0	0	327	107.851000	-41.612900	47.612900	21.266800	65.576465	0.000000
0	0	328	140.017000	-30.197500	-2.241130	20.355500	-87.877766	0.000000
0	0	329	146.396000	-10.882300	14.138100	-4.076080	63.792999	0.000000
0	0	330	114.339000	-28.042400	51.237800	70.766200	59.345923	0.000000
0	0	331	129.473000	-40.111500	51.234100	-8.167310	64.028808	0.000000
0	0	332	162.051000	-60.929400	47.834400	8.733920	70.932641	0.000000
0	0	333	123.815000	-22.376400	45.322500	-4.076770	58.138123	0.000000
0	0	334	98.336000	-45.585100	22.164500	21.344100	77.034969	0.000000
0	0	335	120.120000	-60.268900	39.888800	-11.831300	73.250765	0.000000
0	0	336	117.906000	-58.745100	52.242400	-13.475900	69.176548	0.000000
0	0	337	107.602000	-43.238400	31.282000	4.947030	72.057558	0.000000
0	0	338	148.769000	-31.447200	65.178500	18.773100	57.878146	0.000000
0	0	339	104.894000	-62.225400	61.492300	-9.880430	67.669754	0.000000
0	0	340	74.274900	-33.849900	23.539900	49.131400	72.592237	0.000000
0	0	341	118.222000	-73.961900	30.770200	40.383700	78.705668	0.000000
0	0	342	116.275000	-60.678200	15.575000	2.502670	82.801999	0.000000
0	0	343	112.541000	-53.306500	14.710400	-30.659100	82.286343	0.000000
0	0	344	123.757000	-76.848400	-1.068890	-0.078031	-89.601560	0.000000
0	0	345	117.772000	-28.942900	32.171000	-0.454742	65.988194	0.000000
0	0	346	143.517000	-51.934000	9.089000	-43.433700	85.036583	0.000000
0	0	347	88.979000	-21.996400	-17.160200	-17.856400	-71.020449	0.000000
0	0	348	113.716000	-40.824800	5.884400	-42.128100	85.898999	0.000000
0	0	349	89.627000	-59.582600	39.479700	-20.471600	73.235683	0.000000
0	0	350	144.832000	-30.108500	-15.200800	-21.440400	-76.606139	0.000000
0	0	351	100.945000	-68.752800	7.186390	-19.055500	87.016412	0.000000
0	0	352	139.408000	-62.117000	-7.624820	-73.568400	-86.500994	0.000000
0	0	353	133.951000	-58.645200	-19.233400	-52.334000	-80.921236	0.000000
0	0	354	159.431000	-28.186000	20.889800	-65.087300	71.728170	0.000000
0	0	355	154.861000	-70.805300	-15.996800	-32.871200	-83.634547	0.000000
0	0	356	133.680000	-56.598600	-16.865300	-9.075990	-81.703475	0.000000
0	0	357	109.209000	-1.983830	28.610100	-13.566800	46.983276	0.000000
0	0	358	111.810000	-13.806100	19.780400	-35.543200	62.456917	0.000000
0	0	359	99.472600	-33.595700	13.420200	-3.965920	79.112588	0.000000
0	0	360	125.142000	9.840140	-2.845580	-15.471800	-8.064428	0.000000
0	0	361	96.484100	-2.376460	9.587100	-73.430500	51.960959	0.000000
0	0	362	90.821000	-41.663100	3.225260	-28.517700	87.786699	0.000000
0	0	363	81.131300	1.890430	-11.027800	-25.424600	-40.136337	0.000000
0	0	364	105.735000	-36.412200	-2.228050	-24.296900	-88.249228	0.000000
0	0	365	118.607000	-14.426400	1.110760	-5.610970	87.798600	0.000000
0	0	366	123.205000	-16.693300	-14.111600	-9.783880	-69.895327	0.000000
0	0	367	88.856300	-15.957100	8.628120	-36.824700	75.799794	0.000000
0	0	368	86.152100	-8.877840	28.963000	-35.826100	53.520766	0.000000
0	0	369	101.591000	0.429435	7.873870	-43.924900	43.439112	0.000000
0	0	370	104.184000	-10.081600	13.258200	-31.741700	63.624768	0.000000
0	0	371	71.877900	-13.460300	-16.298300	-31.518500	-64.776163	0.000000
0	0	372	57.879400	-8.989040	-3.175620	-61.363400	-80.271432	0.000000
0	0	373	85.170300	-11.564100	-20.603900	-13.091300	-59.651830	0.000000
0	0	374	70.662900	-13.188800	12.141600	-19.656400	68.683676	0.000000
0	0	375	87.626600	-6.211370	30.877300	-20.063700	50.686995	0.000000
0	0	376	90.136200	28.024600	20.932700	-34.418500	18.378766	0.000000
0	0	377	43.768600	-15.603100	-27.846700	-35.218100	-59.631420	0.000000
0	0	378	76.504200	-11.548400	20.076700	-19.894800	59.954059	0.000000
0	0	379	64.301300	-17.051300	6.796740	15.934000	79.133754	0.000000
0	0	380	131.323000	0.883006	16.839800	-31.510400	43.499204	0.000000
0	0	381	140.408000	-19.000500	-12.410800	-32.737900	-73.424060	0.000000
0	0	382	79.209000	-1.602240	-11.471300	0.396678	-48.975639	0.000000
0	0	383	101.449000	-29.152200	31.144000	-18.477400	66.554001	0.000000
0	0	384	80.789700	42.751000	-52.406200	-12.651000	-25.396866	0.000000
0	0	385	53.294300	-20.235400	27.753000	-12.220500	63.048359	0.000000
0	0	386	97.774100	-2.217950	-16.325400	-33.345600	-48.868385	0.000000
0	0	387	84.370800	-5.443520	3.176440	12.242300	74.867646	0.000000
0	0	388	90.689800	-19.278500	-4.033620	-11.456200	-84.091270	0.000000
0	0	389	87.512000	-3.443930	-8.460820	15.122200	-56.074255	0.000000
0	0	390	86.622700	14.957700	-15.958500	-13.980400	-23.427048	0.000000
0	0	391	80.189200	8.526660	-11.303300	3.602800	-26.485437	0.000000
0	0	392	80.064600	14.964200	-6.756650	-0.249012	-12.150087	0.000000
0	0	393	88.768500	-4.543330	-14.017800	4.162860	-53.979052	0.000000
0	0	394	55.559700	-30.253900	5.305150	-29.953000	85.027031	0.000000
0	0	395	53.549100	-14.680800	-0.360384	8.644650	-89.296893	0.000000
0	0	396	83.492900	-27.921000	-9.933990	-20.161700	-80.207496	0.000000
0	0	397	89.808200	-11.544100	19.184500	-18.618000	60.518523	0.000000
0	0	398	81.406200	-6.257480	17.647900	-25.777500	54.761582	0.000000
0	0	399	71.668400	-4.642020	-23.031000	-26.662900	-50.697796	0.000000
0	0	400	78.784400	-5.832370	-35.093100	1.408230	-49.718070	0.000000
0	0	401	65.146800	-36.509700	-9.042670	16.522400	-83.044505	0.000000
0	0	402	71.779600	-27.089000	5.241840	4.124180	84.524184	0.000000
0	0	403	92.195400	4.692160	6.458260	-21.386600	27.000118	0.000000
0	0	404	58.882500	-33.749300	6.290870	21.012500	84.720620	0.000000
0	0	405	79.165000	-7.817240	27.336300	-9.188550	52.979352	0.000000
0	0	406	68.065000	-11.972700	11.487300	14.045400	68.092656	0.000000
0	0	407	48.707800	-34.736300	-16.973700	-4.567170	-76.978905	0.000000
0	0	408	45.349500	20.172200	19.107000	-5.398970	21.723297	0.000000
0	0	409	57.027000	4.855670	-12.651900	-3.070710	-34.501854	0.000000
0	0	410	84.336900	20.060000	-10.015200	31.196800	-13.265612	0.000000
0	0	411	57.655400	34.167200	-9.533410	13.607600	-7.795143	0.000000
0	0	412	72.970500	-9.499580	2.431220	-10.155700	82.822235	0.000000
0	0	413	118.967000	-15.163500	4.135350	-35.913800	82.372704	0.000000
0	0	414	84.166700	-3.198790	-5.960300	10.423600	-59.110843	0.000000
0	0	415	70.621000	-42.627800	4.328150	-17.633300	87.101213	0.000000
0	0	416	57.851200	12.602600	0.614197	14.460400	1.395072	0.000000
0	0	417	56.449400	12.105800	34.747400	3.156350	35.395974	0.000000
0	0	418	85.751100	-16.901300	-9.761360	-29.992100	-74.995691	0.000000
0	0	419	96.591600	19.867400	-2.259360	-12.320900	-3.243958	0.000000
0	0	420	61.819300	-10.914900	-38.915800	-31.685000	-52.833734	0.000000
0	0	421	19.857400	33.627700	-12.576600	19.567000	-10.252779	0.000000
0	0	422	67.947000	9.420400	-33.949500	-4.463870	-37.245792	0.000000
0	0	423	45.419200	22.683300	-5.717050	10.211200	-7.073041	0.000000
0	0	424	61.257100	50.705400	-40.266500	-10.726600	-19.227010	0.000000
0	0	425	82.478900	-4.786270	-29.621100	23.318000	-49.589349	0.000000
0	0	426	115.258000	22.913300	20.389500	23.845200	20.832213	0.000000
0	0	427	82.239700	12.727700	7.380640	-19.885400	15.054465	0.000000
0	0	428	47.071600	20.834100	-15.063900	17.748200	-17.934228	0.000000
0	0	429	61.010700	-20.430000	11.494700	45.026400	75.318114	0.000000
0	0	430	92.645400	21.477300	-2.359460	16.813900	-3.134639	0.000000
0	0	431	83.889800	35.591200	-10.003200	-27.292700	-7.849228	0.000000
0	0	432	78.776900	21.499600	19.767800	21.938400	21.298487	0.000000
0	0	433	54.965000	51.468400	7.754230	31.291300	4.283873	0.000000
0	0	434	89.515500	4.247570	25.022600	5.965170	40.182957	0.000000
0	0	435	64.572700	33.261500	-30.632300	-9.958120	-21.321817	0.000000
0	0	436	95.982400	31.989500	-69.478400	-20.955900	-32.638769	0.000000
0	0	437	86.547700	-19.853400	-11.399400	-13.594300	-75.068237	0.000000
0	0	438	88.358500	26.948600	-39.004700	-5.157240	-27.679577	0.000000
0	0	439	82.870000	41.359000	-29.185700	36.441300	-17.604687	0.000000
0	0	440	62.900400	29.294600	10.129500	-11.862000	9.537193	0.000000
0	0	441	61.483200	67.818600	3.366850	35.174500	1.421056	0.000000
0	0	442	89.107300	69.408500	-70.382300	1.908850	-22.699562	5.375200
0	0	443	78.977600	15.173600	-41.538200	5.140680	-34.966561	0.000000
0	0	444	63.714800	39.533700	-9.857850	-0.360553	-7.000676	0.000000
0	0	445	68.824500	27.966200	-14.406300	-0.471653	-13.627235	0.000000
0	0	446	63.251600	17.074900	-44.582000	-9.266030	-34.521583	0.000000
0	0	447	108.400000	19.554600	-12.407600	18.145000	-16.197779	0.000000
0	0	448	87.471400	32.991200	-19.757200	-17.084400	-15.457910	0.000000
0	0	449	79.538800	37.309800	-19.048100	13.639000	-13.523037	0.000000
0	0	450	88.898700	24.069400	-28.115400	-27.192100	-24.716698	0.000000
0	0	451	88.910400	57.328900	-59.274500	33.653800	-22.977963	0.000000
0	0	452	89.210300	52.269500	12.925900	-7.876890	6.945097	0.000000
0	0	453	91.295900	54.972400	-34.525200	11.536600	-16.065357	0.000000
0	0	454	105.517000	48.531200	-15.149000	-3.518800	-8.667869	0.000000
0	0	455	104.284000	84.221900	-33.476200	49.526100	-10.838321	0.000000
0	0	456	104.202000	69.779800	-12.871700	7.705900	-5.225697	0.000000
0	0	457	65.686400	90.927400	-16.452800	32.986000	-5.128187	0.000000
0	0	458	106.219000	26.293200	-28.480400	-10.814400	-23.643350	0.000000
0	0	459	53.686400	34.636800	-66.306500	-11.813200	-31.209299	0.000000
0	0	460	111.652000	57.281300	-14.308500	8.148820	-7.012555	0.000000
0	0	461	93.297800	67.883400	-0.774879	3.130370	-0.326997	0.000000
0	0	462	82.344800	30.158900	-14.536800	10.441300	-12.867195	0.000000
0	0	463	96.290100	39.559400	-20.157200	-15.813100	-13.500390	0.000000
0	0	464	78.365300	49.996400	22.974200	-15.745100	12.339795	0.000000
0	0	465	104.614000	76.543800	-21.951800	-4.587910	-8.001113	0.000000
0	0	466	93.834500	48.791600	-15.144600	-14.180300	-8.622004	0.000000
0	0	467	74.150400	50.561800	-32.148000	-15.784500	-16.224426	0.000000
0	0	468	65.815300	57.686500	-6.332700	2.148340	-3.132361	0.000000
0	0	469	102.949000	37.588400	-9.149170	28.296000	-6.840004	0.000000
0	0	470	158.184000	45.876200	-35.842900	5.664730	-19.000188	0.000000
0	0	471	121.558000	75.777500	-51.030000	0.207145	-16.978535	0.000000
0	0	472	49.258000	70.123600	-39.972300	-2.570250	-14.842140	0.000000
0	0	473	78.424200	65.081700	-52.571000	8.762000	-19.465107	0.000000
0	0	474	37.267200	28.284600	-6.210060	-0.774553	-6.191582	0.000000
0	0	475	67.377400	55.454600	-18.703900	-41.614100	-9.319191	0.000000
0	0	476	96.160600	72.775000	-34.574500	-7.191130	-12.705907	0.000000
0	0	477	77.473000	19.145800	-41.059500	-9.269980	-32.500321	0.000000
0	0	478	51.624100	51.520600	-9.823020	4.012770	-5.397285	0.000000
0	0	479	91.767300	68.956400	-30.112100	20.241600	-11.795042	0.000000
0	0	480	73.875600	70.143000	-5.948220	18.984700	-2.423581	0.000000
0	0	481	100.310000	29.975600	-32.950300	1.302720	-23.853266	0.000000
0	0	482	63.551200	56.650500	-13.916500	-2.346370	-6.900860	0.000000
0	0	483	59.899700	56.196700	-2.211150	32.015200	-1.126616	0.000000
0	0	484	88.116600	72.749200	-12.161100	-6.432230	-4.745043	0.000000
0	0	485	71.272800	7.090970	-23.838900	4.612850	-36.717347	0.000000
0	0	486	54.143600	7.136630	40.268700	-20.915400	39.975047	0.000000
0	0	487	-0.637379	2.226730	-59.999800	-19.642300	-43.937299	0.000000
0	0	488	-20.180000	-30.391800	7.765260	19.358700	82.833639	0.000000
0	0	489	33.987200	0.483289	-2.955260	0.705279	-40.356169	0.000000
0	0	490	-16.910700	-1.191480	-13.458800	-26.261500	-47.529545	0.000000
0	0	491	-8.699940	-20.669700	10.874400	-20.402500	76.125494	0.000000
0	0	492	0.629636	-26.764500	18.843900	-51.484600	72.426016	0.000000
0	0	493	-4.454090	7.059110	-7.406420	12.782600	-23.187689	0.000000
0	0	494	38.951900	8.039510	11.606900	-22.795900	27.645811	0.000000
0	0	495	-5.590630	-11.514400	-9.752320	-0.565788	-69.868246	0.000000
0	0	496	-13.455400	-6.346660	0.894650	2.796660	85.988115	0.000000
0	0	497	14.921500	-25.421300	-34.738800	5.548920	-63.098035	0.000000
0	0	498	20.149600	6.068530	11.956300	11.403700	31.544755	0.000000
0	0	499	51.873500	0.368602	31.814900	-9.551220	44.668105	0.000000
0	0	500	8.760070	-19.208300	9.065910	-13.251600	77.366842	0.000000
0	0	501	0.971598	12.885900	32.983200	19.771100	34.330186	0.000000
0	0	502	29.474100	-18.012200	0.118462	12.568900	89.811592	0.000000
0	0	503	0.756321	4.102270	-13.147600	15.567600	-36.335605	0.000000
0	0	504	10.579100	33.133300	-2.797190	19.408400	-2.412800	0.000000
0	0	505	-5.416490	11.600300	7.245750	-27.748900	15.994810	0.000000
0	0	506	16.585800	-23.055000	50.432200	-33.548800	57.283717	0.000000
0	0	507	-19.570500	-19.691600	-5.068380	-52.687500	-82.783029	0.000000
0	0	508	-2.587010	3.726820	-16.046700	-0.180337	-38.462473	0.000000
0	0	509	2.489240	-14.327100	34.430200	-13.329900	56.296589	0.000000
0	0	510	12.474800	54.419600	-28.854900	16.126600	-13.966937	0.000000
0	0	511	-8.601430	17.041600	5.372190	-32.615200	8.748462	0.000000
0	0	512	45.341100	17.632600	24.954500	-13.857900	27.377677	0.000000
0	0	513	-13.923600	-26.162200	0.636353	7.855400	89.303324	0.000000
0	0	514	11.857600	2.939510	1.393600	-8.644510	12.682642	0.000000
0	0	515	-15.267400	-14.134200	1.029410	-14.045100	87.917219	0.000000
0	0	516	21.127000	13.378400	22.506200	0.044003	29.635703	0.000000
0	0	517	-7.524010	22.952000	-3.765080	-23.440400	-4.657957	0.000000
0	0	518	-9.969650	-12.867000	1.577780	-21.865300	86.504582	0.000000
0	0	519	20.942300	-26.596100	-12.655500	26.757700	-77.276503	0.000000
0	0	520	-17.123400	-8.123460	33.452100	9.064790	51.824707	0.000000
0	0	521	-31.838700	11.526900	18.770600	8.092830	29.223096	0.000000
0	0	522	15.156200	19.178100	13.855100	-2.623900	17.922998	0.000000
0	0	523	-31.318500	16.793000	13.728900	9.573710	19.633636	0.000000
0	0	524	8.407880	-17.649800	-47.419800	5.884590	-55.207713	0.000000
0	0	525	5.927650	16.682000	-31.776800	3.000780	-31.150843	0.000000
0	0	526	24.401400	10.092000	9.994160	6.868370	22.360457	0.000000
0	0	527	9.964270	25.220800	-9.698000	38.726700	-10.516472	0.000000
0	0	528	-13.297900	2.245480	4.701740	1.572770	32.235782	0.000000
0	0	529	-18.257700	15.258000	-27.061500	16.599700	-30.292265	0.000000
0	0	530	-30.742600	-3.901780	11.340200	18.414500	54.493305	0.000000
0	0	531	6.929920	19.703100	14.623600	53.777900	18.291364	0.000000
0	0	532	-27.772300	-11.329500	9.928190	-25.846700	69.385745	0.000000
0	0	533	-5.998950	34.498400	-14.822100	-13.745000	-11.625293	0.000000
0	0	534	10.957200	13.233000	-11.305200	-28.986600	-20.253943	0.000000
0	0	535	46.380600	18.987700	-18.102300	16.855800	-21.816257	0.000000
0	0	536	-1.283740	9.506160	-12.557700	8.684450	-26.437167	0.000000
0	0	537	-28.420000	3.625700	-8.196990	12.940500	-33.069596	0.000000
0	0	538	-20.063300	21.662800	25.684700	1.221550	24.927647	0.000000
0	0	539	-12.667500	25.155000	18.915800	-18.708300	18.471030	0.000000
0	0	540	-1.776660	3.325510	-3.579250	1.979290	-23.552295	0.000000
0	0	541	-23.235200	-10.200700	2.538120	-8.926330	83.013751	0.000000
0	0	542	6.138480	53.879100	24.297400	6.306230	12.136771	0.000000
0	0	543	-1.821720	-23.314500	2.588920	-55.457600	86.831822	0.000000
0	0	544	-17.064700	-16.511300	32.951100	-17.660100	58.307380	0.000000
0	0	545	-10.250600	7.630980	16.728900	-11.629200	32.739819	0.000000
0	0	546	-11.984500	-30.542200	3.064720	-9.870430	87.134953	0.000000
0	0	547	-8.503300	-17.435800	-14.764000	-43.679100	-69.871645	0.000000
0	0	548	-31.701500	-1.147190	20.811700	15.717600	46.577543	0.000000
0	0	549	17.116700	2.970600	-11.013800	-36.203800	-37.452792	0.000000
0	0	550	44.656400	-4.197850	5.523990	4.731920	63.616160	0.000000
0	0	551	-27.625700	-3.820090	19.027000	-6.925480	50.676230	0.000000
0	0	552	8.147210	-0.430074	0.631750	3.709940	62.122854	0.000000
0	0	553	9.459110	-15.897300	12.044000	4.457750	71.425980	0.000000
0	0	554	28.859900	2.352810	6.392750	5.119250	34.897095	0.000000
0	0	555	16.368500	-10.168200	5.205030	-13.001200	76.446206	0.000000
0	0	556	24.729800	-13.726600	-23.745800	-5.003060	-60.015338	0.000000
0	0	557	4.053030	20.577600	11.019900	28.384800	14.085169	0.000000
0	0	558	31.193400	-20.793100	-1.203360	-9.563180	-88.343907	0.000000
0	0	559	-19.403900	-5.695090	-2.334990	20.281600	-78.853172	0.000000
0	0	560	9.538880	-0.815362	-5.217800	12.775400	-49.440762	0.000000
0	0	561	-4.097510	-12.577900	-24.037600	-15.930200	-58.810618	0.000000
0	0	562	19.417000	12.698200	15.833000	-24.349100	25.635046	0.000000
0	0	563	30.058000	-20.906600	-4.926920	-26.663500	-83.369717	0.000000
0	0	564	-17.462200	-35.190500	-16.039600	7.762580	-77.748406	0.000000
0	0	565	-6.646520	-32.756600	-4.900080	-6.547270	-85.746088	0.000000
0	0	566	4.326250	19.206200	26.494000	-20.488100	27.030326	0.000000
0	0	567	11.199400	-15.508100	-13.151200	-0.571332	-69.850672	0.000000
0	0	568	0.206179	-14.718600	-0.695690	17.518800	-88.646935	0.000000
0	0	569	-20.069000	-18.121600	-9.739030	15.999700	-75.872617	0.000000
0	0	570	-17.803300	5.604880	-2.346780	-9.413430	-11.359603	0.000000
0	0	571	8.232900	6.855210	26.401100	1.094510	37.722117	0.000000
0	0	572	-11.007800	-31.636600	-13.070500	-4.905040	-78.776141	0.000000
0	0	573	-17.500700	-15.958200	6.058290	-2.881390	79.605745	0.000000
0	0	574	10.355400	-14.040200	-14.408600	4.023390	-67.129043	0.000000
0	0	575	-27.820900	-21.533800	20.383000	-4.239160	68.286313	0.000000
0	0	576	-13.811400	-31.118100	-7.600640	44.574900	-83.137084	0.000000
0	0	577	18.455500	8.691640	-4.323020	9.535960	-13.222343	0.000000
0	0	578	-3.644300	27.188600	6.098080	-0.832188	6.320778	0.000000
0	0	579	-25.341400	8.630860	-3.487390	2.634050	-11.000845	0.000000
0	0	580	-6.867540	11.789400	-5.674660	30.178100	-12.851588	0.000000
0	0	581	9.240530	12.404000	7.564670	30.737600	15.688616	0.000000
0	0	582	-1.417630	-3.798140	27.196300	10.103400	48.975153	0.000000
0	0	583	3.851760	-0.911416	23.717600	-5.745330	46.100335	0.000000
0	0	584	-13.685200	-39.782000	7.917460	-1.521370	84.372002	0.000000
0	0	585	15.869500	22.391100	29.600700	1.569850	26.447374	0.000000
0	0	586	-33.365400	-21.581200	12.492500	-35.536400	74.967577	0.000000
0	0	587	7.396040	3.525000	-0.212273	6.864340	-1.723075	0.000000
0	0	588	-25.903000	-7.406440	-9.707010	-34.585600	-63.671800	0.000000
0	0	589	1.537460	2.075790	1.002480	8.226900	12.888855	0.000000
0	0	590	-13.828900	-12.350900	0.475910	-3.325900	88.896673	0.000000
0	0	591	-7.344630	22.896800	-28.092300	-14.942500	-25.409018	0.000000
0	0	592	23.478600	-6.368350	-14.425700	-11.030300	-56.909738	0.000000
0	0	593	16.781900	-42.685700	-4.082170	-15.525500	-87.268617	0.000000
0	0	594	-13.128000	-33.273800	-7.881320	-12.913800	-83.337177	0.000000
0	0	595	25.876700	-5.303800	11.770900	-28.996700	57.127825	0.000000
0	0	596	-8.841640	0.731787	7.727670	17.248900	42.295197	0.000000
0	0	597	30.097300	-10.911900	-27.723900	-43.695900	-55.742096	0.000000
0	0	598	5.110740	1.495510	-1.245410	-18.016000	-19.893192	0.000000
0	0	599	-14.838800	33.502300	-34.516200	21.337000	-22.927001	0.000000
0	0	600	0.202008	-12.874100	-7.229370	4.110690	-75.341942	0.000000
0	0	601	29.230600	-7.747720	-17.692300	17.906400	-56.824661	0.000000
0	0	602	-18.054100	25.103700	10.802600	-34.891700	11.641565	0.000000
0	0	603	-28.533900	-2.072030	-4.111950	9.081460	-58.371870	0.000000
0	0	604	8.621790	-6.382360	10.665400	9.854080	60.448516	0.000000
0	0	605	-1.572180	28.874000	25.830200	3.878340	20.907643	0.000000
0	0	606	26.658000	-32.762900	-3.548100	-12.012800	-86.909584	0.000000
0	0	607	1.533240	22.716400	-17.642900	25.791600	-18.917514	0.000000
0	0	608	6.456110	-13.240400	10.309700	11.661400	71.046861	0.000000
0	0	609	4.284190	-4.762160	-32.827400	14.488600	-49.127063	0.000000
0	0	610	61.721600	10.854300	5.281150	-8.144090	12.972598	0.000000
0	0	611	-4.503750	-5.044440	12.445600	-29.621100	56.031827	0.000000
0	0	612	32.303200	43.648000	-6.904550	14.513400	-4.494484	0.000000
0	0	613	10.988800	-21.312800	-27.899500	7.252040	-63.688346	0.000000
0	0	614	5.820220	21.372100	-4.537170	16.064500	-5.992805	0.000000
0	0	615	39.610200	-10.042100	-46.749600	31.308100	-51.061631	0.000000
0	0	616	-31.942700	2.749000	27.051100	15.420300	42.098690	0.000000
0	0	617	-1.453060	1.420670	-12.664300	14.977500	-41.799685	0.000000
0	0	618	10.479600	-31.088900	3.246440	-1.329400	87.019264	0.000000
0	0	619	-10.806700	0.339417	-3.712210	7.679010	-42.387912	0.000000
0	0	620	-3.149090	8.648040	20.274200	-15.905800	33.449569	0.000000
0	0	621	0.819958	-7.430610	15.801400	1.066890	57.592630	0.000000
0	0	622	8.720810	11.786800	13.518800	-14.544300	24.457704	0.000000
0	0	623	26.644800	16.085200	10.543600	-3.948920	16.622111	0.000000
0	0	624	-22.811000	22.882600	7.457270	-56.895000	9.025203	0.000000
0	0	625	9.453340	14.022700	15.051200	8.945570	23.513007	0.000000
0	0	626	-0.104001	42.499800	-29.878700	0.295661	-17.554214	0.000000
0	0	627	-16.491000	-9.618180	26.623600	21.754600	54.931512	0.000000
0	0	628	-0.172323	16.018800	-19.041900	-2.250540	-24.964063	0.000000
0	0	629	34.610000	-18.617000	5.392000	15.520900	81.923758	0.000000
0	0	630	-2.421600	8.320820	30.094100	16.537400	37.272115	0.000000
0	0	631	5.446270	3.120360	32.735500	0.549520	42.277498	0.000000
0	0	632	38.548000	2.184730	0.592661	-29.285000	7.588801	0.000000
0	0	633	-23.728100	19.393500	-6.166390	30.695100	-8.819335	0.000000
0	0	634	29.219700	-26.194700	-5.504250	-12.893700	-84.066588	0.000000
0	0	635	-4.659790	19.627400	0.494707	13.151700	0.721915	0.000000
0	0	636	8.846530	-9.318970	-5.133950	21.899600	-75.574510	0.000000
0	0	637	24.612300	-6.733500	53.019700	2.562730	48.618908	0.000000
0	0	638	-33.174300	-9.283770	-52.654600	-12.840000	-49.999654	0.000000
0	0	639	28.899300	10.896500	-25.230600	2.501790	-33.320813	0.000000
0	0	640	14.593800	-7.853480	19.230200	-9.315380	56.107382	0.000000
0	0	641	28.398900	-11.949200	6.934050	19.585800	74.936830	0.000000
0	0	642	5.696190	38.924700	10.771500	31.781300	7.734091	0.000000
0	0	643	-14.252600	10.367000	22.935300	-28.317300	32.838262	0.000000
0	0	644	-36.811400	-10.788800	5.687110	-30.577800	76.102450	0.000000
0	0	645	-11.407300	16.221800	5.534340	9.329040	9.418969	0.000000
0	0	646	5.087560	15.143200	24.627700	-13.865600	29.206635	0.000000
0	0	647	7.651490	-6.093840	-33.137800	-11.411500	-50.209965	0.000000
0	0	648	17.800600	5.422780	-24.820500	34.021600	-38.837842	0.000000
0	0	649	14.150900	-15.719200	-34.963700	12.517300	-57.104015	0.000000
0	0	650	-23.030200	12.247000	10.922700	-10.533500	20.864365	0.000000
0	0	651	-29.948300	1.060850	-34.095600	20.804900	-44.108937	0.000000
0	0	652	-10.389800	-2.565030	3.018150	9.931750	65.180078	0.000000
0	0	653	-17.956200	-10.101000	14.691900	11.046100	62.254684	0.000000
0	0	654	19.011500	15.060400	2.284280	-16.274200	4.312289	0.000000
0	0	655	-31.394400	8.489470	-5.332260	-0.018780	-16.066523	0.000000
0	0	656	23.112200	23.268000	9.782900	-29.218000	11.402023	0.000000
0	0	657	8.898330	17.604600	-44.850700	-11.782900	-34.284609	0.000000
0	0	658	-10.896600	-2.000660	-6.825880	-10.626200	-53.167909	0.000000
0	0	659	-24.465500	-32.433100	26.762500	-24.002400	70.235956	0.000000
0	0	660	8.246180	-5.547330	-7.729380	-27.719400	-62.833389	0.000000
0	0	661	-5.341160	-25.702900	34.452000	-7.267470	63.362382	0.000000
0	0	662	7.229790	-25.286300	-4.448870	-15.940500	-85.010754	0.000000
0	0	663	1.999200	21.091900	0.645489	30.480000	0.876456	0.000000
0	0	664	3.322670	11.560900	-15.780700	39.147100	-26.886796	0.000000
0	0	665	-7.453200	11.824300	15.488000	0.794103	26.320054	0.000000
0	0	666	17.496300	-11.051200	20.900000	-7.541260	58.934172	0.000000
0	0	667	-42.010300	-13.972800	-13.443900	21.373900	-68.052583	0.000000
0	0	668	-9.837020	14.986000	-14.489400	-2.792440	-22.017388	0.000000
0	0	669	-31.033700	-2.450380	-6.353120	-26.489100	-55.545741	0.000000
0	0	670	-17.771900	-10.925000	-16.897800	14.704300	-61.442018	0.000000
0	0	671	-3.174090	-9.920600	-40.360000	2.842340	-51.904842	0.000000
0	0	672	5.384760	-20.693000	21.065200	-3.330330	67.244662	0.000000
0	0	673	5.513280	26.646000	2.962220	-28.995100	3.171746	0.000000
0	0	674	-16.294600	23.216000	-12.164300	13.817200	-13.826413	0.000000
0	0	675	-4.783080	3.561790	-8.586240	8.781580	-33.735044	0.000000
0	0	676	-4.527800	7.015370	13.619000	4.656180	31.373131	0.000000
0	0	677	11.945400	-18.734700	-11.062700	-50.207600	-74.719234	0.000000
0	0	678	69.911100	-2.162630	4.774900	-19.955400	57.183273	0.000000
0	0	679	31.046500	-12.288200	-10.361200	13.258100	-69.931493	0.000000
0	0	680	-20.178800	-20.853300	-17.940200	51.276800	-69.647211	0.000000
0	0	681	11.245100	-15.798300	-10.047000	-49.783100	-73.772748	0.000000
0	0	682	19.839300	18.156100	1.383240	6.532160	2.178359	0.000000
0	0	683	0.004929	31.974600	-27.095300	24.860300	-20.138983	0.000000
0	0	684	20.593000	-12.678600	-23.541300	-9.748110	-59.152751	0.000000
0	0	685	44.978600	36.421500	-9.304800	-23.399300	-7.165564	0.000000
0	0	686	17.996900	9.352680	16.217700	-2.569000	30.014065	0.000000
0	0	687	-4.903370	10.054600	25.271200	-23.148500	34.151989	0.000000
0	0	688	17.317400	16.727100	7.836930	-10.902300	12.551943	0.000000
0	0	689	-9.910470	-33.287600	4.222670	-65.495800	86.385204	0.000000
0	0	690	29.916000	43.723500	-18.129400	-23.504200	-11.260363	0.000000
0	0	691	-4.680500	5.608440	-28.177100	-20.688900	-39.371414	0.000000
0	0	692	-7.768500	10.438100	10.481900	10.096300	22.559980	0.000000
0	0	693	21.774400	-11.151000	-34.170100	-7.872500	-54.036735	0.000000
0	0	694	11.226400	-5.735420	-16.133300	-1.410000	-54.785200	0.000000
0	0	695	0.655391	18.818400	1.647190	22.181600	2.501199	0.000000
0	0	696	0.763044	-11.669800	2.378900	1.024070	84.239034	0.000000
0	0	697	45.952600	19.376200	22.228900	-2.729930	24.461205	0.000000
0	0	698	-24.254400	0.624306	4.609470	3.465250	41.143401	0.000000
0	0	699	30.840400	-3.317900	-9.103510	-10.239000	-55.012484	0.000000
0	0	700	-0.941364	-25.186700	-28.075700	-5.711280	-65.947634	0.000000
0	0	701	20.800200	-26.485900	-17.013000	15.412900	-73.642836	0.000000
0	0	702	41.684300	-7.889900	28.040500	-22.962200	52.857641	0.000000
0	0	703	42.791900	0.337004	32.893700	-19.562400	44.706506	0.000000
0	0	704	-41.817100	-24.397900	9.568860	-5.111680	79.292441	0.000000
0	0	705	12.938800	-25.345000	4.114520	16.230900	85.389509	0.000000
0	0	706	26.369400	-12.749400	-18.914600	-31.431300	-61.990984	0.000000
0	0	707	-9.861340	3.879680	28.119100	9.124940	41.072160	0.000000
0	0	708	15.252800	-2.145530	34.350500	17.866400	46.787024	0.000000
0	0	709	11.008300	-32.316800	-10.715100	-0.529576	-80.828159	0.000000
0	0	710	-8.493370	38.913100	-1.099040	9.980580	-0.808900	0.000000
0	0	711	10.246300	16.099500	-43.319100	9.162010	-34.806234	0.000000
0	0	712	-17.628800	7.899630	31.200600	20.478900	37.895975	0.000000
0	0	713	-43.546200	-11.755500	-44.043900	7.470440	-52.472060	0.000000
0	0	714	-3.828320	9.462980	-9.267770	-31.793300	-22.201445	0.000000
0	0	715	-22.808700	-2.641810	6.337190	6.715330	56.314994	0.000000
0	0	716	-0.150295	-10.348000	-5.916380	-13.014700	-75.120804	0.000000
0	0	717	-63.120800	7.386460	-37.968100	13.091700	-39.495486	0.000000
0	0	718	-0.694563	-1.714520	-26.534100	12.892000	-46.848534	0.000000
0	0	719	33.979800	-1.596760	-42.871000	9.900480	-46.066517	0.000000
0	0	720	11.472900	8.122310	-14.634300	-9.053400	-30.484453	0.000000
0	0	721	-9.818550	13.064800	-12.825900	-7.904180	-22.235666	0.000000
0	0	722	5.582840	-1.713370	-20.196200	3.706540	-47.424574	0.000000
0	0	723	37.759400	7.361590	-20.828500	-23.545300	-35.267320	0.000000
0	0	724	-21.315300	29.187800	-9.978910	-52.690600	-9.437429	0.000000
0	0	725	41.890000	19.856000	-11.066000	-8.289830	-14.565738	0.000000
0	0	726	36.316100	-35.349700	-2.304760	-3.975320	-88.134830	0.000000
0	0	727	4.806160	-16.121400	25.927000	-23.028200	60.936668	0.000000
0	0	728	36.730100	-16.973100	-18.697100	12.484200	-66.116477	0.000000
0	0	729	18.895300	4.354440	-7.772640	17.338100	-30.370645	0.000000
0	0	730	-4.059500	-7.445490	-43.884100	26.572400	-49.814628	0.000000
0	0	731	-16.884900	26.455700	4.723380	-8.819840	5.061442	0.000000
0	0	732	-2.238490	1.669600	12.500500	-19.042400	41.196224	0.000000
0	0	733	-27.558800	-39.480700	-12.355600	34.698200	-81.311169	0.000000
0	0	734	2.514740	2.890610	2.547320	10.619000	20.693890	0.000000
0	0	735	5.300000	19.886600	20.263800	12.579200	22.769130	0.000000
0	0	736	-1.297380	18.287300	-1.838380	-23.201900	-2.870263	0.000000
0	0	737	-27.338700	2.918180	-13.358800	-25.387300	-38.838761	0.000000
0	0	738	11.633000	17.435100	18.342700	-2.163140	23.226575	0.000000
0	0	739	-0.019933	-4.399300	8.696310	-7.654830	58.416996	0.000000
0	0	740	1.403240	-11.528500	-40.473200	27.015300	-52.949611	0.000000
0	0	741	7.061530	-6.316350	-10.379600	10.594600	-60.660988	0.000000
0	0	742	28.705500	-1.500750	8.811440	-15.180600	49.832886	0.000000
0	0	743	-4.688220	10.225500	-21.089300	17.515100	-32.066398	0.000000
0	0	744	-7.742440	-31.469300	-35.263900	-3.974390	-65.872769	0.000000
0	0	745	4.625350	10.287600	-3.772970	22.935100	-10.070238	0.000000
0	0	746	16.980400	2.008350	8.311130	-48.137800	38.207568	0.000000
0	0	747	3.377530	17.204200	11.191900	-4.065010	16.522666	0.000000
0	0	748	-3.420950	-16.601800	7.064580	-15.534300	78.474373	0.000000
0	0	749	-2.283070	-5.360410	-18.417200	-0.354564	-53.113939	0.000000
0	0	750	-3.503630	-36.726000	27.724600	-21.235100	71.475352	0.000000
0	0	751	21.450800	5.796940	-9.314220	3.535260	-29.051444	0.000000
0	0	752	49.613300	-26.536000	13.219500	-2.842280	76.759393	0.000000
0	0	753	20.757900	8.077660	-2.657190	24.901600	-9.104450	0.000000
0	0	754	27.908300	-9.790710	-35.707700	2.656200	-52.666560	0.000000
0	0	755	-0.576277	0.773686	-24.002400	15.913800	-44.076892	0.000000
0	0	756	-0.341239	7.487780	6.625790	-3.492100	20.752493	0.000000
0	0	757	14.045700	-3.007740	-17.535300	37.839800	-49.866469	0.000000
0	0	758	-41.790600	-14.041300	9.025580	-16.097000	73.633787	0.000000
0	0	759	1.010210	-26.653900	21.204700	-47.300000	70.747873	0.000000
0	0	760	-6.835750	-3.196080	-2.450930	-6.753790	-71.258512	0.000000
0	0	761	10.456000	16.053100	-16.012900	27.513000	-22.464085	0.000000
0	0	762	-10.914800	-29.703000	-7.067670	12.890000	-83.307834	0.000000
0	0	763	-24.461900	7.125510	-17.326600	-32.984600	-33.822619	0.000000
0	0	764	23.468200	-11.670200	-10.156700	32.738500	-69.483300	0.000000
0	0	765	11.382800	49.976400	-7.200560	-8.835630	-4.099355	0.000000
0	0	766	15.986000	-3.299660	8.417780	12.883300	55.702266	0.000000
0	0	767	21.206200	-13.612900	25.908100	-17.041200	58.859398	0.000000
0	0	768	11.202100	11.079700	20.074400	28.994400	30.552148	0.000000
0	0	769	5.116660	5.112230	9.411030	-19.023100	30.744223	0.000000
0	0	770	-24.106900	0.903478	-2.852620	13.886200	-36.213017	0.000000
0	0	771	57.345400	4.215070	-9.821960	22.591300	-33.386764	0.000000
0	0	772	16.900100	-6.553040	-15.324900	-0.222119	-56.575954	0.000000
0	0	773	-6.550460	-18.958700	-22.165800	38.072800	-65.270403	0.000000
0	0	774	-3.517640	13.437200	-2.986990	25.976500	-6.266325	0.000000
0	0	775	12.533800	5.310430	-1.820820	11.165600	-9.462810	0.000000
0	0	776	-9.644460	-9.588000	-14.084800	14.860600	-62.122222	0.000000
0	0	777	10.448600	-9.334730	-18.005500	-13.060100	-58.701963	0.000000
0	0	778	-13.170600	-1.384840	-25.325500	15.357700	-46.564955	0.000000
0	0	779	-3.553920	3.200630	-21.873900	-16.140300	-40.837724	0.000000
0	0	780	-9.929300	-12.514700	-11.705300	-29.237600	-68.457018	0.000000
0	0	781	22.699200	-18.489800	-27.874700	22.171300	-61.778523	0.000000
0	0	782	13.671700	2.320900	3.284040	-7.598060	27.375175	0.000000
0	0	783	10.284000	-10.774100	16.224000	-26.154800	61.793752	0.000000
0	0	784	14.677700	-25.751700	0.117064	-14.370700	89.869771	0.000000
0	0	785	48.485500	2.503690	-21.662000	-2.218650	-41.703509	0.000000
0	0	786	16.420500	-2.625600	22.394900	13.557000	48.343443	0.000000
0	0	787	0.389927	20.895900	-12.554600	-7.175960	-15.499070	0.000000
0	0	788	-23.025900	-5.266320	4.187950	7.659810	70.753566	0.000000
0	0	789	-10.763300	1.380990	7.331870	-1.567480	39.666530	0.000000
0	0	790	13.739700	-35.613200	31.529700	20.257300	69.240165	0.000000
0	0	791	-4.381360	-8.216540	11.115600	42.618000	63.235720	0.000000
0	0	792	-19.879900	-38.693400	-18.931900	20.127700	-76.964215	0.000000
0	0	793	2.452970	22.276300	19.203100	-2.682520	20.381355	0.000000
0	0	794	-2.739630	14.827500	-29.643200	26.909900	-31.712913	0.000000
0	0	795	34.952400	-4.793010	-8.148630	2.236570	-60.231984	0.000000
0	0	796	1.127770	0.062542	47.112400	-7.014610	44.961970	0.000000
0	0	797	27.334600	-25.760800	-2.058260	16.482500	-87.715917	0.000000
0	0	798	27.414800	2.419630	48.134400	-11.093700	43.561133	0.000000
0	0	799	19.489700	-14.120500	-22.676500	2.590780	-60.955118	0.000000
0	0	800	29.777200	28.293500	-16.947300	-23.928000	-15.460427	0.000000
0	0	801	21.706500	27.382700	-11.867800	9.213570	-11.716076	0.000000
0	0	802	-3.095820	-20.269600	-30.137800	68.432800	-61.961679	0.000000
0	0	803	7.209980	-22.645000	17.148500	-9.441730	71.432126	0.000000
0	0	804	2.355070	-39.357500	27.991100	10.066200	72.289759	0.000000
0	0	805	0.565670	-9.028260	-1.087260	22.725800	-86.566512	0.000000
0	0	806	-22.188900	16.826600	21.728000	24.487000	26.122540	0.000000
0	0	807	-4.971720	1.698630	-4.292860	9.339210	-34.205963	0.000000
0	0	808	-4.652800	-11.994000	-3.468490	-30.743300	-81.935451	0.000000
0	0	809	-27.981400	3.074880	-52.815500	-4.291740	-43.334021	0.000000
0	0	810	-34.367900	-14.680200	-27.228600	-4.537820	-59.165582	0.000000
0	0	811	-4.722710	-14.107500	-0.877647	-22.394800	-88.220069	0.000000
0	0	812	33.942100	-20.493200	-2.896330	15.131400	-85.977797	0.000000
0	0	813	13.886600	-31.160000	-15.469500	-10.376500	-76.798863	0.000000
0	0	814	-0.073484	-3.794600	2.219310	4.283960	74.839170	0.000000
0	0	815	11.561100	-6.293760	-5.882450	-8.771710	-68.467352	0.000000
0	0	816	40.795300	-2.391240	-34.448400	24.910300	-46.985412	0.000000
0	0	817	-41.668900	8.104950	3.365630	-8.262770	11.275483	0.000000
0	0	818	54.578500	-40.695100	-21.349200	-22.127300	-76.158944	0.000000
0	0	819	27.867500	-2.145060	-29.921700	-44.799300	-47.050234	0.000000
0	0	820	-9.270180	-2.993290	10.961900	38.612300	52.636512	0.000000
0	0	821	-43.875100	-9.146810	6.604990	15.184400	72.083313	0.000000
0	0	822	-29.068400	29.762800	3.404390	-9.475820	3.262682	0.000000
0	0	823	3.430180	-25.212000	3.485610	-10.406200	86.064320	0.000000
0	0	824	22.831700	30.596700	-16.708800	-3.941660	-14.319435	0.000000
0	0	825	38.955500	-37.528600	-4.069100	29.511800	-86.905893	0.000000
0	0	826	7.940650	-38.145200	13.610200	-17.938800	80.181805	0.000000
0	0	827	23.993400	-8.405480	7.511580	-11.317800	69.107174	0.000000
0	0	828	23.656000	15.139000	6.814550	17.239600	12.117020	0.000000
0	0	829	-5.309620	14.191600	22.911400	-21.631400	29.112711	0.000000
0	0	830	1.750120	-34.032400	-5.716590	-31.134800	-85.232381	0.000000
0	0	831	-42.192100	18.249000	-10.927700	11.699600	-15.456817	0.000000
0	0	832	0.897862	-40.669800	18.012400	16.675600	78.055873	0.000000
0	0	833	44.350300	1.232870	-13.729400	-12.384900	-42.434364	0.000000
0	0	834	-26.618200	29.460200	-25.842800	0.459050	-20.628791	0.000000
0	0	835	8.418650	21.078000	23.557500	0.617473	24.089755	0.000000
0	0	836	5.263050	-3.579420	-1.292640	-16.873000	-80.071885	0.000000
0	0	837	10.730000	-0.596857	35.149200	27.403400	45.486414	0.000000
0	0	838	0.378465	-36.603600	-18.084400	10.853200	-76.853916	0.000000
0	0	839	-2.712600	8.944300	8.940910	-4.505590	22.494570	0.000000
0	0	840	-26.206600	29.608300	45.946400	18.448500	28.600940	0.000000
0	0	841	-8.231050	4.286840	-22.901600	2.926940	-39.698886	0.000000
0	0	842	-22.417500	-25.930300	-6.492990	12.132100	-82.971050	0.000000
0	0	843	3.458420	2.233460	13.111600	-3.244960	40.166447	0.000000
0	0	844	-34.714900	11.862300	-2.473470	2.025520	-5.889138	0.000000
0	0	845	24.922500	-25.449900	1.806710	-6.575930	87.969668	0.000000
0	0	846	22.857300	-7.366700	-12.149100	22.221900	-60.615425	0.000000
0	0	847	11.957500	6.346020	56.121500	-7.633240	41.774300	0.000000
0	0	848	10.778100	-36.746200	-7.736010	0.396995	-84.055695	0.000000
0	0	849	25.182400	-11.033500	20.070200	12.640700	59.399796	0.000000
0	0	850	11.492000	-10.034700	-30.832700	15.267100	-54.013905	0.000000
0	0	851	51.453700	28.809700	39.205600	-31.878500	26.845101	0.000000
0	0	852	-56.268900	5.119300	-25.790200	-3.234330	-39.386423	0.000000
0	0	853	-19.982800	0.207525	-16.661400	8.874970	-44.643196	0.000000
0	0	854	-16.958400	-8.635970	-20.489800	-6.678040	-56.427141	0.000000
0	0	855	-19.037400	4.270910	-13.191900	12.503400	-36.030256	0.000000
0	0	856	11.554100	-13.554600	7.744600	4.076680	75.128971	0.000000
0	0	857	53.279400	32.318800	-25.500300	-19.409300	-19.137139	0.000000
0	0	858	14.284200	6.651270	-10.645500	15.968500	-29.001503	0.000000
0	0	859	-13.582800	1.947330	33.811700	0.945623	43.351892	0.000000
0	0	860	-0.093661	20.990400	0.083157	6.833970	0.113493	0.000000
0	0	861	15.995000	2.722080	-1.537010	5.127060	-14.725523	0.000000
0	0	862	9.767260	-1.575990	-19.882000	35.861300	-47.266099	0.000000
0	0	863	17.779300	-38.210500	-14.668900	28.810500	-79.499175	0.000000
0	0	864	12.647600	16.276600	-7.946530	-16.122800	-13.011233	0.000000
0	0	865	-7.915810	-30.435600	-35.583700	-2.390740	-65.270586	0.000000
0	0	866	14.464000	-1.183480	-33.585700	-18.981800	-46.009066	0.000000
0	0	867	18.779100	-13.515600	-6.075250	-5.410000	-77.898063	0.000000
0	0	868	-2.120720	-9.159940	-20.966400	6.367680	-56.799937	0.000000
0	0	869	-24.052800	16.416500	-7.015960	2.311770	-11.570265	0.000000
0	0	870	-24.550900	-9.385530	7.942050	-9.016830	69.881025	0.000000
0	0	871	2.599100	-0.519299	-43.334900	13.287000	-45.343282	0.000000
0	0	872	8.759760	-9.689710	-12.422900	-14.932400	-63.976898	0.000000
0	0	873	-24.479800	14.359300	-0.082460	-49.155000	-0.164513	0.000000
0	0	874	14.798800	22.154500	-4.834460	1.381230	-6.154935	0.000000
0	0	875	-0.654780	-7.993560	-7.521080	-32.353100	-68.372168	0.000000
0	0	876	-7.438480	2.790050	-13.233300	-12.027200	-39.047189	0.000000
0	0	877	36.821800	-5.785100	-6.045310	20.088900	-66.869991	0.000000
0	0	878	-5.184280	5.109060	-40.190500	32.762000	-41.377678	0.000000
0	0	879	-4.742570	-12.820300	-18.356800	3.380810	-62.465131	0.000000
0	0	880	43.596800	-4.348500	0.181271	7.189440	88.806479	0.000000
0	0	881	5.323200	12.482100	-31.218200	33.658800	-34.103393	0.000000
0	0	882	5.266140	7.502290	-3.435980	14.315300	-12.303673	0.000000
0	0	883	-22.631400	-36.672700	16.625400	-16.156000	77.806528	0.000000
0	0	884	-9.494290	34.435300	-24.475200	-14.506800	-17.701827	0.000000
0	0	885	8.321400	-26.578600	12.782600	1.617010	77.157717	0.000000
0	0	886	-9.472330	3.569160	-18.368000	12.019900	-39.501830	0.000000
0	0	887	-6.860030	5.230050	-19.378300	-42.725500	-37.448094	0.000000
0	0	888	10.772400	-2.968920	-13.197600	11.752600	-51.339076	0.000000
0	0	889	11.526000	15.843300	-14.600100	17.472900	-21.330772	0.000000
0	0	890	-4.787770	25.593400	2.650770	53.654100	2.956589	0.000000
0	0	891	6.543280	19.448800	4.400610	-15.059400	6.374714	0.000000
0	0	892	10.037100	-13.174200	-0.131094	-3.095210	-89.714940	0.000000
0	0	893	1.132110	-33.638100	-13.149800	-16.822000	-79.324243	0.000000
0	0	894	-10.771800	5.903790	31.275400	20.177300	39.655093	0.000000
0	0	895	11.914900	18.173500	-2.175690	-35.951800	-3.413415	0.000000
0	0	896	16.125700	1.907420	-9.361110	-2.979540	-39.241535	0.000000
0	0	897	14.194900	-3.913340	-27.387300	16.141300	-49.065942	0.000000
0	0	898	-6.091580	-19.187800	8.413510	-3.074300	78.161701	0.000000
0	0	899	6.285570	-1.957680	-0.759493	30.181900	-79.397978	0.000000
0	0	900	10.382000	36.315600	-25.159600	38.140700	-17.357190	0.000000
0	0	901	19.902200	16.617000	21.171200	-19.519400	25.936046	0.000000
0	0	902	9.293740	36.554600	-9.771290	10.446600	-7.482825	0.000000
0	0	903	-17.113400	17.173800	7.589510	-30.611600	11.920887	0.000000
0	0	904	44.522000	-3.842910	20.844600	-14.442800	50.222879	0.000000
0	0	905	-20.459800	-32.371800	-42.778100	35.691800	-63.558083	0.000000
0	0	906	-10.672500	-9.498640	-19.783000	6.543090	-57.823798	0.000000
0	0	907	-3.755340	-2.312500	2.909980	18.751700	64.236714	0.000000
0	0	908	-6.514200	5.935740	-7.658410	-15.359300	-26.111054	0.000000
0	0	909	25.757800	40.971300	18.048600	8.308630	11.887180	0.000000
0	0	910	-67.030100	4.872330	-14.753100	-18.277800	-35.861889	0.000000
0	0	911	22.000300	20.684100	5.730760	0.571079	7.742992	0.000000
0	0	912	-2.929860	15.894900	13.038000	-10.736400	19.680383	0.000000
0	0	913	-4.772300	28.286200	-7.166060	-29.480400	-7.108139	0.000000
0	0	914	32.142000	-13.217500	-8.604120	-1.248440	-73.468656	0.000000
0	0	915	39.416600	13.632100	-34.698300	21.467500	-34.275685	0.000000
0	0	916	5.489250	4.605220	-46.094800	6.822540	-42.147325	0.000000
0	0	917	-3.371840	-6.993440	-28.209400	-5.488960	-51.961788	0.000000
0	0	918	34.365300	-19.566400	0.830660	-8.337170	88.784530	0.000000
0	0	919	5.873040	-0.604730	-17.876600	-16.323000	-45.968732	0.000000
0	0	920	-2.353880	23.993200	-1.811480	-2.291740	-2.158812	0.000000
0	0	921	5.553140	41.440800	-13.971800	14.051500	-9.315788	0.000000
0	0	922	-1.628890	40.497700	-15.156700	-5.289020	-10.259451	0.000000
0	0	923	25.923700	22.269900	-46.391800	20.989900	-32.178576	0.000000
0	0	924	14.215100	23.749800	-10.714800	7.459680	-12.141336	0.000000
0	0	925	51.104000	-9.895760	-1.741210	-3.983050	-85.010331	0.000000
0	0	926	9.629140	-7.227190	-51.979800	-33.460800	-48.957784	0.000000
0	0	927	23.086700	-20.477500	-2.961360	1.207170	-85.885601	0.000000
0	0	928	-6.035540	25.787100	-16.418700	20.676100	-16.242496	0.000000
0	0	929	13.294500	32.860800	-26.875000	15.092800	-19.638901	0.000000
0	0	930	3.189040	19.685500	-34.725000	5.703880	-30.225614	0.000000
0	0	931	-19.274900	38.528900	19.540300	7.683590	13.446140	0.000000
0	0	932	33.242900	40.967500	-7.654860	-33.718700	-5.291893	0.000000
0	0	933	5.002280	11.315800	-0.258031	13.749900	-0.653137	0.000000
0	0	934	-4.213340	13.535200	11.193300	-27.415700	19.794984	0.000000
0	0	935	-16.784300	12.997800	-9.893620	20.560900	-18.638769	0.000000
0	0	936	13.486700	5.339610	-2.671750	-16.520900	-13.290873	0.000000
0	0	937	37.675800	10.732200	-1.074990	10.089800	-2.859974	0.000000
0	0	938	-2.184670	7.185820	-1.204570	-23.802700	-4.758051	0.000000
0	0	939	16.028600	46.053600	-26.334800	42.871200	-14.881094	0.000000
0	0	940	31.607900	6.322100	-6.240940	18.511100	-22.314931	0.000000
0	0	941	3.888360	0.220570	-38.394000	-32.011100	-44.835422	0.000000
0	0	942	37.192000	-25.136300	-6.001670	8.013300	-83.285595	0.000000
0	0	943	-15.461700	1.740290	17.972600	-13.359200	42.234641	0.000000
0	0	944	-2.503370	9.681910	14.803200	-21.452900	28.406820	0.000000
0	0	945	33.802700	-2.223330	-29.212300	12.061700	-47.176178	0.000000
0	0	946	8.099900	-8.884640	-21.178100	-6.968700	-56.379516	0.000000
0	0	947	18.665400	-12.929100	-3.846890	10.156600	-81.715147	0.000000
0	0	948	9.051650	-18.321500	-7.910960	-4.321720	-78.323004	0.000000
0	0	949	13.644300	6.713250	20.812700	-8.119260	36.061305	0.000000
0	0	950	2.229350	16.078000	-12.824200	-0.893511	-19.288353	0.000000
0	0	951	1.932940	-17.774700	-7.135540	-7.984170	-79.063661	0.000000
0	0	952	37.431000	28.683700	-25.385400	6.414780	-20.754597	0.000000
0	0	953	42.915900	21.002500	-1.834500	-0.490777	-2.495965	0.000000
0	0	954	25.882500	-20.902900	0.637894	16.976100	89.126023	0.000000
0	0	955	34.352100	-18.846700	10.373000	-10.019000	75.586068	0.000000
0	0	956	12.677400	53.503800	10.242300	-32.085100	5.418547	0.000000
0	0	957	-51.082000	24.909000	-3.306960	-13.890400	-3.781229	0.000000
0	0	958	6.992470	-22.580900	22.260000	2.664430	67.705013	0.000000
0	0	959	42.291900	29.510600	-12.787000	0.768134	-11.713589	0.000000
0	0	960	-0.512958	21.863500	-7.112300	25.561500	-9.009976	0.000000
0	0	961	49.513000	-15.837300	-7.288800	-12.513500	-77.643348	0.000000
0	0	962	13.825000	37.610100	-17.737800	9.098370	-12.624829	0.000000
0	0	963	-3.971360	2.094940	-7.171530	-24.375300	-36.857957	0.000000
0	0	964	15.575000	-6.806910	24.359400	-4.820770	52.806156	0.000000
0	0	965	26.732900	50.380400	1.490620	-53.318000	0.847366	0.000000
0	0	966	21.182400	16.648400	-17.984800	-12.937200	-23.604895	0.000000
0	0	967	36.768500	20.465400	-24.315700	-13.239500	-24.957116	0.000000
0	0	968	37.571600	26.867300	-31.352900	-15.666500	-24.702837	0.000000
0	0	969	5.034790	18.767300	-11.417700	2.188010	-15.657803	0.000000
0	0	970	24.270300	16.696600	-56.180900	-1.095890	-36.724196	0.000000
0	0	971	23.937200	-23.088800	-46.429500	12.066100	-58.220287	0.000000
0	0	972	17.670300	-4.187340	-13.368200	3.452160	-53.696097	0.000000
0	0	973	4.961860	27.739300	16.753600	-16.273700	15.565279	0.000000
0	0	974	18.969400	2.797070	1.512220	0.094367	14.198810	0.000000
0	0	975	-9.988590	33.803300	-19.362800	-22.508100	-14.902213	0.000000
0	0	976	7.338400	21.720600	-17.332500	17.185400	-19.294499	0.000000
0	0	977	-1.535120	19.713400	1.996370	11.462000	2.891306	0.000000
0	0	978	19.700200	28.052000	-20.014800	22.872500	-17.753724	0.000000
0	0	979	32.602900	30.917200	16.149800	5.573010	13.790304	0.000000
0	0	980	31.260400	35.466600	-2.517670	25.537900	-2.030224	0.000000
0	0	981	3.965870	-20.946600	-36.373800	21.589200	-59.968186	0.000000
0	0	982	29.712000	11.378900	9.704560	-1.964260	20.229697	0.000000
0	0	983	-15.546200	-22.857300	-5.781570	5.208240	-82.902610	0.000000
0	0	984	18.525700	37.199200	-0.896320	-16.313300	-0.690141	0.000000
0	0	985	22.770900	10.059800	7.632830	4.734780	18.594626	0.000000
0	0	986	14.852500	9.316300	-55.598300	0.684010	-40.243817	0.000000
0	0	987	24.511500	-29.047400	6.507530	20.192200	83.686225	0.000000
0	0	988	34.840700	22.628700	22.298200	29.662000	22.289259	0.000000
0	0	989	20.644400	-15.683300	-4.548200	6.917530	-81.913848	0.000000
0	0	990	24.948400	4.920710	12.811300	-52.381000	34.494324	0.000000
0	0	991	36.421600	18.183700	3.928510	-1.992860	6.095567	0.000000
0	0	992	-26.724200	13.292900	-30.619200	-4.901240	-33.266297	0.000000
0	0	993	33.988600	-21.058000	19.125800	21.826000	68.876447	0.000000
0	0	994	3.592190	2.383800	-8.842860	13.297300	-37.456604	0.000000
0	0	995	-1.746410	-15.764200	-15.773800	-5.152150	-67.491280	0.000000
0	0	996	-6.696090	-4.772410	-44.602500	11.558500	-48.053669	0.000000
0	0	997	13.971300	1.018170	-0.586361	33.923200	-14.968755	0.000000
0	0	998	-3.306360	3.025080	-3.073950	-25.813500	-22.729543	0.000000
0	0	999	27.925100	5.448530	-1.395890	15.432000	-7.184930	0.000000
0	0	1000	13.373900	3.816130	-53.161100	-21.484600	-42.947054	0.000000
0	0	1001	19.124000	6.635990	-34.371000	-4.133980	-39.536195	0.000000
0	0	1002	20.766300	-21.547900	10.540700	-37.806200	76.966631	0.000000
0	0	1003	7.393530	-28.027900	-25.665100	25.977000	-68.759859	0.000000
0	0	1004	12.183800	13.498300	-24.404600	-2.850940	-30.526405	0.000000
0	0	1005	39.495600	-17.924200	-0.355007	27.764100	-89.432674	0.000000
0	0	1006	31.712600	1.023270	-18.054000	-25.799900	-43.378022	0.000000
0	0	1007	-9.242860	39.788300	-22.076100	-13.030000	-14.511611	0.000000
0	0	1008	15.202400	-22.109900	-3.980600	-12.663400	-84.896987	0.000000
0	0	1009	18.519300	36.780300	-20.685300	-36.778500	-14.676736	0.000000
0	0	1010	35.669300	-6.023540	63.896700	-5.621400	47.692678	0.000000
0	0	1011	-21.755700	-0.263579	-37.306400	9.862590	-45.202401	0.000000
0	0	1012	25.087000	17.677400	-10.439500	-54.513200	-15.282121	0.000000
0	0	1013	18.896800	-1.755790	-6.414980	-24.761100	-52.653532	0.000000
0	0	1014	41.380600	46.434300	-12.966700	-10.668400	-7.801151	0.000000
0	0	1015	2.449050	32.544300	-11.173800	-17.080000	-9.474730	0.000000
0	0	1016	18.015000	41.706900	-23.009600	-23.934800	-14.442710	0.000000
0	0	1017	5.965560	-5.308520	-0.603401	-31.311700	-86.757610	0.000000
0	0	1018	5.440050	26.406800	-16.538800	5.790280	-16.029629	0.000000
0	0	1019	46.267900	-0.680920	-5.107680	-16.237400	-48.796749	0.000000
0	0	1020	9.517200	7.198540	9.226880	19.514400	26.019847	0.000000
0	0	1021	-17.232300	-20.075200	-42.856000	9.864070	-57.549990	0.000000
0	0	1022	43.020300	-18.442400	-10.513400	-33.051100	-75.156986	0.000000
0	0	1023	-7.183540	-5.536570	-1.727370	-42.591400	-81.336227	0.000000
