0	0	0	17.833700	-2.020920	-20.867100	-15.458200	-47.765842	0.000000
0	0	1	35.640500	-13.151800	-54.538800	-32.940900	-51.778894	0.000000
0	0	2	7.219220	36.249000	-10.857500	-17.906100	-8.337150	0.000000
0	0	3	34.351000	-15.075000	-35.269800	-59.495500	-56.571404	0.000000
0	0	4	25.924100	37.396900	-10.276200	-42.301000	-7.682465	0.000000
0	0	5	5.733660	-16.201400	13.068400	-41.603800	70.554800	0.000000
0	0	6	40.680200	-12.883200	-34.585900	-19.799000	-55.215146	0.000000
0	0	7	43.840200	3.890070	10.408200	-40.122200	34.753373	0.000000
0	0	8	23.334000	10.910600	-40.386300	-35.087800	-37.441048	0.000000
0	0	9	41.035500	8.235750	-20.028800	-43.568800	-33.823881	0.000000
0	0	10	20.065100	13.126000	-4.505220	-29.971900	-9.471846	0.000000
0	0	11	57.718600	7.034270	-8.539460	-23.211500	-25.260225	0.000000
0	0	12	19.631200	-1.084430	-15.265500	-1.209190	-47.031675	0.000000
0	0	13	12.052700	-8.675260	-2.154780	-18.496900	-83.025516	0.000000
0	0	14	28.843000	-5.762770	-17.418300	-16.959600	-54.153288	0.000000
0	0	15	11.489400	0.788094	23.692500	-6.921120	44.047424	0.000000
0	0	16	25.174300	4.154720	26.669000	-36.589300	40.572581	0.000000
0	0	17	10.484900	-1.199090	-18.463500	-39.331200	-46.857894	0.000000
0	0	18	9.964790	-33.657600	-25.372000	-31.712300	-71.495017	0.000000
0	0	19	11.709500	13.936100	-2.603590	-44.723600	-5.291101	0.000000
0	0	20	-6.797550	10.746600	-2.122150	-30.265900	-5.585289	0.000000
0	0	21	64.424700	6.630240	-19.941500	15.162500	-35.804416	0.000000
0	0	22	16.926500	31.564000	17.871900	-35.740100	14.759519	0.000000
0	0	23	20.830100	1.130790	-4.994840	-53.246000	-38.621873	0.000000
0	0	24	19.293800	43.520200	13.925500	-60.187700	8.871760	0.000000
0	0	25	38.881300	17.488100	-10.842900	-63.801700	-15.899785	0.000000
0	0	26	15.113100	-32.752300	15.989800	-10.011900	76.989095	0.000000
0	0	27	4.276690	6.671300	13.972800	-37.113600	32.238951	0.000000
0	0	28	44.882800	-12.004700	-37.764900	-26.204400	-53.817205	0.000000
0	0	29	35.247800	33.082000	-21.547200	-31.602700	-16.538642	0.000000
0	0	30	10.557700	14.234700	11.276400	-42.788600	19.192725	0.000000
0	0	31	22.513300	2.952410	-15.381300	-43.072400	-39.567174	0.000000
0	0	32	21.152500	20.705800	4.455650	-25.287700	6.072101	0.000000
0	0	33	33.504100	1.385880	13.937800	1.255320	42.160781	0.000000
0	0	34	5.364260	-12.917900	29.025300	-12.627600	56.995884	0.000000
0	0	35	29.679700	15.710500	16.430600	-28.704800	23.141730	0.000000
0	0	36	42.084800	-8.696180	-8.952850	2.874480	-67.083403	0.000000
0	0	37	54.117300	7.554460	-23.779000	-52.146700	-36.187614	0.000000
0	0	38	46.796600	10.424200	18.373600	-5.595560	30.215868	0.000000
0	0	39	16.159000	-12.357300	39.816700	-23.804900	53.620988	0.000000
0	0	40	-10.249100	10.567400	23.311300	7.885070	32.807211	0.000000
0	0	41	21.643600	-10.964000	16.893400	-13.869200	61.492004	0.000000
0	0	42	1.684270	26.577300	-21.988000	-11.542400	-19.800861	0.000000
0	0	43	-13.033400	11.191300	21.201200	-18.916900	31.086073	0.000000
0	0	44	9.224200	3.338800	3.755810	13.508500	24.181943	0.000000
0	0	45	16.102500	23.643000	-4.276030	9.341880	-5.125797	0.000000
0	0	46	11.067400	-13.519800	33.187800	-27.161500	56.082317	0.000000
0	0	47	19.167700	6.291310	13.756300	-0.667254	32.711737	0.000000
0	0	48	5.082380	-19.692800	-3.999560	-12.392500	-84.259759	0.000000
0	0	49	23.947500	-2.251480	1.794330	-22.663400	70.723352	0.000000
0	0	50	-2.072980	-27.768500	6.888920	-15.717800	83.033563	0.000000
0	0	51	14.063500	10.184800	28.784200	-2.670690	35.257270	0.000000
0	0	52	17.396400	18.210400	-25.893600	-31.294500	-27.441061	0.000000
0	0	53	25.061700	14.068000	-3.296340	41.066300	-6.593669	0.000000
0	0	54	41.963100	-30.641600	-13.496400	34.942500	-78.114213	0.000000
0	0	55	39.644900	-36.727300	-4.228730	-44.400600	-86.715983	0.000000
0	0	56	49.425200	-24.468600	-26.845800	-50.707100	-66.173801	0.000000
0	0	57	92.739000	-0.519930	-24.200400	-41.074500	-45.615387	0.000000
0	0	58	28.461600	-10.925700	-21.367600	14.763200	-58.540804	0.000000
0	0	59	43.710700	3.747980	-27.190700	-27.346400	-41.075888	0.000000
0	0	60	7.859430	-19.600900	5.107180	-18.235900	82.697909	0.000000
0	0	61	24.853600	-9.832070	8.125050	4.288160	70.215135	0.000000
0	0	62	40.531600	-21.114000	25.681800	10.373100	64.712472	0.000000
0	0	63	28.222800	6.704840	-6.764280	-26.990700	-22.626424	0.000000
0	0	64	49.047400	-25.161500	-25.789100	-10.511400	-67.147138	0.000000
0	0	65	53.637000	-1.180780	-15.030300	-29.703200	-47.245965	0.000000
0	0	66	32.257900	3.705390	-34.506600	-54.684500	-41.935473	0.000000
0	0	67	27.658700	-13.020800	7.181760	-14.387200	75.560302	0.000000
0	0	68	40.136500	-9.344970	27.275000	-58.269900	54.456252	0.000000
0	0	69	68.342500	1.729870	-11.139900	-59.643900	-40.586634	0.000000
0	0	70	45.138900	10.551700	-10.085500	-41.928300	-21.852946	0.000000
0	0	71	8.002520	1.100540	-26.296500	-2.648550	-43.801751	0.000000
0	0	72	49.963900	3.937740	-21.773700	-17.167500	-39.874473	0.000000
0	0	73	19.895900	-2.324620	16.912400	-21.298100	48.913150	0.000000
0	0	74	40.691900	1.645170	-10.871600	-51.032500	-40.697437	0.000000
0	0	75	68.640900	3.714180	-11.669000	-12.932100	-36.172003	0.000000
0	0	76	55.263600	-13.016700	3.037440	-22.790400	83.432551	0.000000
0	0	77	36.020900	-35.703400	10.998600	3.402530	81.439153	0.000000
0	0	78	61.061900	13.795300	-16.333300	-27.187500	-24.907582	0.000000
0	0	79	17.961600	16.370600	39.163900	8.543210	33.657480	0.000000
0	0	80	-3.711630	-0.232597	-21.133600	5.883720	-45.315287	0.000000
0	0	81	-13.103000	3.947060	-4.717890	-39.193600	-25.041812	0.000000
0	0	82	-16.933200	-1.999030	-23.866400	-7.291970	-47.393936	0.000000
0	0	83	-3.575170	11.550200	-11.888900	-37.935500	-22.913939	0.000000
0	0	84	20.506900	-8.943370	13.509800	-3.035980	61.752106	0.000000
0	0	85	30.489000	19.120200	-30.038600	-10.891400	-28.761195	0.000000
0	0	86	-8.984640	16.995500	4.968740	16.854900	8.148304	0.000000
0	0	87	33.623700	-0.778340	3.522340	-18.373600	51.230276	0.000000
0	0	88	-2.554130	-15.365300	-2.383000	-9.001150	-85.592124	0.000000
0	0	89	0.688028	-19.363800	11.653300	-3.373540	74.480056	0.000000
0	0	90	-10.374200	-8.491120	24.980100	5.607040	54.386843	0.000000
0	0	91	3.591820	10.896400	-24.393700	-50.376300	-32.965102	0.000000
0	0	92	36.789900	3.054240	41.435700	29.243200	42.892166	0.000000
0	0	93	11.366500	15.091300	-13.920200	-33.643400	-21.344205	0.000000
0	0	94	1.447710	42.098300	-25.024800	-8.098350	-15.364415	0.000000
0	0	95	28.107500	5.705700	36.873300	-10.811000	40.601964	0.000000
0	0	96	-6.444810	7.554210	12.834800	-2.534140	29.760052	0.000000
0	0	97	40.014900	-17.198500	-30.166900	-37.513300	-59.843983	0.000000
0	0	98	91.686500	-3.736510	-20.287300	-23.988700	-50.217885	0.000000
0	0	99	35.310200	-6.344980	-66.743800	-22.577800	-47.715243	0.000000
0	0	100	17.146400	15.282900	19.748100	-18.285600	26.131996	0.000000
0	0	101	42.213000	-43.329000	-51.538400	-24.271400	-65.027100	0.000000
0	0	102	11.120200	7.990550	-38.980000	-34.799700	-39.207684	0.000000
0	0	103	75.704600	-27.666200	-52.539600	-28.951800	-58.885153	0.000000
0	0	104	61.886200	21.155100	-7.079910	-18.575900	-9.251842	0.000000
0	0	105	1.227260	41.888200	-19.511500	-1.046900	-12.488039	0.000000
0	0	106	1.594980	9.739090	24.028000	25.391700	33.968089	0.000000
0	0	107	-17.045300	8.079720	11.041200	14.880200	26.902056	0.000000
0	0	108	22.926200	11.810300	30.393200	-23.145300	34.382344	0.000000
0	0	109	1.916870	1.644620	25.410000	-1.971630	43.148396	0.000000
0	0	110	-2.236220	-11.848800	11.717700	-11.676000	67.659366	0.000000
0	0	111	-20.784100	10.494300	49.851900	-14.053200	39.056131	0.000000
0	0	112	2.690690	36.645500	35.344200	-27.026400	21.982211	0.000000
0	0	113	-4.721470	-6.585460	-13.705800	-14.913500	-57.831842	0.000000
0	0	114	-28.219600	28.290900	-5.850600	13.521600	-5.842073	0.000000
0	0	115	10.142500	-23.151500	7.963410	-2.568890	80.509173	0.000000
0	0	116	83.726700	-1.759920	-38.180600	-9.394350	-46.319579	0.000000
0	0	117	76.504400	-21.435200	-29.105000	9.015130	-63.185419	0.000000
0	0	118	48.712700	-26.105100	-33.805600	1.956500	-63.837881	0.000000
0	0	119	52.619900	-10.203900	-33.661700	-11.787400	-53.431838	0.000000
0	0	120	40.347800	-32.985400	0.373052	-3.942800	89.676017	0.000000
0	0	121	52.452400	-16.618800	-12.276700	3.881740	-71.772921	0.000000
0	0	122	72.707800	18.859100	-4.424530	-40.736100	-6.601682	0.000000
0	0	123	125.891000	-20.936600	-50.182300	0.183618	-56.323213	0.000000
0	0	124	75.963700	25.505400	-25.528400	-4.098240	-22.512911	0.000000
0	0	125	87.768800	-39.865800	24.159600	-20.405200	74.391582	0.000000
0	0	126	70.175500	-7.893020	-52.185900	-25.019000	-49.300346	0.000000
0	0	127	61.223600	5.996350	-40.728400	-2.429550	-40.812321	0.000000
0	0	128	56.443200	-34.258000	-37.383700	-3.971810	-66.250896	0.000000
0	0	129	44.229500	-17.123700	4.957080	31.160400	81.927492	0.000000
0	0	130	71.241700	7.742710	-16.698600	22.212900	-32.562031	0.000000
0	0	131	96.927900	2.137380	-74.036200	25.582800	-44.173183	0.000000
0	0	132	49.033600	-7.414150	8.442060	0.277820	65.645439	0.000000
0	0	133	26.013600	-12.246300	-3.913280	41.674400	-81.139413	0.000000
0	0	134	63.205500	-9.582520	-37.664700	-39.326700	-52.137077	0.000000
0	0	135	78.101100	8.729830	-17.282600	-9.547890	-31.600316	0.000000
0	0	136	45.724000	-6.941200	-23.093600	13.191000	-53.364551	0.000000
0	0	137	48.804400	21.115500	41.013500	-20.075500	31.379329	0.000000
0	0	138	63.820100	-8.382890	-4.095800	9.152490	-76.980154	0.000000
0	0	139	50.963900	21.866200	-28.446300	0.466901	-26.225557	0.000000
0	0	140	88.236700	-15.896900	-2.779390	-18.830400	-85.041367	0.000000
0	0	141	49.267100	-43.236000	-24.486000	-28.323500	-75.237832	0.000000
0	0	142	52.944500	9.572150	-0.290315	7.281560	-0.868599	0.000000
0	0	143	45.849500	-17.522000	-26.110800	-21.383600	-61.932056	0.000000
0	0	144	62.732700	-5.777820	-31.489700	-14.273900	-50.198573	0.000000
0	0	145	54.416100	-45.643200	-60.848400	61.966100	-63.437028	0.000000
0	0	146	25.968700	-20.696500	-5.590640	12.073200	-82.441878	0.000000
0	0	147	0.700761	3.606960	-50.148000	-28.792600	-42.943006	0.000000
0	0	148	16.703800	43.615300	-45.317500	7.111390	-23.048262	0.000000
0	0	149	-18.301300	1.002610	32.256000	-36.926900	44.109827	0.000000
0	0	150	17.454300	-0.554374	17.684400	27.858800	45.897766	0.000000
0	0	151	6.304300	-14.638100	-18.629200	-12.758900	-64.079442	0.000000
0	0	152	95.859700	-32.560000	0.682035	34.005900	89.400000	0.000000
0	0	153	92.379500	-19.671500	-16.111700	-12.197700	-70.340616	0.000000
0	0	154	75.303600	-24.459500	-61.098200	33.630900	-55.908877	0.000000
0	0	155	80.643900	23.214600	-54.943500	-22.102200	-33.547541	0.000000
0	0	156	57.763400	4.148310	-23.693400	1.417570	-40.034572	0.000000
0	0	157	97.912500	-25.812300	-39.851500	-12.356700	-61.465810	0.000000
0	0	158	23.374100	2.583710	-11.913900	-29.808700	-38.882007	0.000000
0	0	159	21.071100	8.852530	7.024330	-11.676300	19.215697	0.000000
0	0	160	28.295000	-6.158890	15.815100	4.914050	55.638740	0.000000
0	0	161	54.405700	-24.417000	-31.678000	-12.519700	-63.812290	0.000000
0	0	162	72.680600	23.845900	-29.843700	30.790500	-25.687113	0.000000
0	0	163	76.145400	-39.309300	-66.788100	17.860300	-60.239840	0.000000
0	0	164	81.394400	4.716450	-37.806600	-14.797600	-41.444487	0.000000
0	0	165	102.583000	-5.027630	-31.392300	6.650340	-49.549465	0.000000
0	0	166	80.304000	-7.271870	-42.728900	13.996000	-49.829207	0.000000
0	0	167	104.298000	42.710100	-24.367500	19.168100	-14.853081	0.000000
0	0	168	119.142000	-52.122300	-30.111700	15.561900	-74.992220	0.000000
0	0	169	99.923200	-16.843800	-54.945500	11.317900	-53.521583	0.000000
0	0	170	91.839400	-45.536600	-25.165500	5.580780	-75.536528	0.000000
0	0	171	75.699700	20.626500	-22.243900	-9.412340	-23.580306	0.000000
0	0	172	99.273900	6.920230	-57.383700	-3.561970	-41.561790	0.000000
0	0	173	106.958000	-27.329000	-58.527000	-12.181100	-57.515038	0.000000
0	0	174	129.264000	32.879700	-12.339200	-21.930200	-10.285136	0.000000
0	0	175	115.994000	19.813200	-38.127600	2.125870	-31.270564	0.000000
0	0	176	72.507000	24.807400	-76.209500	-23.868300	-35.984555	0.000000
0	0	177	60.198600	1.476130	-50.016000	-16.187000	-44.154756	0.000000
0	0	178	70.518000	-4.706810	-0.636068	11.950400	-86.151899	0.000000
0	0	179	124.423000	18.991600	-42.125200	-9.431580	-32.866193	0.000000
0	0	180	66.237500	7.283360	-27.495600	28.935200	-37.581782	0.000000
0	0	181	70.461900	5.440160	-13.884000	1.843650	-34.301646	0.000000
0	0	182	96.743300	-24.097100	-22.213900	-0.010108	-68.664302	0.000000
0	0	183	115.925000	-7.054360	-43.226100	0.143444	-49.634388	0.000000
0	0	184	49.052500	8.569590	-13.589900	-34.312800	-28.882538	0.000000
0	0	185	49.849000	-36.785300	-28.544300	20.769900	-71.094800	0.000000
0	0	186	59.838000	16.131500	-23.729700	12.932700	-27.896026	0.000000
0	0	187	29.729400	-16.847800	25.659500	-44.226000	61.644274	0.000000
0	0	188	1.713560	6.652030	-12.879800	-2.897140	-31.342502	0.000000
0	0	189	62.946000	13.806000	24.161900	1.554450	30.128274	0.000000
0	0	190	94.218100	-22.229000	-55.201100	-1.100970	-55.967107	0.000000
0	0	191	142.705000	11.452100	-42.959000	31.980100	-37.536554	0.000000
0	0	192	122.914000	-5.678600	-53.746900	31.114000	-48.015590	0.000000
0	0	193	122.842000	-29.317400	-55.185100	10.290300	-58.989865	0.000000
0	0	194	142.061000	-2.658450	-55.399000	25.145500	-46.373682	0.000000
0	0	195	100.962000	-3.638200	-21.736600	25.209900	-49.750950	0.000000
0	0	196	151.922000	-24.562300	-40.313500	11.930500	-60.676605	0.000000
0	0	197	121.360000	-16.401900	-31.365600	-12.667300	-58.803128	0.000000
0	0	198	145.300000	-7.726180	-26.160800	11.926800	-53.226838	0.000000
0	0	199	96.134400	-4.738040	-2.148540	-22.700700	-77.803662	0.000000
0	0	200	114.571000	31.122600	-55.210700	57.784900	-30.294893	0.000000
0	0	201	129.742000	-25.693400	-66.222400	33.968500	-55.602791	0.000000
0	0	202	145.906000	14.422600	-10.227300	-4.303790	-17.670536	0.000000
0	0	203	128.808000	-21.904500	-75.768200	24.451900	-53.062261	0.000000
0	0	204	132.430000	-6.644640	-38.540600	15.735400	-49.890993	0.000000
0	0	205	169.583000	4.717810	-24.640400	13.106000	-39.580480	0.000000
0	0	206	169.211000	10.553500	-67.833500	33.135200	-40.578424	0.000000
0	0	207	151.965000	35.443300	-43.848100	7.978260	-25.525347	0.000000
0	0	208	160.578000	32.462000	-30.553700	29.228700	-21.632723	0.000000
0	0	209	132.538000	-9.436100	-50.472700	39.894800	-50.294730	0.000000
0	0	210	196.215000	25.805300	-8.026070	12.373600	-8.638476	0.000000
0	0	211	120.328000	7.510040	-23.303600	19.080800	-36.068725	0.000000
0	0	212	149.620000	-0.547319	-39.240000	58.063600	-45.399554	0.000000
0	0	213	183.099000	18.018000	-19.807000	49.934900	-23.853943	0.000000
0	0	214	160.344000	56.347800	-11.931900	38.322600	-5.978012	0.000000
0	0	215	73.304700	-6.078620	14.078200	-8.449730	56.676749	0.000000
0	0	216	102.547000	23.964000	-32.091400	-23.088200	-26.624877	0.000000
0	0	217	32.976100	9.597870	-26.527000	38.604200	-35.054555	0.000000
0	0	218	62.456800	25.097100	-55.845600	6.324350	-32.900387	0.000000
0	0	219	189.908000	23.964900	-25.418000	-8.980890	-23.342726	0.000000
0	0	220	176.646000	5.432560	-70.284200	40.183500	-42.790079	0.000000
0	0	221	158.781000	22.949900	-19.935700	37.912000	-20.489798	0.000000
0	0	222	175.205000	13.001900	-69.057000	30.573100	-39.668650	0.000000
0	0	223	158.266000	-9.426400	-75.931300	35.838600	-48.538355	0.000000
0	0	224	160.614000	3.534050	-30.787200	46.390800	-41.725851	0.000000
0	0	225	149.398000	6.413270	14.795600	28.271700	33.282649	0.000000
0	0	226	48.114200	7.281910	-36.439600	32.063100	-39.349577	0.000000
0	0	227	54.706000	30.467900	-55.299200	4.339410	-30.573396	0.000000
0	0	228	12.703900	-16.407700	-37.135400	15.382500	-56.918747	0.000000
0	0	229	12.740200	-28.070900	-13.620200	-12.303700	-77.058505	0.000000
0	0	230	28.427100	3.280120	-14.988800	19.222200	-38.828049	0.000000
0	0	231	44.265400	22.697600	-12.732800	26.045400	-14.645681	0.000000
0	0	232	238.474000	1.547240	-37.188400	67.269200	-43.808779	0.000000
0	0	233	262.223000	-31.447600	-60.644000	114.481000	-58.704742	0.000000
0	0	234	204.760000	-38.249700	-2.607650	83.715900	-88.049965	0.000000
0	0	235	273.320000	13.671700	-38.962300	36.052300	-35.332126	0.000000
0	0	236	241.981000	-1.455610	-59.568900	49.272000	-45.699893	0.000000
0	0	237	262.292000	-24.683800	-44.491000	82.290800	-59.510852	0.000000
0	0	238	235.295000	-61.305800	-37.178400	75.923400	-74.382813	0.000000
0	0	239	273.305000	-34.456900	-75.003600	50.363900	-57.337103	0.000000
0	0	240	279.864000	-62.181000	-21.893900	52.327900	-80.301429	0.000000
0	0	241	286.796000	-30.524900	-14.627500	91.502600	-77.198154	0.000000
0	0	242	231.076000	-18.179400	-33.085200	58.332400	-59.393787	0.000000
0	0	243	235.127000	-37.357400	-20.772000	107.284000	-75.462217	0.000000
0	0	244	221.494000	-30.898100	-7.914720	48.329700	-82.816150	0.000000
0	0	245	268.148000	-43.953500	4.878390	109.150000	86.833337	0.000000
0	0	246	277.727000	-20.041800	-34.576700	87.701400	-60.049000	0.000000
0	0	247	243.773000	-16.606000	-27.468300	53.172800	-60.577560	0.000000
0	0	248	263.196000	-26.820700	-14.622300	108.183000	-75.700675	0.000000
0	0	249	293.719000	-44.826000	-40.174300	115.245000	-69.066213	0.000000
0	0	250	311.584000	-45.551700	-3.758870	107.848000	-87.641355	0.000000
0	0	251	299.966000	-67.959700	-17.276700	88.384300	-82.868215	0.000000
0	0	252	331.666000	-63.800400	-6.013680	113.622000	-87.307670	0.000000
0	0	253	294.451000	-48.315000	15.656400	68.249000	81.022582	0.000000
0	0	254	357.759000	-68.992700	-18.090000	83.484000	-82.653845	0.000000
0	0	255	304.966000	-95.545000	-26.353900	107.785000	-82.289850	0.000000
0	0	256	327.161000	-54.916500	-6.020370	101.300000	-86.871889	0.000000
0	0	257	278.803000	-80.270900	-3.768660	96.488300	-88.655989	0.000000
0	0	258	282.628000	-52.645900	-36.410300	107.526000	-72.665987	0.000000
0	0	259	334.891000	-60.194000	-12.563500	113.090000	-84.105327	0.000000
0	0	260	313.751000	-72.242000	-39.374700	132.617000	-75.703949	0.000000
0	0	261	286.920000	-81.626000	-26.179800	115.711000	-81.108732	0.000000
0	0	262	360.544000	-48.632400	-49.998300	95.420900	-67.103291	0.000000
0	0	263	293.086000	-63.465600	-42.094100	65.271700	-73.222667	0.000000
0	0	264	319.717000	-4.539910	-77.286200	103.309000	-46.680889	0.000000
0	0	265	281.039000	-48.266800	-40.519500	82.517100	-69.993437	0.000000
0	0	266	295.689000	-18.880900	-90.552600	82.525300	-50.888927	0.000000
0	0	267	296.399000	-51.766800	-66.764300	99.579400	-63.894400	0.000000
0	0	268	357.081000	-42.272400	-91.192900	108.368000	-57.435023	0.000000
0	0	269	255.295000	-59.901400	-75.318500	43.242400	-64.247754	0.000000
0	0	270	306.122000	-34.671800	-90.112500	57.053600	-55.522396	0.000000
0	0	271	335.334000	-42.968100	-77.005000	22.744100	-59.580563	0.000000
0	0	272	318.501000	-71.036200	-90.337000	66.652500	-64.089811	5.294210
0	0	273	372.089000	-57.285900	-143.090000	18.348300	-55.909316	4.021270
0	0	274	336.168000	-51.759200	-127.652000	-3.285400	-56.035567	4.498560
0	0	275	335.833000	-75.929500	-122.695000	30.846800	-60.875596	4.250850
0	0	276	304.186000	-30.494700	-144.740000	16.678900	-50.948711	4.219980
0	0	277	328.576000	-42.411300	-111.041000	64.873600	-55.451996	5.218550
0	0	278	310.259000	-82.383800	-141.496000	29.456900	-60.104712	3.752850
0	0	279	290.483000	-77.202900	-115.609000	-22.879800	-61.867364	4.401460
0	0	280	314.663000	-69.778900	-91.331400	14.423900	-63.690253	5.299020
0	0	281	303.110000	-65.173600	-120.252000	-1.841520	-59.228297	4.501310
0	0	282	346.711000	-72.231400	-150.109000	-5.763760	-57.848267	3.706810
0	0	283	312.098000	-64.304200	-165.541000	2.315330	-55.614299	3.491870
0	0	284	346.417000	-70.506700	-193.714000	7.430280	-55.000074	3.011360
0	0	285	374.584000	-94.414400	-165.236000	-25.747900	-59.871634	3.230500
0	0	286	394.578000	-85.443500	-169.670000	-5.009510	-58.364601	3.246990
0	0	287	338.854000	-40.068800	-174.420000	-29.813300	-51.468925	3.485970
0	0	288	321.573000	-47.787700	-144.754000	-16.666700	-54.134814	4.078010
0	0	289	318.274000	-62.072800	-221.163000	-52.404300	-52.838796	2.711290
0	0	290	359.798000	-29.820300	-224.730000	-29.999400	-48.779322	2.758560
0	0	291	372.422000	6.639050	-208.121000	-74.054200	-44.086443	3.006870
0	0	292	302.746000	-0.303978	-180.145000	-53.899000	-45.048341	3.475850
0	0	293	346.865000	-11.449100	-199.582000	-71.212200	-46.641598	3.131450
0	0	294	257.735000	21.945200	-220.711000	-33.745500	-42.160884	2.821060
0	0	295	310.325000	41.317100	-170.706000	-64.706700	-38.196992	3.550670
0	0	296	317.307000	19.735800	-171.626000	-18.862000	-41.720098	3.621030
0	0	297	320.031000	54.944900	-130.185000	-18.656000	-33.558852	4.382020
0	0	298	304.771000	40.259800	-181.517000	-24.155500	-38.747225	3.356180
0	0	299	321.853000	71.185900	-168.634000	-32.536400	-33.556905	3.382790
0	0	300	305.873000	40.869400	-134.027000	-7.755560	-36.520875	4.440850
0	0	301	292.901000	79.635300	-159.703000	-51.112100	-31.748517	3.457280
0	0	302	298.933000	66.227100	-133.485000	-19.321000	-31.806101	4.140960
0	0	303	294.152000	17.075500	-129.781000	-49.124200	-41.252277	4.777540
0	0	304	269.121000	64.888200	-122.742000	-5.766810	-31.068298	4.437380
0	0	305	267.836000	40.078300	-96.810200	-15.254000	-33.755506	0.000000
0	0	306	270.375000	46.192900	-88.209500	67.829700	-31.180090	0.000000
0	0	307	225.829000	14.555800	-71.454300	51.278600	-39.242971	0.000000
0	0	308	296.404000	66.328900	-14.157500	80.948400	-6.024317	0.000000
0	0	309	284.719000	54.470200	-28.847100	86.980200	-13.952717	0.000000
0	0	310	279.575000	112.489000	27.218200	58.421700	6.801022	5.022780
0	0	311	272.924000	105.337000	47.847200	62.501600	12.214481	5.073630
0	0	312	309.276000	75.228700	26.642300	78.433600	9.750819	0.000000
0	0	313	282.210000	90.433700	47.457900	110.922000	13.844821	0.000000
0	0	314	345.875000	79.713400	15.491000	93.317000	5.498713	0.000000
0	0	315	297.860000	108.015000	68.206800	77.206900	16.135319	4.638300
0	0	316	268.957000	49.280200	54.024100	125.623000	23.814634	0.000000
0	0	317	295.074000	31.386800	41.415800	80.104300	26.421738	0.000000
0	0	318	284.956000	48.342200	71.500900	73.129300	27.968566	0.000000
0	0	319	255.446000	68.462600	115.494000	87.899700	29.670681	4.574250
0	0	320	336.861000	1.671210	98.711100	111.135000	44.515029	0.000000
0	0	321	283.846000	-25.705900	82.202100	107.976000	53.682646	0.000000
0	0	322	344.431000	-35.310000	123.633000	116.111000	52.969760	4.842990
0	0	323	365.341000	8.120070	149.333000	44.858300	43.443787	4.185940
0	0	324	377.549000	-25.220200	164.277000	97.962500	49.364020	3.761110
0	0	325	358.781000	-69.360300	181.779000	59.991400	55.442524	3.188250
0	0	326	376.610000	-61.599900	115.270000	92.015100	59.059949	4.712480
0	0	327	348.804000	-102.456000	145.915000	3.747270	62.537540	3.426130
0	0	328	328.863000	-66.102300	114.165000	61.152900	60.035564	4.658540
0	0	329	336.498000	-78.799600	96.241600	36.678400	64.654770	4.884080
0	0	330	361.036000	-92.293700	140.345000	63.469500	61.664863	3.644540
0	0	331	371.551000	-108.332000	160.918000	17.410400	61.974465	3.153420
0	0	332	356.577000	-57.043000	158.484000	1.540510	54.897639	3.686170
0	0	333	341.736000	-67.724800	116.987000	9.359140	60.033463	4.546360
0	0	334	250.594000	-67.667100	129.994000	-5.453350	58.749394	4.205510
0	0	335	259.159000	-81.568600	125.183000	-30.832800	61.544030	4.098480
0	0	336	324.154000	-76.827800	136.043000	-47.760400	59.727398	3.936260
0	0	337	318.194000	-96.089000	117.816000	-57.903800	64.600090	3.996520
0	0	338	328.019000	-66.134400	124.252000	2.841070	59.012299	4.376150
0	0	339	346.990000	-109.850000	113.011000	-56.812200	67.093693	3.829340
0	0	340	315.739000	-106.188000	148.093000	-29.860100	62.820941	3.349730
0	0	341	353.380000	-80.993700	116.488000	-67.562000	62.405377	4.306930
0	0	342	330.553000	-72.871900	116.186000	-68.030100	61.047976	4.470360
0	0	343	308.151000	-55.925700	103.227000	-89.193000	59.223841	5.244180
0	0	344	330.397000	-90.744000	122.650000	-113.958000	63.248155	3.996550
0	0	345	324.049000	-55.251100	108.386000	-73.219700	58.505387	5.068770
0	0	346	289.743000	-53.561600	86.595900	-80.445900	60.868883	0.000000
0	0	347	301.539000	-71.091100	80.987200	-68.026700	65.638438	0.000000
0	0	348	324.526000	-60.905000	75.525900	-100.552000	64.441562	0.000000
0	0	349	332.345000	-63.991800	88.597500	-141.359000	62.919829	0.000000
0	0	350	335.908000	-14.597200	62.904200	-171.628000	51.532256	0.000000
0	0	351	313.678000	3.083100	96.858700	-151.239000	44.088420	0.000000
0	0	352	304.488000	-44.157500	38.170000	-149.075000	69.579837	0.000000
0	0	353	312.766000	-24.960300	78.189800	-120.668000	53.852245	0.000000
0	0	354	257.523000	-25.178000	54.211000	-157.427000	57.456126	0.000000
0	0	355	306.048000	29.214600	51.475700	-156.801000	30.211644	0.000000
0	0	356	348.455000	-2.256600	80.097400	-162.845000	45.806889	0.000000
0	0	357	307.838000	18.455500	50.793400	-124.281000	35.015833	0.000000
0	0	358	288.451000	29.829200	55.697300	-132.816000	30.914158	0.000000
0	0	359	311.194000	70.674200	82.681500	-164.739000	24.738479	0.000000
0	0	360	172.609000	-3.179310	-20.455700	-38.134800	-49.417232	0.000000
0	0	361	104.907000	-31.086000	-4.391520	-4.584520	-85.979517	0.000000
0	0	362	118.300000	-14.016400	-8.121140	-28.125100	-74.955941	0.000000
0	0	363	80.357500	14.285600	-20.396800	2.448640	-27.496601	0.000000
0	0	364	66.511300	-16.804400	-36.011500	4.008290	-57.507815	0.000000
0	0	365	70.877300	0.239994	4.449840	2.239260	43.456424	0.000000
0	0	366	88.370700	-38.162700	20.741400	-56.572700	75.737976	0.000000
0	0	367	92.866600	2.259250	-1.432070	-14.658300	-16.184685	0.000000
0	0	368	146.017000	-2.666530	-54.254400	-42.278100	-46.406873	0.000000
0	0	369	67.984100	-51.943600	-21.353600	-33.575700	-78.826413	0.000000
0	0	370	107.281000	-1.141520	-9.471590	-35.685500	-48.436083	0.000000
0	0	371	70.916500	-0.122059	-23.523900	10.050000	-45.148645	0.000000
0	0	372	130.317000	-5.355910	-53.484000	-1.517750	-47.859279	0.000000
0	0	373	138.525000	0.171104	-23.909200	-8.598570	-44.794988	0.000000
0	0	374	116.632000	-2.691180	-19.139900	-11.634000	-49.001824	0.000000
0	0	375	83.884600	13.799300	-69.224800	19.253000	-39.363205	0.000000
0	0	376	111.987000	-34.910900	-61.599800	3.424720	-59.770921	0.000000
0	0	377	127.952000	11.155900	-20.393500	-34.857300	-30.659962	0.000000
0	0	378	233.491000	-36.937900	-16.871100	-88.383000	-77.725908	0.000000
0	0	379	280.191000	-21.177600	6.722420	-107.474000	81.194482	0.000000
0	0	380	276.917000	-4.152690	17.924000	-122.900000	51.522163	0.000000
0	0	381	282.315000	-21.256100	10.557100	-120.518000	76.794075	0.000000
0	0	382	263.189000	-7.307610	31.873100	-127.666000	51.456572	0.000000
0	0	383	263.356000	6.889790	59.121100	-110.365000	41.676455	0.000000
0	0	384	220.822000	-45.205100	48.090300	-75.947800	66.614334	0.000000
0	0	385	238.728000	-32.799100	16.516200	-96.749000	76.636081	0.000000
0	0	386	216.474000	6.378580	-24.957600	-73.937700	-37.831715	0.000000
0	0	387	112.471000	-32.241200	-14.523600	-31.368300	-77.875001	0.000000
0	0	388	81.905800	-1.976140	-67.786500	-24.691300	-45.834919	0.000000
0	0	389	14.652300	3.702680	-16.870400	-9.222870	-38.810559	0.000000
0	0	390	21.548700	-7.448720	-15.455600	-16.209400	-57.865711	0.000000
0	0	391	18.176200	-23.376800	18.143900	-3.385430	71.091589	0.000000
0	0	392	25.130500	-3.756490	42.980800	-30.666200	47.497458	0.000000
0	0	393	4.148190	-11.224000	-10.702500	-4.606470	-68.181233	0.000000
0	0	394	-5.294770	8.469260	30.659600	-12.941300	37.278987	0.000000
0	0	395	-6.244860	-12.017300	39.557100	-23.303100	53.449293	0.000000
0	0	396	-11.963900	-6.828460	-2.091610	5.678940	-81.484885	0.000000
0	0	397	-14.222400	18.322600	-21.231400	-16.661500	-24.602979	0.000000
0	0	398	7.216290	-14.463700	-20.206600	-24.345500	-62.797371	0.000000
0	0	399	11.430500	19.753900	-63.445900	-15.960400	-36.353004	0.000000
0	0	400	9.966400	-2.921370	-0.916766	-3.034470	-81.288713	0.000000
0	0	401	8.112700	23.539500	-0.719098	16.112100	-0.874880	0.000000
0	0	402	1.534350	17.413700	7.034780	28.992800	10.998852	0.000000
0	0	403	3.655910	26.382700	12.329200	0.381284	12.523845	0.000000
0	0	404	13.898700	-6.686760	28.220700	3.564280	51.665063	0.000000
0	0	405	30.745000	-1.216440	8.108660	-18.829000	49.265870	0.000000
0	0	406	15.260300	-25.469300	33.063700	-27.153700	63.803711	0.000000
0	0	407	-30.743400	-19.955900	41.381700	-27.936600	57.872606	0.000000
0	0	408	-11.112900	23.701600	-10.601800	-52.929200	-12.049559	0.000000
0	0	409	0.374211	46.234600	40.637000	6.917700	20.656612	0.000000
0	0	410	6.867360	13.705300	-7.722750	-2.836230	-14.700334	0.000000
0	0	411	-5.673700	-6.267550	-8.460760	-6.674500	-63.265128	0.000000
0	0	412	-19.005800	-1.575870	-12.468800	9.213730	-48.601570	0.000000
0	0	413	22.711000	-34.821400	24.953500	12.029900	72.187045	0.000000
0	0	414	-11.623800	20.503900	29.758300	-1.261200	27.716298	0.000000
0	0	415	-30.554700	29.196200	34.915800	24.711700	25.049005	0.000000
0	0	416	-13.704900	27.925800	42.092800	24.888100	28.219173	0.000000
0	0	417	-14.391900	0.148249	7.633010	42.627300	44.443668	0.000000
0	0	418	-38.401000	-7.314680	-5.278200	-0.403798	-72.093080	0.000000
0	0	419	0.314212	0.934208	-3.043110	31.825900	-36.466987	0.000000
0	0	420	8.914930	-23.310100	36.622400	16.364000	61.238344	0.000000
0	0	421	0.117251	-62.568200	10.680000	28.664500	85.156664	0.000000
0	0	422	5.015220	-27.150700	-7.085940	9.395490	-82.686452	0.000000
0	0	423	4.192980	13.276600	23.887100	11.190200	30.467210	0.000000
0	0	424	5.629810	-17.959200	-17.858900	11.148600	-67.580221	0.000000
0	0	425	-1.441310	7.119590	-11.117000	-5.602870	-28.681770	0.000000
0	0	426	-15.531400	-0.262073	-3.398260	-24.422300	-47.204954	0.000000
0	0	427	-25.635900	-28.707400	-3.423690	-13.113500	-86.599469	0.000000
0	0	428	-23.295600	-6.044730	13.222800	20.289100	57.283624	0.000000
0	0	429	6.133690	-20.848000	7.264760	-5.219000	80.394218	0.000000
0	0	430	10.553200	-15.498000	-22.437400	-11.100700	-62.316840	0.000000
0	0	431	15.071000	-44.200800	-0.783465	14.394000	-89.492266	0.000000
0	0	432	-15.795700	16.156300	1.025980	9.456800	1.816799	0.000000
0	0	433	2.476610	-2.129600	20.385700	7.498420	47.981897	0.000000
0	0	434	13.568000	-12.890900	4.732540	31.825400	79.920338	0.000000
0	0	435	-6.407980	-18.234100	12.864000	30.506200	72.398681	0.000000
0	0	436	36.390200	17.757700	13.890300	-21.702200	19.016486	0.000000
0	0	437	48.237600	26.825400	-6.882350	12.156000	-7.194748	0.000000
0	0	438	-10.452400	52.536400	-37.100600	-5.792390	-17.614649	0.000000
0	0	439	-31.944800	3.048250	3.898960	17.081800	25.990656	0.000000
0	0	440	8.074970	-17.850800	-4.812960	-12.062100	-82.455319	0.000000
0	0	441	-10.351400	-19.250200	6.138790	11.867500	81.156392	0.000000
0	0	442	-19.404400	-4.652450	7.387420	1.868410	61.100953	0.000000
0	0	443	-19.610300	-43.573000	3.756100	-44.342000	87.536571	0.000000
0	0	444	-6.164950	-3.379770	2.948520	14.292500	69.449236	0.000000
0	0	445	-12.843900	17.056400	-13.555100	-22.898300	-19.237473	0.000000
0	0	446	12.250000	14.361200	7.722780	-27.273200	14.134640	0.000000
0	0	447	8.356410	24.117200	1.957380	-2.489360	2.320011	0.000000
0	0	448	-12.733800	42.852200	19.295500	3.134000	12.120549	0.000000
0	0	449	-11.006100	7.479930	20.961800	-16.991100	35.180879	0.000000
0	0	450	1.477550	-12.387600	10.786600	3.724180	69.476013	0.000000
0	0	451	1.542610	-0.671116	-6.477590	15.666800	-47.957536	0.000000
0	0	452	-21.839000	-15.234800	-17.708100	13.995800	-65.353190	0.000000
0	0	453	5.565890	39.619000	-35.101400	36.460600	-20.770053	0.000000
0	0	454	12.006900	-22.600400	-4.153360	-27.226700	-84.793366	0.000000
0	0	455	3.140320	21.908200	-14.981400	18.259100	-17.182671	0.000000
0	0	456	0.686602	13.607000	-1.915250	-12.334100	-4.006010	0.000000
0	0	457	11.758300	-3.659560	-7.585730	-14.758500	-57.876955	0.000000
0	0	458	39.988100	-8.613980	-15.559700	-18.017600	-59.484640	0.000000
0	0	459	-15.212400	1.502810	-22.794200	-43.694500	-43.113989	0.000000
0	0	460	-16.956100	-22.838600	-10.192000	-6.235280	-77.975304	0.000000
0	0	461	1.333320	-33.564300	-3.579310	9.145480	-86.956480	0.000000
0	0	462	36.696900	27.608200	-8.721020	-8.533340	-8.765276	0.000000
0	0	463	-7.680950	10.326300	-4.705030	12.842100	-12.247850	0.000000
0	0	464	29.680600	-18.367400	-24.003800	-3.826090	-63.711377	0.000000
0	0	465	-2.299560	13.824200	-4.226190	14.720200	-8.499446	0.000000
0	0	466	-30.924900	-20.368000	-12.538900	-12.695400	-74.191407	0.000000
0	0	467	-9.138290	-20.896700	11.175100	21.094900	75.931550	0.000000
0	0	468	-19.921000	13.016900	8.959800	-4.277350	17.270218	0.000000
0	0	469	-13.797900	-7.108090	-48.284800	29.423400	-49.187231	0.000000
0	0	470	22.397300	11.321700	-54.762100	45.358700	-39.159524	0.000000
0	0	471	-12.485400	16.010700	-39.838700	9.751410	-34.052696	0.000000
0	0	472	4.623140	23.792400	16.979400	-2.915620	17.756739	0.000000
0	0	473	-8.497350	2.161220	30.406000	-21.181000	42.967163	0.000000
0	0	474	13.171700	13.844100	17.604600	13.621100	25.909403	0.000000
0	0	475	-14.601300	6.471350	6.270400	-33.392400	22.048232	0.000000
0	0	476	2.726500	-6.468470	10.647200	-22.591100	60.639922	0.000000
0	0	477	19.393300	-2.510910	-39.652100	15.255000	-46.811666	0.000000
0	0	478	22.098800	32.879900	11.624300	8.579620	9.735223	0.000000
0	0	479	29.491500	49.144600	24.541700	11.414700	13.268252	0.000000
0	0	480	-13.882100	-33.021400	-5.386430	-21.051600	-85.367771	0.000000
0	0	481	70.873800	16.419700	29.125100	17.989600	30.293618	0.000000
0	0	482	19.673100	-21.342600	9.302920	15.503900	78.224167	0.000000
0	0	483	-3.502870	-8.831930	34.357500	-22.656700	52.208153	0.000000
0	0	484	-26.492200	10.602600	26.090900	-30.985900	33.942287	0.000000
0	0	485	-17.720300	6.387280	42.168600	-4.678080	40.693439	0.000000
0	0	486	11.067000	18.883000	5.591370	-23.475900	8.247169	0.000000
0	0	487	0.426718	8.406310	25.369300	-4.213150	35.833497	0.000000
0	0	488	-10.217000	41.553500	5.059760	-0.182573	3.471221	0.000000
0	0	489	25.002900	-0.862674	5.530470	-16.532900	49.432937	0.000000
0	0	490	6.634120	-17.779400	11.655500	24.136100	73.376336	0.000000
0	0	491	2.447050	8.427930	5.261020	29.636700	15.986954	0.000000
0	0	492	-2.262080	-8.914880	-14.364400	27.743200	-60.912349	0.000000
0	0	493	29.274600	-16.282100	4.679260	-13.871900	81.983025	0.000000
0	0	494	43.231200	5.498470	-28.331000	13.520200	-39.508301	0.000000
0	0	495	-5.821520	-6.233370	-9.632450	-5.113140	-61.453897	0.000000
0	0	496	37.972100	3.898750	-1.788690	-10.251000	-12.322486	0.000000
0	0	497	12.787000	-26.280500	11.726900	9.118370	77.976294	0.000000
0	0	498	-20.473100	-33.949200	-20.380400	8.956230	-74.511372	0.000000
0	0	499	-3.398480	9.781180	2.396030	-12.707200	6.882158	0.000000
0	0	500	-24.107800	-9.810890	8.808840	-33.338300	69.040245	0.000000
0	0	501	2.814710	14.207400	-10.741200	5.890020	-18.545161	0.000000
0	0	502	2.899020	13.297500	21.239700	-11.782100	28.975314	0.000000
0	0	503	24.440100	9.464460	6.608350	1.875610	17.461910	0.000000
0	0	504	1.024710	-6.966470	29.205400	-26.011200	51.708133	0.000000
0	0	505	-17.819200	-26.980700	13.307600	-26.610600	76.873129	0.000000
0	0	506	1.888060	8.761830	19.488400	-19.748500	32.895847	0.000000
0	0	507	13.464700	11.286000	-11.718700	-6.582980	-23.038780	0.000000
0	0	508	-19.810300	-33.557300	-35.333100	-5.512700	-66.761702	0.000000
0	0	509	-11.173300	6.637410	32.306700	-22.712400	39.195068	0.000000
0	0	510	-24.429200	-9.616770	-9.389710	24.686300	-67.842224	0.000000
0	0	511	-16.912600	29.673900	-2.860570	-20.199300	-2.753155	0.000000
0	0	512	13.752800	-12.082800	4.516270	2.030480	79.752712	0.000000
0	0	513	17.751700	-0.847508	3.857500	-2.185920	51.195619	0.000000
0	0	514	8.668310	12.910100	9.238360	-13.435300	17.793597	0.000000
0	0	515	21.946100	10.941100	-9.172880	-12.677300	-19.988022	0.000000
0	0	516	-9.381220	-7.410140	9.240180	-18.656600	64.363893	0.000000
0	0	517	-27.244900	-10.579100	-15.328700	17.937100	-62.305746	0.000000
0	0	518	-40.338400	-2.858510	45.458500	-0.973853	46.799061	0.000000
0	0	519	-10.642800	0.269744	10.109500	5.658870	44.235792	0.000000
0	0	520	-21.450600	-42.812000	3.238550	-17.615200	87.837026	0.000000
0	0	521	0.800549	-25.637400	-12.685100	33.366700	-76.837154	0.000000
0	0	522	-6.940060	38.531900	-33.810600	-8.528350	-20.632996	0.000000
0	0	523	18.359800	20.114100	-18.257300	16.798300	-21.114803	0.000000
0	0	524	29.901600	-54.235700	-4.007140	6.621470	-87.887224	0.000000
0	0	525	-22.761100	-19.660700	20.360400	-2.897710	66.999192	0.000000
0	0	526	14.935200	10.894800	0.127542	-48.617000	0.335357	0.000000
0	0	527	-2.854220	31.346100	11.299200	-15.503500	9.911252	0.000000
0	0	528	21.879600	-8.583450	-47.314900	15.994000	-50.141135	0.000000
0	0	529	17.681200	-11.502900	-1.875290	11.950500	-85.370333	0.000000
0	0	530	24.161500	-1.157630	-31.036300	5.602600	-46.068049	0.000000
0	0	531	10.687600	-15.419500	14.379800	18.448000	68.499122	0.000000
0	0	532	13.672100	5.179380	-18.382500	39.492400	-37.132249	0.000000
0	0	533	-29.621500	-3.463420	-19.682500	4.621860	-49.989926	0.000000
0	0	534	25.404600	19.043900	-2.356980	-23.952900	-3.527684	0.000000
0	0	535	32.053900	-23.893800	-27.174200	26.798600	-65.662301	0.000000
0	0	536	12.270900	1.602890	3.628030	-36.268400	33.081905	0.000000
0	0	537	-7.925950	52.704900	7.000160	-6.082130	3.782816	0.000000
0	0	538	2.639400	-0.876304	-12.253800	50.968000	-47.045210	0.000000
0	0	539	-22.586100	13.595400	-9.678330	-10.458400	-17.723203	0.000000
0	0	540	-33.646900	-7.463740	21.097400	-61.341500	54.741262	0.000000
0	0	541	-37.047100	-4.086500	-45.849200	25.470300	-47.546633	0.000000
0	0	542	24.854900	-20.632800	4.043280	38.721800	84.456303	0.000000
0	0	543	-18.537000	-4.945690	-8.426800	10.551100	-60.204339	0.000000
0	0	544	-15.626500	24.176500	-7.852340	9.510390	-8.996698	0.000000
0	0	545	12.565800	29.249300	5.233350	-4.281110	5.072074	0.000000
0	0	546	5.832530	26.233900	-1.965620	3.688640	-2.142489	0.000000
0	0	547	8.571120	28.045600	5.652850	-10.473600	5.697904	0.000000
0	0	548	-55.124600	-33.759800	-2.547940	-7.320280	-87.841960	0.000000
0	0	549	18.357600	28.210100	2.366460	21.467700	2.397571	0.000000
0	0	550	36.262000	-12.906500	-47.447800	-5.817330	-52.608556	0.000000
0	0	551	38.653000	-49.601200	-19.741500	-26.833500	-79.148611	0.000000
0	0	552	-41.224400	-4.000110	-33.391800	27.815500	-48.415546	0.000000
0	0	553	-12.546000	-11.085200	-44.578700	0.526677	-51.982138	0.000000
0	0	554	9.007120	-0.789773	-7.999870	15.952700	-47.819077	0.000000
0	0	555	-23.425900	-18.278500	-2.555850	-12.186400	-86.020022	0.000000
0	0	556	-4.663360	8.489410	11.374500	-19.598300	26.632006	0.000000
0	0	557	-25.831700	20.136200	18.911500	13.779600	21.601776	0.000000
0	0	558	23.769500	21.385900	5.648700	-17.633500	7.397873	0.000000
0	0	559	-28.005100	-2.408900	-24.440000	11.443800	-47.814555	0.000000
0	0	560	6.827620	30.124400	-2.803710	-17.727800	-2.658631	0.000000
0	0	561	-27.741300	0.925460	42.630200	13.849100	44.378180	0.000000
0	0	562	-13.965500	-16.555000	18.582900	-35.029800	65.848487	0.000000
0	0	563	35.769600	37.054400	6.742130	-1.528250	5.156140	0.000000
0	0	564	0.261106	7.085090	-23.311800	-30.186500	-36.547273	0.000000
0	0	565	-30.756300	-9.086330	2.403230	-12.158600	82.592579	0.000000
0	0	566	7.533160	-5.883160	12.356100	-23.138200	57.730355	0.000000
0	0	567	-9.796780	9.581320	-42.570700	29.648500	-38.657943	0.000000
0	0	568	5.653530	4.907910	36.647300	7.396820	41.186087	0.000000
0	0	569	-5.795670	35.942100	-19.601100	4.372600	-14.302968	0.000000
0	0	570	6.236060	-19.618000	-20.922500	-32.043500	-66.578495	0.000000
0	0	571	8.490270	7.339670	-10.976300	-2.762460	-28.115005	0.000000
0	0	572	-0.531449	4.145610	25.859100	-3.631960	40.446054	0.000000
0	0	573	6.878130	-5.845360	-20.621300	-6.102470	-52.913015	0.000000
0	0	574	-15.916100	5.955820	-21.193800	-43.308800	-37.151865	0.000000
0	0	575	16.538200	1.752950	20.876200	-2.099410	42.600100	0.000000
0	0	576	13.260800	25.035200	6.183630	14.730100	6.937107	0.000000
0	0	577	4.950660	8.915000	7.577340	-2.266600	20.181503	0.000000
0	0	578	0.121822	0.347500	14.767300	-5.806500	44.325990	0.000000
0	0	579	25.226100	-8.772650	-62.634100	-18.923900	-48.986544	0.000000
0	0	580	-32.591200	16.666900	13.959400	11.943100	19.973967	0.000000
0	0	581	-7.839760	-4.915770	3.316290	7.768480	72.997752	0.000000
0	0	582	-24.206300	-10.304900	-31.953600	-47.274200	-53.937145	0.000000
0	0	583	9.042270	-19.159900	-4.877470	-37.811700	-82.858884	0.000000
0	0	584	0.925385	16.690100	-2.172090	-22.311600	-3.707468	0.000000
0	0	585	22.145300	31.220100	18.475200	-41.609500	15.307942	0.000000
0	0	586	-9.676290	1.334190	-4.257730	14.601900	-36.300623	0.000000
0	0	587	16.762300	-20.903500	-22.438500	37.864900	-66.485830	0.000000
0	0	588	29.999600	42.341300	-34.738800	-4.607800	-19.683535	0.000000
0	0	589	28.748900	-44.629000	27.732000	-46.374400	74.071804	0.000000
0	0	590	-12.349700	-10.598500	-2.698410	2.927700	-82.857904	0.000000
0	0	591	34.514200	11.504200	-13.492600	-31.743700	-24.774042	0.000000
0	0	592	-12.567100	1.548740	17.193100	14.735600	42.426368	0.000000
0	0	593	4.177740	-24.211900	-17.234700	-5.304290	-72.277844	0.000000
0	0	594	17.305500	27.683300	-44.465200	-45.143400	-29.047144	0.000000
0	0	595	-4.824490	-33.533900	-3.754180	-16.790400	-86.806116	0.000000
0	0	596	0.842418	-9.815870	3.614480	31.737100	79.892435	0.000000
0	0	597	9.102180	16.365300	27.631500	-2.415640	29.681513	0.000000
0	0	598	5.977090	-23.303900	16.055200	-20.805900	72.717569	0.000000
0	0	599	-7.364910	5.394240	-3.562780	-11.535900	-16.721954	0.000000
0	0	600	16.203200	51.384400	-10.094900	-30.399600	-5.557345	0.000000
0	0	601	3.254450	35.760500	-34.043900	16.997300	-21.795645	0.000000
0	0	602	26.948200	-20.227200	-11.130000	-21.122700	-75.589123	0.000000
0	0	603	23.943800	-10.064100	10.099100	-9.468190	67.450272	0.000000
0	0	604	27.231900	33.678500	-0.053009	4.658800	-0.045091	0.000000
0	0	605	0.286368	-21.725200	-6.081680	17.799100	-82.180559	0.000000
0	0	606	19.532600	26.872000	3.894960	6.425850	4.123648	0.000000
0	0	607	19.083600	10.221700	-1.791700	-0.370758	-4.971015	0.000000
0	0	608	24.856300	-3.825310	-28.293200	-37.918000	-48.849920	0.000000
0	0	609	18.950000	26.484700	11.683700	-35.599900	11.902314	0.000000
0	0	610	-4.977740	2.897110	4.434730	-0.086146	28.422156	0.000000
0	0	611	15.785800	-9.160750	31.787400	-10.328900	53.038176	0.000000
0	0	612	8.791050	36.940800	11.502300	-29.834300	8.647541	0.000000
0	0	613	66.182800	-18.581400	-3.046380	-18.246300	-85.344656	0.000000
0	0	614	-7.690680	6.785800	-10.322400	-2.927910	-28.339823	0.000000
0	0	615	16.480900	6.583350	12.424800	17.828500	31.041435	0.000000
0	0	616	-4.572290	15.282900	14.223500	-26.839700	21.471866	0.000000
0	0	617	21.411700	-12.655500	-13.629900	-23.008800	-66.438509	0.000000
0	0	618	38.679100	39.385800	-5.019550	-7.608460	-3.631473	0.000000
0	0	619	21.374500	3.163920	-24.078200	15.512200	-41.257058	0.000000
0	0	620	8.997240	-6.948180	-0.374545	-6.169020	-88.457215	0.000000
0	0	621	2.210270	25.127500	-26.261000	-30.864500	-23.131797	0.000000
0	0	622	-0.033895	16.606600	22.938200	5.108630	27.048269	0.000000
0	0	623	55.293500	26.594200	-6.287610	4.358520	-6.651028	0.000000
0	0	624	13.804600	29.960000	2.429210	-12.276200	2.317751	0.000000
0	0	625	21.087000	17.134100	-29.392900	-40.159200	-29.880334	0.000000
0	0	626	0.045856	-29.716300	15.300400	19.903300	76.378429	0.000000
0	0	627	9.608010	2.041130	-11.342800	31.008900	-39.899417	0.000000
0	0	628	20.397000	3.649000	-13.629600	-7.244370	-37.505963	0.000000
0	0	629	19.152400	22.789000	6.916700	-3.392980	8.441796	0.000000
0	0	630	-30.506500	10.944700	26.427100	29.241100	33.751632	0.000000
0	0	631	10.498100	-7.717660	-8.321350	-3.552290	-66.422235	0.000000
0	0	632	11.849900	1.231280	-27.434700	-34.255700	-43.715134	0.000000
0	0	633	-3.663840	25.875200	-12.540000	-19.231300	-12.928201	0.000000
0	0	634	-12.440000	-13.740200	-0.598010	6.040010	-88.753954	0.000000
0	0	635	26.647100	17.988000	14.216800	0.199033	19.160525	0.000000
0	0	636	21.473900	33.870100	-14.990200	-11.019900	-11.936591	0.000000
0	0	637	-2.139080	0.871710	32.033900	-28.485200	44.220623	0.000000
0	0	638	-8.139170	-7.927090	-27.898300	-28.512200	-52.931048	0.000000
0	0	639	-42.169900	-27.146500	0.358608	-4.661000	89.621581	0.000000
0	0	640	5.332750	31.976400	-2.092840	-4.239200	-1.872320	0.000000
0	0	641	4.855470	37.842000	-31.462000	33.724800	-19.870140	0.000000
0	0	642	26.764900	-23.055400	12.693200	-16.652300	75.582462	0.000000
0	0	643	39.026000	50.360900	-19.225200	3.872090	-10.447141	0.000000
0	0	644	0.736996	-6.163010	-11.332300	3.823060	-59.269660	0.000000
0	0	645	-0.144108	6.141150	10.404800	-28.379600	29.724964	0.000000
0	0	646	6.973120	2.298830	-4.498390	-12.649900	-31.465713	0.000000
0	0	647	16.626400	20.264800	-4.068440	3.564670	-5.676005	0.000000
0	0	648	3.696340	-3.232490	-17.830200	-22.092300	-50.137857	0.000000
0	0	649	46.846600	8.554460	41.762300	-15.386500	39.211921	0.000000
0	0	650	32.699800	48.337300	-9.983680	-2.019400	-5.834942	0.000000
0	0	651	15.544900	1.503880	6.926740	3.820440	38.875248	0.000000
0	0	652	-16.738300	3.040470	33.419800	-1.392620	42.400825	0.000000
0	0	653	15.552500	3.614990	9.850100	40.453800	34.923423	0.000000
0	0	654	15.863500	6.912440	-11.521200	6.236660	-29.518634	0.000000
0	0	655	11.981600	-4.137860	-29.329600	17.335100	-49.015184	0.000000
0	0	656	52.570700	-6.777980	-17.304200	1.110140	-55.695031	0.000000
0	0	657	13.448800	-16.755500	23.562000	-5.527480	62.708770	0.000000
0	0	658	-13.362300	-14.533500	-10.716600	-14.958800	-71.797983	0.000000
0	0	659	-2.293780	18.633500	-17.242600	-33.660200	-21.389890	0.000000
0	0	660	-2.404560	29.166700	-26.943200	-18.442400	-21.365347	0.000000
0	0	661	4.248460	-15.517500	5.890190	2.623250	79.607027	0.000000
0	0	662	-2.934380	-57.677700	25.627100	18.060600	78.021839	0.000000
0	0	663	-4.018680	-26.586200	22.913100	13.344100	69.621930	0.000000
0	0	664	-25.558500	-26.888300	1.048630	3.535180	88.883313	0.000000
0	0	665	18.300700	8.887310	4.590640	-41.503800	13.659053	0.000000
0	0	666	4.787820	-6.992800	8.770110	18.408100	64.283459	0.000000
0	0	667	2.971910	-5.196270	14.736900	-37.492800	54.711393	0.000000
0	0	668	-7.114010	37.915400	-10.177700	10.546200	-7.512899	0.000000
0	0	669	5.734300	-18.626400	2.538070	7.263680	86.120276	0.000000
0	0	670	-27.360100	6.074750	6.924170	8.762730	24.369351	0.000000
0	0	671	13.336700	22.477300	10.302900	19.657700	12.312629	0.000000
0	0	672	8.573900	-33.581800	-25.702000	16.172100	-71.285591	0.000000
0	0	673	-13.510200	-10.799900	-17.247600	23.051300	-61.026746	0.000000
0	0	674	4.096990	-9.597060	-19.697100	7.379850	-57.988416	0.000000
0	0	675	15.762000	7.042220	0.648139	-24.974400	2.629235	0.000000
0	0	676	8.866420	-9.394700	-8.711080	-3.296460	-68.581145	0.000000
0	0	677	39.693100	-23.126500	-6.278870	-16.922500	-82.405146	0.000000
0	0	678	-12.358000	-10.763100	-27.236400	11.835400	-55.781306	0.000000
0	0	679	10.407000	-16.626100	-14.548300	10.897000	-69.406586	0.000000
0	0	680	39.897700	-7.116530	-23.732500	-42.123500	-53.346056	0.000000
0	0	681	22.326100	-2.138750	-7.417440	13.188200	-53.042213	0.000000
0	0	682	-11.709500	-11.061800	-25.099900	-11.350800	-56.891806	0.000000
0	0	683	6.708210	29.215000	5.603120	-11.239500	5.428437	0.000000
0	0	684	-7.030140	-14.727300	19.873100	22.056300	63.270463	0.000000
0	0	685	20.626900	-15.155300	-14.785800	-29.814900	-67.853523	0.000000
0	0	686	47.031700	-3.728010	29.177000	-10.932100	48.640678	0.000000
0	0	687	-1.209430	36.789300	-7.341960	4.914700	-5.643060	0.000000
0	0	688	-1.933950	8.962290	-14.100700	-17.984600	-28.780147	0.000000
0	0	689	1.692540	34.234700	-2.159260	2.029100	-1.804497	0.000000
0	0	690	19.508500	13.108700	-1.345900	1.043990	-2.931073	0.000000
0	0	691	4.759540	22.369400	21.960800	14.855400	22.235954	0.000000
0	0	692	13.254200	-42.881300	-4.076870	-21.904700	-87.284510	0.000000
0	0	693	-1.664330	8.886260	-32.360700	-15.878600	-37.322519	0.000000
0	0	694	5.694310	17.544800	-1.653490	-43.753800	-2.691937	0.000000
0	0	695	18.989000	2.559770	9.090200	6.595510	37.136479	0.000000
0	0	696	-17.585900	50.191200	-7.463300	19.140200	-4.228880	0.000000
0	0	697	-3.995020	16.568600	-6.440150	14.389700	-10.620455	0.000000
0	0	698	16.259700	36.790100	0.115858	17.953400	0.090217	0.000000
0	0	699	25.453400	32.547300	-13.098400	19.927900	-10.960962	0.000000
0	0	700	33.383300	-15.536600	-23.676100	0.663755	-61.636733	0.000000
0	0	701	30.109600	6.494520	-38.411500	14.101800	-40.201667	0.000000
0	0	702	19.141900	2.090030	17.333600	-5.633920	41.562325	0.000000
0	0	703	39.896800	-16.962400	-29.690000	17.231900	-59.870030	0.000000
0	0	704	40.238300	-7.932300	-4.872790	-23.484500	-74.218854	0.000000
0	0	705	37.681600	25.568000	20.694800	16.629000	19.493395	0.000000
0	0	706	55.936500	7.767780	10.446300	-8.884130	26.682910	0.000000
0	0	707	-17.563800	-16.830000	-16.204500	16.897400	-68.042376	0.000000
0	0	708	15.806900	24.811800	-46.503100	27.046100	-30.958890	0.000000
0	0	709	47.877300	18.712100	12.547300	1.024330	16.921810	0.000000
0	0	710	-12.652200	10.560700	11.307800	-15.276400	23.478326	0.000000
0	0	711	-4.618010	10.622000	-4.386860	-2.418450	-11.220253	0.000000
0	0	712	11.957500	-8.011860	-7.268720	-16.519500	-68.892135	0.000000
0	0	713	-4.371210	28.702700	-2.097800	-8.356180	-2.090078	0.000000
0	0	714	30.594200	-21.515400	11.897700	-7.200550	75.529026	0.000000
0	0	715	-5.975020	13.702600	-23.727000	4.998640	-29.996550	0.000000
0	0	716	25.504400	-34.113700	3.332540	22.617800	87.210262	0.000000
0	0	717	2.209950	16.123500	3.228980	-20.820300	5.662278	0.000000
0	0	718	38.416400	3.583070	-37.943200	-42.425500	-42.302708	0.000000
0	0	719	3.419390	2.414360	-3.532310	1.270540	-27.823552	0.000000
0	0	720	-33.605700	33.972800	-43.519100	10.504100	-26.011468	0.000000
0	0	721	13.868800	34.711700	21.242800	11.279500	15.732860	0.000000
0	0	722	-10.118000	23.799800	-24.625800	-2.041100	-22.988602	0.000000
0	0	723	-9.448520	24.970500	40.799300	1.988450	29.266005	0.000000
0	0	724	4.360200	-5.704910	-12.999600	0.537259	-56.847200	0.000000
0	0	725	26.267700	-14.181100	6.512350	-40.497100	77.667058	0.000000
0	0	726	-12.429000	-14.626300	-9.847910	6.542000	-73.023779	0.000000
0	0	727	1.051660	5.525430	7.033230	22.872000	25.923098	0.000000
0	0	728	25.953000	17.860200	35.678300	23.819100	31.703956	0.000000
0	0	729	15.979400	7.550070	-11.859200	-28.829500	-28.758720	0.000000
0	0	730	4.849110	0.008452	-5.606870	-3.711730	-44.956815	0.000000
0	0	731	34.990500	-45.298000	15.600800	37.685200	80.498051	0.000000
0	0	732	34.723400	27.154900	-13.045100	-0.990383	-12.829717	0.000000
0	0	733	-45.045000	-10.862900	23.008900	25.022000	57.636404	0.000000
0	0	734	20.939600	-6.733700	1.186210	-3.993640	85.004634	0.000000
0	0	735	56.134900	2.802730	32.194200	3.967590	42.512273	0.000000
0	0	736	11.045100	3.029980	2.588640	3.510730	20.254333	0.000000
0	0	737	42.861500	-0.267473	24.105000	-20.977300	45.317869	0.000000
0	0	738	16.841700	-2.064740	-25.918500	-42.421200	-47.277361	0.000000
0	0	739	-0.626764	-0.090070	-4.524160	-3.282290	-45.570263	0.000000
0	0	740	11.160200	-34.635300	14.979100	-11.988800	78.306224	0.000000
0	0	741	36.042300	-19.576900	-9.082090	-30.387600	-77.556266	0.000000
0	0	742	-25.813300	-1.736700	8.701400	35.161300	50.643632	0.000000
0	0	743	17.288100	-1.563980	14.810900	12.000500	48.013949	0.000000
0	0	744	31.407500	-0.747708	-2.417350	-30.552800	-53.593653	0.000000
0	0	745	20.896000	-23.724400	11.701400	-0.862574	76.873232	0.000000
0	0	746	1.216380	12.076100	31.777700	1.045040	34.596152	0.000000
0	0	747	34.930800	-73.847300	-11.534500	3.545090	-85.561238	0.000000
0	0	748	50.013200	4.377810	-2.746890	4.127910	-16.053263	0.000000
0	0	749	11.542200	-1.498880	-10.379500	-32.119000	-49.108574	0.000000
0	0	750	-24.118200	1.311720	-4.038640	20.387900	-36.003296	0.000000
0	0	751	19.116500	-4.917050	0.010397	-13.638100	89.939425	0.000000
0	0	752	28.908100	-3.201620	39.605300	2.786320	47.310818	0.000000
0	0	753	41.349400	17.889400	7.818740	-4.587210	11.804106	0.000000
0	0	754	29.181200	27.004900	-13.100200	-36.750600	-12.939117	0.000000
0	0	755	32.015500	-40.634700	13.397000	-5.859390	80.876472	0.000000
0	0	756	22.391200	-35.265800	29.797400	4.879840	69.902138	0.000000
0	0	757	24.296400	10.938300	-6.423780	-28.814000	-15.212306	0.000000
0	0	758	49.819000	-1.030110	18.726900	-15.536200	46.574247	0.000000
0	0	759	30.096900	-18.933800	-13.628400	12.674100	-72.126979	0.000000
0	0	760	-1.016040	3.039650	3.985560	16.890700	26.334238	0.000000
0	0	761	23.576300	-14.874100	21.083900	-0.729435	62.600948	0.000000
0	0	762	28.363400	2.332930	11.882200	19.674500	39.445972	0.000000
0	0	763	11.542700	43.816000	30.686400	-17.687600	17.502679	0.000000
0	0	764	18.766900	5.133030	20.564600	-9.065490	37.992526	0.000000
0	0	765	28.119500	-1.533520	24.691900	-11.806900	46.776929	0.000000
0	0	766	1.543120	3.487120	6.308080	-15.582000	30.533045	0.000000
0	0	767	18.036200	4.977920	6.298340	3.518150	25.839384	0.000000
0	0	768	7.702320	-8.830650	-6.190750	4.175830	-72.483762	0.000000
0	0	769	-7.277620	-32.374600	-17.425000	6.023190	-75.854752	0.000000
0	0	770	-11.961000	-26.433600	-17.467200	-11.939400	-73.271729	0.000000
0	0	771	12.252300	5.579570	-5.057010	-3.272880	-21.093701	0.000000
0	0	772	1.900330	-4.767610	10.144300	-2.464740	57.586274	0.000000
0	0	773	-0.953414	3.334210	-29.461700	10.366800	-41.771626	0.000000
0	0	774	2.848760	30.559200	0.226895	-20.499900	0.212700	0.000000
0	0	775	-22.104100	6.334310	-2.383230	47.260500	-10.309190	0.000000
0	0	776	24.088200	-8.204830	27.421600	-4.575210	53.328867	0.000000
0	0	777	-9.870140	-7.925200	-35.522200	18.541700	-51.288514	0.000000
0	0	778	-18.006800	18.012300	-21.750100	-3.635980	-25.185108	0.000000
0	0	779	27.728200	8.679280	-24.471600	-5.668890	-35.236030	0.000000
0	0	780	-0.553649	24.398100	-4.187680	-6.166440	-4.869662	0.000000
0	0	781	16.442400	-18.791500	-15.254600	38.140900	-70.465466	0.000000
0	0	782	-5.643150	-13.089800	-15.914400	-2.825340	-64.718870	0.000000
0	0	783	-13.496000	39.494800	-10.888700	-11.577100	-7.706755	0.000000
0	0	784	18.181400	-23.301400	-11.540200	-10.671500	-76.826364	0.000000
0	0	785	-10.688300	12.792600	13.269100	-21.442900	23.023726	0.000000
0	0	786	33.637100	-5.992310	9.938970	-1.769470	60.543109	0.000000
0	0	787	8.780210	-2.725430	38.406300	-13.853100	47.029541	0.000000
0	0	788	29.664000	13.366700	10.746400	19.345200	19.399085	0.000000
0	0	789	12.871000	6.882090	1.578990	18.544800	6.460998	0.000000
0	0	790	29.129100	46.494000	-10.346900	-2.913500	-6.273152	0.000000
0	0	791	18.421500	51.703100	24.065600	-10.688500	12.479990	0.000000
0	0	792	3.521870	-26.716200	1.107880	-31.065100	88.812696	0.000000
0	0	793	30.648800	-8.069130	28.087000	11.785200	53.014429	0.000000
0	0	794	-21.555100	4.247950	-6.008900	-1.579560	-27.370933	0.000000
0	0	795	0.171682	28.513600	21.686400	-18.978000	18.627645	0.000000
0	0	796	28.277200	31.259100	-4.792940	-24.746300	-4.358619	0.000000
0	0	797	3.501710	-25.900600	-20.510200	-17.859100	-70.812478	0.000000
0	0	798	9.905000	28.750900	-17.551300	-21.667900	-15.701216	0.000000
0	0	799	51.704700	8.161100	-10.385000	17.225700	-25.918902	0.000000
0	0	800	49.459600	-7.638330	8.549110	-10.829800	65.889835	0.000000
0	0	801	27.590900	-38.694000	29.786000	-16.200200	71.205760	0.000000
0	0	802	26.890200	12.798400	19.073600	-8.054910	28.069179	0.000000
0	0	803	30.696100	38.857300	-28.451300	8.844980	-18.105787	0.000000
0	0	804	57.568700	-7.264530	-21.911200	-26.264900	-54.171319	0.000000
0	0	805	-1.958150	-2.656400	18.186900	-29.087400	49.154964	0.000000
0	0	806	0.500079	22.803500	-22.848400	-12.723900	-22.528176	0.000000
0	0	807	27.167200	-2.138640	-10.282800	4.429880	-50.874505	0.000000
0	0	808	5.503350	-3.361570	-18.171600	-4.843820	-50.240341	0.000000
0	0	809	13.448200	12.860600	16.312500	4.514690	25.874067	0.000000
0	0	810	-5.077400	-6.965870	-19.195900	-34.487700	-54.972492	0.000000
0	0	811	20.201200	-23.005500	2.668840	-44.771300	86.691383	0.000000
0	0	812	21.490300	12.558200	22.456600	-13.145800	30.392584	0.000000
0	0	813	4.443080	-17.021700	18.990800	-14.997400	65.935142	0.000000
0	0	814	10.473800	-14.066500	-3.870280	-6.140800	-82.308102	0.000000
0	0	815	2.369810	9.493690	9.265240	-1.089030	22.151138	0.000000
0	0	816	14.949200	-25.532100	18.013900	-3.350040	72.397764	0.000000
0	0	817	57.327600	26.733100	-10.862500	13.207800	-11.056728	0.000000
0	0	818	20.851300	-10.915400	48.095600	-8.063380	51.393400	0.000000
0	0	819	-8.273110	47.455500	-17.894200	-19.788900	-10.330059	0.000000
0	0	820	24.205800	12.389700	20.779800	-25.636500	29.597505	0.000000
0	0	821	15.092000	-16.432400	-4.874420	-11.850500	-81.738908	0.000000
0	0	822	36.575200	-30.612800	-0.269713	47.730200	-89.747605	0.000000
0	0	823	4.933220	-11.038700	10.743400	-13.901100	67.888356	0.000000
0	0	824	-1.130760	-24.989500	8.129040	35.745700	80.990193	0.000000
0	0	825	6.148070	-34.135100	-22.337100	8.465820	-73.400167	0.000000
0	0	826	-1.944160	-15.540600	-20.266600	-44.821400	-63.740648	0.000000
0	0	827	18.049800	14.706000	36.443900	-21.998100	34.012363	0.000000
0	0	828	-10.442200	28.102700	-7.258080	-21.196000	-7.240662	0.000000
0	0	829	10.310000	-27.755500	9.500960	-0.691477	80.551729	0.000000
0	0	830	-49.401200	-12.040100	-12.384300	9.098280	-67.096307	0.000000
0	0	831	20.537300	-14.689800	-3.218850	-3.379120	-83.820302	0.000000
0	0	832	-23.073400	5.820730	-20.728600	24.586400	-37.157451	0.000000
0	0	833	19.000100	4.511420	8.074940	-28.404200	30.404086	0.000000
0	0	834	7.907810	35.168500	24.408200	23.239800	17.381017	0.000000
0	0	835	22.891900	26.613500	9.356230	33.792300	9.684806	0.000000
0	0	836	-2.846880	-26.196100	31.444300	-2.786350	64.898761	0.000000
0	0	837	13.367400	1.944640	16.706300	-7.632980	41.680279	0.000000
0	0	838	9.760300	-19.441100	4.383820	2.293830	83.646384	0.000000
0	0	839	18.885100	-18.692300	13.793800	-19.441000	71.787446	0.000000
0	0	840	46.200700	-5.254720	22.873100	-24.618200	51.469134	0.000000
0	0	841	9.245620	12.085900	-27.148400	11.584700	-33.001186	0.000000
0	0	842	11.421900	-3.591910	-16.773900	-14.569200	-51.043301	0.000000
0	0	843	10.451500	4.181190	-31.369400	-2.225150	-41.203932	0.000000
0	0	844	40.773800	15.823800	2.259220	42.732000	4.062704	0.000000
0	0	845	48.817300	-15.065500	31.579500	-24.512900	57.752107	0.000000
0	0	846	28.700400	18.611000	24.791000	5.342720	26.551928	0.000000
0	0	847	35.606100	-4.490970	-42.385300	15.898400	-48.024128	0.000000
0	0	848	5.011120	14.265900	-8.152360	-0.694477	-14.873072	0.000000
0	0	849	-0.678298	13.677400	-5.286720	16.957100	-10.566496	0.000000
0	0	850	36.540400	10.392700	-31.175300	-41.654900	-35.781754	0.000000
0	0	851	15.435800	8.580840	17.033000	-32.224900	31.631034	0.000000
0	0	852	-13.375600	-20.657400	-25.842200	-18.831500	-64.318842	0.000000
0	0	853	3.554590	-7.704530	23.573700	26.162800	54.049404	0.000000
0	0	854	16.189500	-22.796600	5.754030	-9.916730	82.917006	0.000000
0	0	855	5.583710	2.874790	22.318500	6.724430	41.330144	0.000000
0	0	856	-40.940100	-17.282100	-10.866300	-6.165510	-73.919972	0.000000
0	0	857	24.073000	10.979000	1.915210	-67.213400	4.947639	0.000000
0	0	858	-7.056100	6.356470	-1.237010	-16.764400	-5.506242	0.000000
0	0	859	18.684900	-11.377700	19.147700	-6.662670	60.359542	0.000000
0	0	860	26.352500	-2.464000	-4.927160	1.429600	-58.284479	0.000000
0	0	861	20.817800	22.830700	-12.533300	-1.789260	-14.382666	0.000000
0	0	862	14.602600	-7.436750	2.407760	0.681501	81.029929	0.000000
0	0	863	3.709520	-9.269940	-5.130770	-5.386730	-75.518071	0.000000
0	0	864	17.611000	-15.957300	31.735700	-21.322600	58.347050	0.000000
0	0	865	-1.916610	22.833300	6.885100	0.357926	8.390019	0.000000
0	0	866	8.836860	2.728270	22.246000	18.656300	41.504054	0.000000
0	0	867	26.339000	-20.660100	12.117900	-41.732600	74.803413	0.000000
0	0	868	-3.418840	-7.723440	10.631200	-22.576300	62.998979	0.000000
0	0	869	38.758000	14.099800	6.546730	8.995170	12.453043	0.000000
0	0	870	36.980700	-28.475700	-11.355300	11.384000	-79.129646	0.000000
0	0	871	-33.031900	43.267100	5.305040	-28.050800	3.495113	0.000000
0	0	872	12.003500	1.758230	3.102330	11.344200	30.228910	0.000000
0	0	873	-4.173770	13.513600	-29.000900	24.953400	-32.507905	0.000000
0	0	874	4.234120	41.394800	35.062300	-8.123400	20.132664	0.000000
0	0	875	39.993300	14.151200	-30.764600	8.125920	-32.649181	0.000000
0	0	876	34.343500	4.424580	-0.248096	-3.391020	-1.604670	0.000000
0	0	877	6.454710	-6.999150	3.948080	15.274400	75.286764	0.000000
0	0	878	4.425530	3.669890	16.684700	-7.040160	38.797509	0.000000
0	0	879	5.630740	-22.786100	-20.129600	-3.721330	-69.271057	0.000000
0	0	880	14.805500	40.528800	26.035100	1.702430	16.358044	0.000000
0	0	881	8.399190	36.889500	-53.108800	-8.028970	-27.608032	0.000000
0	0	882	12.920900	7.416560	17.075800	6.193910	33.261585	0.000000
0	0	883	21.323800	-12.402600	10.331800	-0.751484	70.102259	0.000000
0	0	884	6.806280	22.232600	18.086600	-15.946700	19.564472	0.000000
0	0	885	-5.981580	5.524390	-31.434800	-17.824400	-40.016277	0.000000
0	0	886	7.698030	12.944100	32.477100	-27.206100	34.134855	0.000000
0	0	887	-0.252855	-27.096800	30.995800	8.902220	65.580119	0.000000
0	0	888	19.161200	8.660970	30.199100	-10.348200	36.998670	0.000000
0	0	889	6.660500	29.108000	47.102100	0.506829	29.142451	0.000000
0	0	890	18.778300	-12.309800	-32.365000	-7.282170	-55.411980	0.000000
0	0	891	20.748400	22.351300	24.604900	-4.694490	23.873863	0.000000
0	0	892	8.990680	15.547200	23.444800	6.841790	28.225012	0.000000
0	0	893	48.453800	-28.096400	18.843900	13.222000	73.075371	0.000000
0	0	894	28.086400	27.113300	10.161200	-22.791000	10.272198	0.000000
0	0	895	-3.876980	22.923800	-11.623700	10.733500	-13.443830	0.000000
0	0	896	25.757800	11.137300	27.375800	14.840600	33.931014	0.000000
0	0	897	48.165300	22.899800	9.412620	36.605300	11.172190	0.000000
0	0	898	-3.866550	-5.795250	11.332700	-21.746000	58.542015	0.000000
0	0	899	12.458100	-6.920390	-21.933300	4.510930	-53.755758	0.000000
0	0	900	15.778800	4.485400	-7.096980	3.136930	-28.853243	0.000000
0	0	901	47.290600	21.302600	-1.033140	24.358900	-1.388286	0.000000
0	0	902	16.722500	21.462800	5.116960	-3.316810	6.704799	0.000000
0	0	903	36.700100	11.637800	1.642590	-36.554300	4.016906	0.000000
0	0	904	1.812650	0.424257	-0.886112	-8.230480	-32.207803	0.000000
0	0	905	0.307666	-26.435000	3.761640	-15.485500	85.950656	0.000000
0	0	906	8.143890	22.853100	-9.040500	-39.180000	-10.791674	0.000000
0	0	907	1.040120	1.624630	-21.229700	27.160400	-42.811948	0.000000
0	0	908	21.670000	7.513740	7.330490	52.931100	22.146364	0.000000
0	0	909	15.015200	17.472500	35.301900	-10.131100	31.833560	0.000000
0	0	910	3.775050	-1.268740	-15.760200	13.029100	-47.301272	0.000000
0	0	911	18.539100	0.855931	30.732500	-1.751240	44.202334	0.000000
0	0	912	15.203100	18.809000	-3.666490	-8.903390	-5.515248	0.000000
0	0	913	25.547600	15.880300	21.508600	-7.254840	26.780342	0.000000
0	0	914	44.691400	0.929918	-7.181790	-4.394930	-41.311116	0.000000
0	0	915	46.189400	-14.729200	3.297770	-14.728900	83.689991	0.000000
0	0	916	-1.895860	-28.215700	-7.003440	-18.609500	-83.030142	0.000000
0	0	917	0.509644	47.565100	-6.304010	-5.110900	-3.774830	0.000000
0	0	918	46.485900	11.970500	25.312600	34.160300	32.345108	0.000000
0	0	919	35.855100	53.725900	-2.444760	13.144400	-1.302704	0.000000
0	0	920	-34.673400	-25.929900	5.942110	0.981728	83.546462	0.000000
0	0	921	-41.505200	-15.248400	-24.893800	-22.347600	-60.744528	0.000000
0	0	922	18.668800	-5.846450	0.319648	-13.246300	88.435267	0.000000
0	0	923	-7.682300	33.814800	28.352300	-10.075200	19.989215	0.000000
0	0	924	21.594400	-10.991400	10.753400	-34.684700	67.813543	0.000000
0	0	925	-2.796150	-31.087400	-36.407100	-23.631300	-65.246723	0.000000
0	0	926	34.720500	-4.673490	-11.944800	-0.430734	-55.684142	0.000000
0	0	927	16.896000	10.851600	11.150500	-4.875400	22.889160	0.000000
0	0	928	20.873500	23.526800	-5.178770	-38.675700	-6.207047	0.000000
0	0	929	-1.625140	-2.041350	-44.232700	-21.680100	-46.321170	0.000000
0	0	930	-40.361200	11.378900	30.022800	21.573900	34.621430	0.000000
0	0	931	-0.925124	18.130800	10.950300	6.260960	15.565174	0.000000
0	0	932	8.704960	-10.271500	0.544810	2.449940	88.481912	0.000000
0	0	933	19.490000	-13.184200	-10.100700	46.437200	-71.271748	0.000000
0	0	934	-12.855600	-0.088071	-38.382400	-18.500300	-45.065734	0.000000
0	0	935	-10.461500	28.253000	18.640200	-25.456700	16.707616	0.000000
0	0	936	32.240300	-1.321160	-22.818100	10.435400	-46.656853	0.000000
0	0	937	18.177100	-18.561300	-12.695200	-12.448500	-72.814703	0.000000
0	0	938	44.317600	20.497400	-26.122100	-34.987600	-25.939777	0.000000
0	0	939	-24.432300	10.356600	-0.542726	-43.797800	-1.499889	0.000000
0	0	940	24.415100	8.501740	30.089800	-21.889400	37.111298	0.000000
0	0	941	23.242600	22.817100	-7.600410	-15.444500	-9.211496	0.000000
0	0	942	27.737800	43.561000	-21.108400	13.915500	-12.926743	0.000000
0	0	943	7.289970	41.740100	-28.963600	-19.278800	-17.378457	0.000000
0	0	944	-2.451650	7.279730	11.120400	8.430460	28.395051	0.000000
0	0	945	22.391300	3.414500	-32.999200	-2.954400	-42.046251	0.000000
0	0	946	4.399410	11.923600	18.385600	-4.737600	28.517705	0.000000
0	0	947	16.407200	6.191360	-10.586600	-24.113900	-29.839814	0.000000
0	0	948	14.292500	62.736500	-14.944300	-20.669800	-6.699290	0.000000
0	0	949	-14.523100	7.958320	-0.092762	6.770970	-0.333905	0.000000
0	0	950	8.520820	14.097500	-29.209300	-1.801640	-32.118153	0.000000
0	0	951	39.752800	-2.367770	11.862600	-35.959600	50.643935	0.000000
0	0	952	27.280300	18.828700	-8.432900	-2.359450	-12.063202	0.000000
0	0	953	-7.801630	31.884800	-1.079230	-9.260560	-0.969298	0.000000
0	0	954	-1.416700	22.127200	13.627000	-37.726800	15.813385	0.000000
0	0	955	-11.775200	31.934400	-20.634300	-51.415400	-16.434191	0.000000
0	0	956	-3.399170	4.625070	-17.891800	6.629670	-37.753098	0.000000
0	0	957	-33.375800	4.470230	39.701100	-20.655300	41.787859	0.000000
0	0	958	3.125580	1.869550	-6.848010	-37.082400	-37.365001	0.000000
0	0	959	-9.430320	-1.797600	-24.542600	0.138178	-47.094548	0.000000
0	0	960	2.213540	23.801400	18.040600	-11.438300	18.580405	0.000000
0	0	961	45.020900	14.943800	-1.809600	24.640100	-3.452270	0.000000
0	0	962	18.158100	24.172000	5.374240	-19.107600	6.267436	0.000000
0	0	963	7.335620	5.339170	-28.155600	9.223710	-39.631224	0.000000
0	0	964	22.484300	21.758200	4.452500	-6.780970	5.782541	0.000000
0	0	965	20.880900	4.466100	11.891900	-3.186520	34.707961	0.000000
0	0	966	24.784300	40.528000	18.460400	5.018460	12.244572	0.000000
0	0	967	-17.380800	37.758700	-24.126200	9.693560	-16.288422	0.000000
0	0	968	2.346550	30.305200	4.356690	-1.592830	4.090409	0.000000
0	0	969	2.746170	16.920600	10.233600	-34.690700	15.582801	0.000000
0	0	970	11.009700	5.242370	12.763900	13.463400	33.835568	0.000000
0	0	971	-27.387100	-16.978900	22.511800	-25.060800	63.512205	0.000000
0	0	972	-0.557389	9.609420	17.826100	-55.612900	30.836232	0.000000
0	0	973	17.913900	25.368800	7.776360	-8.779940	8.521000	0.000000
0	0	974	19.938100	-1.153180	-6.677270	-31.001000	-49.899230	0.000000
0	0	975	-8.628380	-7.969350	-10.529000	-35.819100	-63.560953	0.000000
0	0	976	36.623900	19.243700	12.912400	-69.325900	16.930680	0.000000
0	0	977	13.019000	25.294200	-11.073000	-35.661600	-11.821141	0.000000
0	0	978	-1.918270	-1.581160	8.416830	-22.171200	50.319706	0.000000
0	0	979	47.663100	-16.868100	3.391620	-24.016000	84.315645	0.000000
0	0	980	40.246000	31.324100	-5.358270	12.776000	-4.853504	0.000000
0	0	981	45.357200	22.318600	-5.195480	6.937240	-6.552166	0.000000
0	0	982	38.798200	9.158140	-25.935400	4.870870	-35.275593	0.000000
0	0	983	27.902500	28.151100	23.414700	-28.311300	19.876009	0.000000
0	0	984	11.786700	-12.278700	-23.556400	-25.229700	-58.765319	0.000000
0	0	985	20.993400	23.139100	10.590400	18.134300	12.296410	0.000000
0	0	986	-4.531950	-3.039730	-12.155300	-12.705500	-52.020129	0.000000
0	0	987	-2.296860	-3.801540	-8.364340	-48.166700	-57.220749	0.000000
0	0	988	-2.314220	-0.068022	-6.624540	-65.281100	-45.294150	0.000000
0	0	989	31.283100	17.693900	-12.970700	5.203970	-18.121836	0.000000
0	0	990	38.238300	29.562400	-30.690500	-22.687500	-23.036305	0.000000
0	0	991	30.568200	-1.858910	26.836700	-11.476200	46.981202	0.000000
0	0	992	30.971600	31.267000	11.018500	-23.716700	9.706236	0.000000
0	0	993	-6.374130	11.477800	-19.171700	5.844290	-29.545848	0.000000
0	0	994	-5.587470	3.560710	-0.362125	-29.207300	-2.903514	0.000000
0	0	995	27.580600	-1.300180	18.377500	-0.756920	47.023423	0.000000
0	0	996	58.178000	14.841000	-5.502900	5.773230	-10.172148	0.000000
0	0	997	32.277000	-9.339330	5.863510	5.770230	73.939086	0.000000
0	0	998	44.535700	-11.075600	-9.464000	-17.165000	-69.743205	0.000000
0	0	999	-4.297310	16.424200	15.545100	-11.491900	21.712431	0.000000
0	0	1000	30.096300	-32.663200	-31.886400	21.122400	-67.844737	0.000000
0	0	1001	-10.565400	-24.583000	8.849610	-23.983600	80.100840	0.000000
0	0	1002	33.961900	32.729100	-54.915400	-15.608000	-29.602713	0.000000
0	0	1003	-0.393746	-9.231980	24.079000	-25.312100	55.488507	0.000000
0	0	1004	4.507700	14.437000	-5.330550	-26.487100	-10.132788	0.000000
0	0	1005	3.240330	-20.877400	44.953700	-10.849600	57.455550	0.000000
0	0	1006	7.980960	-10.058300	9.253520	-43.111600	68.693151	0.000000
0	0	1007	38.860800	22.348600	1.960400	-31.602400	2.506552	0.000000
0	0	1008	7.708960	9.212980	15.734700	-13.648300	29.825089	0.000000
0	0	1009	33.029100	34.668700	1.485990	-36.884300	1.227171	0.000000
0	0	1010	-6.778220	11.127100	2.374350	-22.638300	6.022688	0.000000
0	0	1011	-20.542600	13.395700	-34.910000	-30.497600	-34.503572	0.000000
0	0	1012	7.948780	11.532200	-3.238540	-0.902613	-7.843058	0.000000
0	0	1013	6.062470	52.955100	-1.111880	7.690110	-0.601422	0.000000
0	0	1014	15.405200	5.698190	-36.119000	11.262500	-40.517409	0.000000
0	0	1015	19.495900	-23.224500	9.475230	-18.411100	78.902657	0.000000
0	0	1016	9.290270	-33.286400	-26.830800	-19.067300	-70.564569	0.000000
0	0	1017	-24.622900	-28.751900	-59.516000	-5.383370	-57.892485	0.000000
0	0	1018	46.150900	-9.823680	-20.475600	-12.670300	-57.815263	0.000000
0	0	1019	36.162400	-36.245600	-13.842500	-23.673200	-79.548861	0.000000
0	0	1020	29.491100	14.264700	-30.477300	-54.027900	-32.459182	0.000000
0	0	1021	21.264200	-0.300956	14.160000	-34.492500	45.608789	0.000000
0	0	1022	28.494600	14.866400	0.041750	-12.526800	0.080453	0.000000
0	0	1023	15.357800	45.715600	-34.137400	-43.678600	-18.374977	0.000000
