0	0	0	34.192300	-6.405120	-11.588900	-25.251200	-59.464591	0.000000
0	0	1	69.380400	-11.569900	-21.256800	-21.178300	-59.279543	0.000000
0	0	2	70.983100	-8.138670	-20.562700	-31.168500	-55.796773	0.000000
0	0	3	70.097400	25.584900	-38.850800	-44.119700	-28.316700	0.000000
0	0	4	45.804600	-30.119100	0.740881	-52.781100	89.295450	0.000000
0	0	5	32.365500	17.328900	36.707300	-26.932800	32.364395	0.000000
0	0	6	68.342100	7.551750	11.267000	12.746100	28.083939	0.000000
0	0	7	48.694700	0.035702	2.269150	-11.049400	44.549300	0.000000
0	0	8	49.608600	-22.720700	8.162970	-12.353700	80.118963	0.000000
0	0	9	64.705600	7.578730	-5.155720	-16.229100	-17.113495	0.000000
0	0	10	48.677000	-25.872500	-4.843590	-34.429700	-84.698199	0.000000
0	0	11	50.105400	-26.242100	-42.121300	-65.746200	-60.961713	0.000000
0	0	12	58.915200	-21.251900	-3.834380	-60.322200	-84.886213	0.000000
0	0	13	77.711000	-39.390600	-12.600900	-7.131400	-81.130364	0.000000
0	0	14	82.073000	-16.342700	-28.520900	14.467900	-59.906524	0.000000
0	0	15	98.078300	-35.013100	-43.998100	2.154380	-64.256153	0.000000
0	0	16	83.739000	-36.129000	-13.258000	-27.580400	-79.924370	0.000000
0	0	17	88.820400	-10.720200	27.430200	-72.115700	55.673212	0.000000
0	0	18	59.396400	-31.008900	-29.655800	-11.682600	-68.138873	0.000000
0	0	19	40.431000	-4.777280	-55.728200	-21.834700	-47.449841	0.000000
0	0	20	90.626600	-16.363400	6.059010	-22.701900	79.840754	0.000000
0	0	21	81.656100	-13.174500	-73.305000	-53.058300	-50.094264	0.000000
0	0	22	76.894400	-8.851710	-17.562200	-18.743700	-58.374522	0.000000
0	0	23	80.396400	-38.343500	-32.223400	-82.707400	-69.978362	0.000000
0	0	24	57.310400	-29.301000	-43.475500	-32.192700	-61.989311	0.000000
0	0	25	69.711000	-14.028800	-27.147500	-62.828000	-58.664104	0.000000
0	0	26	78.322700	-34.269100	-40.908300	-69.659700	-64.976544	0.000000
0	0	27	68.229600	-15.359700	-32.293600	-56.327600	-57.718505	0.000000
0	0	28	94.581200	-21.260600	-28.807400	-37.975700	-63.214138	0.000000
0	0	29	81.735300	-14.438100	-17.729800	-9.842090	-64.578666	0.000000
0	0	30	91.502100	-38.378700	-80.243500	-31.713300	-57.780382	0.000000
0	0	31	70.752200	-2.114200	-32.162100	-14.147400	-46.880485	0.000000
0	0	32	69.648000	-2.162120	-74.361200	-25.323400	-45.832729	0.000000
0	0	33	100.031000	-8.231890	-38.804900	-20.121500	-50.988453	0.000000
0	0	34	76.696400	-13.468300	-9.649040	-17.150200	-72.190602	0.000000
0	0	35	65.025200	-29.114700	-21.609400	-42.598800	-71.708300	0.000000
0	0	36	75.488500	-8.817340	-28.823000	-59.861000	-53.504785	0.000000
0	0	37	103.603000	-36.959700	-22.236800	-45.727400	-74.483392	0.000000
0	0	38	73.385900	-30.544100	4.611620	-29.176900	85.707098	0.000000
0	0	39	81.842300	-32.998500	-57.619500	-40.681000	-59.899813	0.000000
0	0	40	53.148500	3.848920	-35.486700	-9.785630	-41.904922	0.000000
0	0	41	90.351600	-29.991400	-27.953400	-72.977100	-68.507171	0.000000
0	0	42	89.395700	-45.031600	-20.033700	-11.485900	-78.008315	0.000000
0	0	43	59.631100	1.466050	-21.244500	-22.812300	-43.026183	0.000000
0	0	44	101.598000	13.162700	-23.190700	-45.875900	-30.210697	0.000000
0	0	45	107.665000	2.244980	-17.672100	-2.398180	-41.380097	0.000000
0	0	46	79.200800	-11.248600	11.364100	-22.316400	67.353675	0.000000
0	0	47	133.377000	12.718300	1.966040	-13.219000	4.393715	0.000000
0	0	48	68.722300	-5.767440	28.542200	-34.666300	50.711884	0.000000
0	0	49	83.200600	0.866331	0.619810	-4.002840	17.790770	0.000000
0	0	50	89.520000	11.733800	-14.431700	-30.794700	-25.443455	0.000000
0	0	51	110.797000	-17.269400	-38.910500	44.891000	-56.966390	0.000000
0	0	52	104.398000	-5.765460	-27.081900	-51.828600	-51.009133	0.000000
0	0	53	73.566200	-15.729900	-33.773800	-36.415700	-57.486702	0.000000
0	0	54	132.384000	-29.650700	-49.786200	-9.417800	-60.388181	0.000000
0	0	55	124.109000	3.453520	-30.363300	-18.495300	-41.755534	0.000000
0	0	56	114.932000	-18.692500	-29.337200	-2.823120	-61.251835	0.000000
0	0	57	76.812200	2.002440	-29.289400	-51.927500	-43.044461	0.000000
0	0	58	86.289600	-0.895193	-13.961500	-51.718800	-46.834354	0.000000
0	0	59	140.230000	-27.423900	-37.764900	-31.563500	-62.993094	0.000000
0	0	60	119.110000	8.060250	-31.792500	-44.995300	-37.886866	0.000000
0	0	61	147.556000	-13.059900	-28.338300	-31.696900	-57.371469	0.000000
0	0	62	107.700000	6.645370	-65.546600	-49.761600	-42.105456	0.000000
0	0	63	76.339600	-32.994200	-36.628400	-52.511500	-66.005977	0.000000
0	0	64	139.375000	5.842290	-45.559700	-25.695600	-41.346314	0.000000
0	0	65	82.937800	-13.930100	-17.669800	4.434830	-64.125353	0.000000
0	0	66	135.110000	-10.866700	-6.758860	-56.163200	-74.059626	0.000000
0	0	67	129.612000	-11.765500	-50.171000	-1.483650	-51.598917	0.000000
0	0	68	108.152000	-53.117500	-59.763800	-30.339800	-65.815196	0.000000
0	0	69	141.969000	-42.669200	-63.008600	-17.382000	-62.052859	0.000000
0	0	70	119.683000	-54.834400	-17.816900	-13.522100	-80.999942	0.000000
0	0	71	151.667000	-30.279700	-34.970800	-44.432400	-65.443935	0.000000
0	0	72	128.271000	-48.399600	-8.674120	-43.193900	-84.919692	0.000000
0	0	73	107.569000	30.038500	-38.735200	-0.387053	-26.103510	0.000000
0	0	74	115.249000	-55.567500	-20.882600	-64.959200	-79.701739	0.000000
0	0	75	130.143000	-53.065300	-38.509200	0.148483	-72.015906	0.000000
0	0	76	183.796000	-85.622500	-23.924700	-29.034300	-82.194268	0.000000
0	0	77	122.323000	-13.059000	12.099100	-0.272310	68.592522	0.000000
0	0	78	124.829000	-47.304700	-26.908800	-44.432300	-75.183527	0.000000
0	0	79	120.608000	-43.670200	32.246200	-11.250100	71.778867	0.000000
0	0	80	159.458000	-9.412430	-37.569900	-40.338500	-52.032441	0.000000
0	0	81	122.050000	-48.715200	-38.671100	-14.473500	-70.778375	0.000000
0	0	82	109.088000	-36.782700	-15.285900	-12.254100	-78.716772	0.000000
0	0	83	129.684000	-74.628200	-16.493200	-57.647300	-83.768837	0.000000
0	0	84	133.293000	-56.214200	-61.491500	10.156200	-66.216440	0.000000
0	0	85	121.734000	-51.784200	-30.987700	-37.433200	-74.551835	0.000000
0	0	86	108.014000	-9.604270	-2.872130	9.558800	-81.675427	0.000000
0	0	87	145.809000	-31.620900	-26.850900	-15.862600	-69.831868	0.000000
0	0	88	123.414000	20.463100	-17.991200	-25.466700	-20.661001	0.000000
0	0	89	104.978000	-72.159800	-0.085022	7.607670	-89.966246	0.000000
0	0	90	134.162000	-56.583900	-18.325000	-7.280790	-81.027588	0.000000
0	0	91	137.148000	-35.158800	22.078100	-2.113950	73.936540	0.000000
0	0	92	131.397000	-47.203600	-41.813000	8.901750	-69.232721	0.000000
0	0	93	124.577000	-52.737200	-21.635100	-14.902900	-78.847211	0.000000
0	0	94	151.191000	-43.226000	-55.909700	-42.066100	-63.854514	0.000000
0	0	95	165.215000	-78.266800	-35.061300	-15.039500	-77.934489	0.000000
0	0	96	169.401000	-3.504850	3.703270	15.523500	66.711600	0.000000
0	0	97	130.309000	-17.429100	-24.661300	-12.801700	-62.625168	0.000000
0	0	98	127.357000	-13.870200	-45.682500	-20.261200	-53.444715	0.000000
0	0	99	200.405000	-80.883000	-54.162100	26.385200	-73.096172	0.000000
0	0	100	197.948000	-39.672600	-46.824000	41.444600	-65.136813	0.000000
0	0	101	184.171000	21.165000	-34.451100	37.665900	-29.217777	0.000000
0	0	102	170.893000	-46.840400	-29.816200	3.889830	-73.760629	0.000000
0	0	103	160.903000	-30.862700	8.930360	-7.263890	81.930896	0.000000
0	0	104	141.454000	-20.372900	-49.415200	-14.062200	-56.202688	0.000000
0	0	105	144.115000	14.757400	-31.127500	-3.451280	-32.317296	0.000000
0	0	106	113.272000	-10.763900	-25.853000	4.546530	-56.302205	0.000000
0	0	107	170.687000	-19.936200	-59.126300	-28.511700	-54.316536	0.000000
0	0	108	150.548000	-40.960700	-82.230400	-1.622890	-58.239433	0.000000
0	0	109	158.199000	-1.648870	-67.590500	6.331960	-45.698727	0.000000
0	0	110	187.177000	-39.750900	-55.469600	23.984500	-62.813164	0.000000
0	0	111	146.135000	-24.167500	-46.218100	10.630000	-58.802561	0.000000
0	0	112	171.584000	-13.805100	-36.130000	-7.514860	-55.455809	0.000000
0	0	113	171.374000	-7.669690	-12.020900	13.819200	-61.269540	0.000000
0	0	114	161.302000	-24.164800	-29.306100	19.664800	-64.753908	0.000000
0	0	115	158.514000	-8.376910	-38.878800	19.097200	-51.079594	0.000000
0	0	116	155.158000	-30.254600	-26.604700	34.068300	-69.336440	0.000000
0	0	117	134.543000	0.341855	-47.125800	28.566100	-44.792189	0.000000
0	0	118	151.561000	11.773400	-17.928800	21.689600	-28.354042	0.000000
0	0	119	148.920000	-13.658800	-19.611000	-2.459620	-62.428348	0.000000
0	0	120	175.923000	3.479680	-6.341900	8.888910	-30.623630	0.000000
0	0	121	128.810000	-10.014700	-3.578890	-4.073860	-80.167478	0.000000
0	0	122	157.694000	4.355080	-69.950300	8.378750	-43.218692	0.000000
0	0	123	151.454000	22.535900	-27.951400	-17.481600	-25.561200	0.000000
0	0	124	210.564000	27.931600	-72.835200	27.658500	-34.509330	0.000000
0	0	125	197.026000	4.172140	-55.101500	41.928600	-42.834989	0.000000
0	0	126	128.182000	-7.847360	-17.811400	41.007200	-56.888683	0.000000
0	0	127	219.512000	4.305430	-36.073300	-32.810900	-41.596908	0.000000
0	0	128	176.449000	-8.824310	-18.723600	28.684900	-57.617097	0.000000
0	0	129	208.969000	11.692000	-16.240300	50.389400	-27.124237	0.000000
0	0	130	199.377000	3.645460	-1.973380	-14.034500	-14.213904	0.000000
0	0	131	197.722000	-15.156800	-25.566000	22.013900	-60.330788	0.000000
0	0	132	189.205000	-11.060600	32.819000	0.824652	54.312376	0.000000
0	0	133	197.600000	-11.711100	-34.644500	3.488510	-54.338561	0.000000
0	0	134	161.649000	15.381700	-27.206800	-6.862840	-30.258909	0.000000
0	0	135	205.603000	19.310100	-52.740600	1.862800	-34.945315	0.000000
0	0	136	234.344000	-6.774290	-30.939000	-30.301400	-51.175184	0.000000
0	0	137	208.465000	20.721900	-62.756600	2.167460	-35.863524	0.000000
0	0	138	203.144000	10.494700	10.917100	50.740100	23.065076	0.000000
0	0	139	214.163000	42.498600	-3.550560	11.939500	-2.387852	0.000000
0	0	140	178.056000	6.481960	0.293366	18.834200	1.295686	0.000000
0	0	141	221.663000	33.102700	-20.828500	31.776800	-16.089226	0.000000
0	0	142	237.459000	-5.877740	-7.477940	4.994550	-64.083861	0.000000
0	0	143	221.508000	40.150900	7.003090	37.160600	4.946978	0.000000
0	0	144	221.151000	4.597040	2.073290	-1.294750	12.137817	0.000000
0	0	145	217.252000	-16.071900	-8.290540	58.696900	-76.356737	0.000000
0	0	146	198.342000	-13.708700	-53.098500	-5.686750	-52.238112	0.000000
0	0	147	249.945000	20.692300	11.949100	-0.472893	15.002487	0.000000
0	0	148	227.034000	32.016300	-23.482500	-2.567770	-18.129176	0.000000
0	0	149	246.969000	24.437100	-11.988500	4.159510	-13.065962	0.000000
0	0	150	244.932000	23.001300	1.059020	47.061300	1.318068	0.000000
0	0	151	209.696000	-21.289800	-19.558900	-2.120150	-68.713184	0.000000
0	0	152	230.652000	-14.995900	22.044500	49.754900	62.112862	0.000000
0	0	153	213.756000	37.995400	21.101200	39.773700	14.523064	0.000000
0	0	154	229.649000	-25.351800	-3.838060	46.291200	-85.695625	0.000000
0	0	155	228.617000	1.982210	19.581200	2.536970	42.109812	0.000000
0	0	156	230.387000	-15.631000	3.985290	21.769400	82.848282	0.000000
0	0	157	227.820000	-14.745600	-8.952590	2.920560	-74.368270	0.000000
0	0	158	236.073000	-3.780030	-2.076960	13.117500	-75.606572	0.000000
0	0	159	255.228000	0.141184	11.718400	49.750100	44.654865	0.000000
0	0	160	206.711000	-5.593250	14.574900	43.132700	55.497379	0.000000
0	0	161	214.215000	1.165600	6.178670	29.259800	39.658380	0.000000
0	0	162	255.595000	27.449100	-1.556000	61.314400	-1.622219	0.000000
0	0	163	249.983000	-16.443500	7.013650	51.656900	78.450143	0.000000
0	0	164	209.650000	-35.382600	-28.335300	13.763800	-70.655676	0.000000
0	0	165	252.007000	-41.217100	1.286290	29.345700	89.106256	0.000000
0	0	166	204.346000	-19.799500	-45.289700	9.863040	-56.806860	0.000000
0	0	167	260.422000	-10.644300	-28.542100	-4.953210	-55.226081	0.000000
0	0	168	228.816000	17.787000	0.525290	41.722300	0.845791	0.000000
0	0	169	232.104000	0.666494	10.796400	19.096300	43.233722	0.000000
0	0	170	218.916000	-4.358070	-55.591600	9.184950	-47.241250	0.000000
0	0	171	230.917000	4.792410	24.767400	30.066000	39.524396	0.000000
0	0	172	226.387000	53.110300	-36.678500	-7.192030	-17.314672	0.000000
0	0	173	268.800000	-20.053700	-8.118360	-20.800300	-78.980185	0.000000
0	0	174	222.845000	14.714500	-14.037600	42.390500	-21.825678	0.000000
0	0	175	182.429000	-5.622310	-21.242300	-19.593300	-52.412419	0.000000
0	0	176	194.434000	-3.906750	-27.669100	12.206900	-49.018387	0.000000
0	0	177	202.381000	22.574900	-41.677700	16.827400	-30.778812	0.000000
0	0	178	226.892000	33.372700	-44.048200	-31.624300	-26.425478	0.000000
0	0	179	211.151000	-13.478300	-34.543300	-32.420600	-55.657508	0.000000
0	0	180	285.408000	16.258200	-0.856581	-3.478660	-1.507951	0.000000
0	0	181	253.490000	-1.092150	-34.862800	42.382500	-45.897162	0.000000
0	0	182	303.096000	37.816500	-35.519800	0.972388	-21.603117	0.000000
0	0	183	292.221000	9.823760	-16.563100	-27.462700	-29.663673	0.000000
0	0	184	261.256000	55.536500	-43.819500	-22.098700	-19.137102	0.000000
0	0	185	249.168000	5.692290	-28.517600	29.527100	-39.355882	0.000000
0	0	186	251.907000	1.295200	1.898320	10.647200	27.847385	0.000000
0	0	187	252.141000	50.203900	-80.634400	27.326700	-29.046567	0.000000
0	0	188	284.485000	39.678900	-39.116300	-4.267300	-22.295457	0.000000
0	0	189	245.607000	59.168400	-18.822200	37.525900	-8.823255	0.000000
0	0	190	247.956000	25.585600	-86.817900	-12.055100	-36.789767	0.000000
0	0	191	240.665000	104.513000	-58.024500	12.189000	-14.519283	5.221630
0	0	192	261.531000	9.225510	-6.672970	-26.242500	-17.939431	0.000000
0	0	193	243.575000	45.522800	-49.766200	41.243500	-23.774903	0.000000
0	0	194	275.222000	61.585100	-65.665000	22.108300	-23.418196	0.000000
0	0	195	256.767000	36.908000	-66.884400	28.222800	-30.554653	0.000000
0	0	196	277.291000	81.804000	-31.923200	12.583500	-10.658861	0.000000
0	0	197	295.300000	52.928700	-15.422100	-12.820900	-8.122401	0.000000
0	0	198	311.868000	53.378500	-23.618900	44.509300	-11.934208	0.000000
0	0	199	242.885000	57.276900	-41.503900	-9.866900	-17.963890	0.000000
0	0	200	265.393000	53.197400	-28.288900	29.291100	-14.001402	0.000000
0	0	201	276.059000	17.273300	-62.432800	55.349900	-37.267408	0.000000
0	0	202	243.981000	55.227800	-48.975300	-1.494970	-20.783099	0.000000
0	0	203	281.228000	60.419100	-44.771000	-23.591100	-18.269360	0.000000
0	0	204	232.357000	26.031400	-55.541500	-18.133500	-32.444138	0.000000
0	0	205	248.446000	61.199800	-27.734900	11.209000	-12.189687	0.000000
0	0	206	288.336000	12.926400	-41.269400	-1.314660	-36.304201	0.000000
0	0	207	272.995000	27.409600	-70.897400	43.296200	-34.431515	0.000000
0	0	208	249.811000	56.208000	-92.039200	-31.364200	-29.293871	0.000000
0	0	209	256.488000	54.672800	-61.382200	3.874150	-24.154357	0.000000
0	0	210	272.573000	44.204100	-26.786900	-24.880200	-15.607560	0.000000
0	0	211	253.699000	74.136300	-35.096600	28.467900	-12.666587	0.000000
0	0	212	233.296000	34.325000	-31.667500	0.410148	-21.346980	0.000000
0	0	213	303.180000	63.987500	-56.874100	4.388990	-20.815850	0.000000
0	0	214	290.322000	33.640700	-16.613000	27.345000	-13.140917	0.000000
0	0	215	308.009000	56.746600	-54.363200	-0.495706	-21.885573	0.000000
0	0	216	265.601000	7.130580	-66.058700	25.430800	-41.919585	0.000000
0	0	217	307.906000	35.884900	-38.843600	-15.978000	-23.633654	0.000000
0	0	218	257.433000	-37.762800	-78.042900	-18.272200	-57.910528	0.000000
0	0	219	273.245000	-14.523800	-49.245500	5.068610	-53.216091	0.000000
0	0	220	282.048000	25.194700	-79.739200	7.584640	-36.232675	0.000000
0	0	221	279.139000	44.229600	-44.424100	-8.945560	-22.562851	0.000000
0	0	222	286.271000	39.730300	-73.876200	18.355300	-30.864414	0.000000
0	0	223	302.391000	-5.381720	-29.436500	-6.983210	-50.180331	0.000000
0	0	224	297.793000	37.928500	-60.342500	-20.311100	-28.924217	0.000000
0	0	225	293.089000	81.571100	-75.920700	24.544600	-21.472628	5.466600
0	0	226	260.980000	34.727900	-41.937100	-19.014200	-25.186008	0.000000
0	0	227	312.510000	45.891200	-31.661400	-18.910100	-17.301346	0.000000
0	0	228	280.344000	25.702300	-84.507100	-14.044600	-36.541596	0.000000
0	0	229	293.569000	35.583000	-61.103700	-5.402310	-29.893068	0.000000
0	0	230	304.871000	5.383100	-60.264900	-14.529400	-42.447830	0.000000
0	0	231	246.610000	22.699700	-38.282700	11.644200	-29.667104	0.000000
0	0	232	327.760000	31.623200	-43.686200	-48.497400	-27.050144	0.000000
0	0	233	254.208000	1.067460	-53.882800	-9.682730	-44.432537	0.000000
0	0	234	271.925000	36.980600	-64.051600	-27.236800	-29.999869	0.000000
0	0	235	325.657000	7.330390	-58.232200	-22.403900	-41.412614	0.000000
0	0	236	286.713000	-7.334800	-44.883500	-20.288100	-49.640579	0.000000
0	0	237	310.644000	-14.080500	-37.955600	10.454000	-55.176745	0.000000
0	0	238	376.189000	15.412700	-26.562400	-26.055800	-29.937882	0.000000
0	0	239	343.862000	0.785417	-55.102900	-63.407300	-44.591691	0.000000
0	0	240	325.104000	-15.353900	-35.838300	10.704100	-56.595668	0.000000
0	0	241	354.865000	10.714200	-61.807600	-13.606300	-40.082821	0.000000
0	0	242	314.526000	-12.629600	-63.638300	29.622200	-50.612508	0.000000
0	0	243	344.340000	-28.605300	-41.757000	19.674100	-62.206391	0.000000
0	0	244	342.922000	6.405670	-36.558200	15.440800	-40.030806	0.000000
0	0	245	304.644000	28.547800	-59.126600	19.011000	-32.113794	0.000000
0	0	246	343.747000	-50.035800	-115.358000	62.559800	-56.724241	4.640610
0	0	247	355.537000	12.885800	-39.137400	55.179100	-35.888060	0.000000
0	0	248	345.777000	-11.782700	-106.397000	32.071200	-48.159672	0.000000
0	0	249	329.792000	2.029300	-55.376600	-44.614100	-43.950655	0.000000
0	0	250	338.446000	41.939800	-86.845800	-6.831510	-32.111527	0.000000
0	0	251	336.224000	2.746090	-32.851000	-61.219300	-42.610812	0.000000
0	0	252	348.165000	50.135600	-88.583700	24.210200	-30.245749	0.000000
0	0	253	334.208000	47.613200	-63.636700	2.728140	-26.598018	0.000000
0	0	254	321.791000	-11.043800	-87.242700	22.148400	-48.607267	0.000000
0	0	255	315.651000	3.871300	-51.338200	6.013150	-42.843807	0.000000
0	0	256	306.824000	-9.533690	-100.641000	-5.962350	-47.705731	0.000000
0	0	257	306.582000	-14.367300	-108.201000	-40.902700	-48.781842	0.000000
0	0	258	364.261000	6.661140	-138.301000	-6.108730	-43.621266	4.135310
0	0	259	349.216000	6.573210	-133.607000	-15.533200	-43.591714	4.280430
0	0	260	388.829000	-3.992590	-107.814000	-39.181300	-46.060410	0.000000
0	0	261	358.803000	-19.925500	-91.065100	-8.945900	-51.171048	0.000000
0	0	262	338.514000	-56.235200	-58.984400	35.308600	-66.816576	0.000000
0	0	263	397.790000	-54.410000	-135.176000	-6.029670	-55.962695	3.995480
0	0	264	380.608000	-43.756400	-121.081000	-13.649900	-54.934452	4.509200
0	0	265	422.441000	-23.392900	-83.926600	16.009900	-52.787387	0.000000
0	0	266	390.504000	-110.225000	-127.629000	-4.415100	-65.407536	3.569210
0	0	267	438.019000	-90.646600	-97.940600	-26.653300	-66.392536	4.527490
0	0	268	420.859000	-116.990000	-138.346000	5.207920	-65.109488	3.318310
0	0	269	476.183000	-62.742000	-109.537000	-30.058700	-59.901884	4.671070
0	0	270	450.977000	-95.568300	-143.692000	-25.254500	-61.813767	3.440520
0	0	271	441.071000	-103.635000	-97.138600	10.779800	-68.426632	4.287000
0	0	272	425.794000	-103.350000	-124.172000	23.141500	-64.885530	3.718190
0	0	273	410.488000	-95.286600	-175.585000	63.969400	-59.243916	2.944850
0	0	274	439.337000	-84.231700	-107.301000	10.703300	-64.066025	4.389620
0	0	275	422.302000	-138.199000	-79.867100	34.454100	-74.987896	3.904540
0	0	276	449.339000	-137.845000	-117.841000	73.799600	-69.736757	3.374450
0	0	277	409.328000	-140.364000	-103.985000	6.240560	-71.734035	3.528830
0	0	278	444.703000	-104.395000	-79.457100	20.753100	-71.362260	4.692420
0	0	279	399.208000	-135.760000	-72.825400	5.102460	-75.894833	4.056760
0	0	280	413.904000	-117.786000	-41.561800	37.287500	-80.282087	5.061880
0	0	281	414.542000	-128.662000	-57.296700	6.312220	-77.997643	4.464030
0	0	282	389.202000	-140.734000	-67.198300	32.663500	-77.238125	4.023150
0	0	283	409.265000	-134.232000	-44.139000	26.892700	-80.898890	4.480390
0	0	284	414.223000	-110.858000	-84.270800	40.491200	-71.379517	4.421160
0	0	285	367.051000	-139.705000	-90.397900	39.010600	-73.547299	3.727840
0	0	286	412.681000	-125.730000	-54.839800	27.392000	-78.217279	4.586240
0	0	287	405.741000	-142.226000	-86.710100	27.360100	-74.315417	3.733430
0	0	288	375.266000	-124.008000	-52.085000	75.068500	-78.608475	4.681920
0	0	289	421.657000	-112.106000	-25.947500	28.395600	-83.484040	5.527710
0	0	290	419.582000	-110.903000	0.693290	82.199300	89.820915	5.764420
0	0	291	463.046000	-143.035000	-39.431800	62.793900	-82.293783	4.278550
0	0	292	437.003000	-163.597000	6.651150	56.003300	88.835941	3.903950
0	0	293	429.940000	-156.455000	-23.420700	60.384000	-85.743133	4.032380
0	0	294	447.350000	-163.117000	8.700790	79.688400	88.473346	3.912650
0	0	295	402.442000	-117.060000	-72.448400	74.445900	-74.123324	4.514570
0	0	296	444.522000	-123.883000	-2.752450	109.352000	-89.363602	5.159020
0	0	297	384.533000	-108.739000	-41.687000	97.247500	-79.512400	5.419490
0	0	298	440.246000	-133.842000	-12.651000	55.652600	-87.300168	4.751200
0	0	299	439.908000	-113.703000	-77.100800	112.581000	-72.929610	4.505910
0	0	300	377.564000	-62.654800	-27.605100	87.548500	-78.111087	0.000000
0	0	301	384.755000	-67.115100	-20.378100	86.599900	-81.555091	0.000000
0	0	302	420.700000	-45.287000	-15.090000	135.065000	-80.785752	0.000000
0	0	303	397.585000	-67.755500	10.820500	68.441900	85.463264	0.000000
0	0	304	410.589000	-43.878700	-21.612600	119.886000	-76.888647	0.000000
0	0	305	382.956000	-7.135490	39.374700	110.793000	50.135838	0.000000
0	0	306	403.060000	-71.493700	58.683800	83.043300	70.310001	0.000000
0	0	307	393.185000	21.251000	56.973200	99.117600	34.772244	0.000000
0	0	308	368.954000	-6.253830	63.263300	91.672700	47.822787	0.000000
0	0	309	405.009000	37.749800	82.038900	114.310000	32.645354	0.000000
0	0	310	343.584000	37.130000	69.497300	141.292000	30.942977	0.000000
0	0	311	374.938000	40.294600	93.536100	128.939000	33.347005	0.000000
0	0	312	333.329000	62.913400	53.987500	129.132000	20.316843	0.000000
0	0	313	332.181000	37.763700	43.966000	127.144000	24.669871	0.000000
0	0	314	360.597000	14.500400	53.622800	95.188300	37.434137	0.000000
0	0	315	323.376000	27.467200	93.327700	82.265400	36.800180	0.000000
0	0	316	358.590000	15.360700	101.630000	121.542000	40.702588	0.000000
0	0	317	347.362000	11.974800	157.330000	67.769000	42.823730	3.630400
0	0	318	330.919000	10.165900	137.029000	120.446000	42.878558	4.168710
0	0	319	305.356000	28.477200	175.392000	95.577900	40.388876	3.231670
0	0	320	354.064000	26.051700	124.268000	92.429200	39.079954	4.531700
0	0	321	307.620000	36.131800	148.996000	65.083700	38.184404	3.759170
0	0	322	341.893000	18.095000	128.873000	103.185000	41.003688	4.409070
0	0	323	313.213000	-3.616840	189.859000	83.111800	45.545680	3.014540
0	0	324	314.616000	-17.857300	143.441000	16.336500	48.548187	3.967490
0	0	325	322.747000	-42.260000	186.119000	78.172900	51.396312	3.017320
0	0	326	287.463000	-0.640223	184.068000	45.580400	45.099642	3.109780
0	0	327	267.761000	-73.463200	196.126000	22.488200	55.267258	2.774450
0	0	328	259.354000	-77.692300	195.850000	34.569500	55.818938	2.762080
0	0	329	280.915000	-43.433700	195.006000	40.904700	51.278266	2.881860
0	0	330	279.838000	-40.025100	192.238000	-65.733900	50.880648	2.930070
0	0	331	283.655000	-62.195500	153.067000	-44.742900	56.056657	3.524760
0	0	332	254.801000	-73.260800	177.629000	-19.954000	56.206535	3.032190
0	0	333	292.388000	-62.653300	153.060000	-7.824350	56.130579	3.521980
0	0	334	265.604000	-104.149000	128.816000	29.600700	64.477940	3.620540
0	0	335	292.694000	-87.613300	151.000000	6.939940	60.061594	3.379470
0	0	336	273.985000	-111.742000	151.536000	24.552400	63.202452	3.169920
0	0	337	293.182000	-81.335100	108.806000	-48.052600	63.389499	4.396560
0	0	338	269.043000	-128.369000	115.535000	-10.556000	69.006036	3.533650
0	0	339	287.431000	-116.121000	107.783000	-10.804300	68.566331	3.845520
0	0	340	286.656000	-104.733000	107.648000	-18.269100	67.106823	4.034010
0	0	341	306.824000	-163.843000	93.990500	-52.887600	75.079373	3.300430
0	0	342	323.648000	-125.242000	98.265500	-78.285600	70.941046	3.861270
0	0	343	338.797000	-145.498000	92.809000	-75.145000	73.733683	3.596640
0	0	344	339.811000	-130.610000	109.274000	-79.654400	70.041342	3.597600
0	0	345	329.730000	-158.719000	38.484500	-124.909000	83.185281	3.892880
0	0	346	369.003000	-146.955000	45.959200	-132.000000	81.316637	4.115200
0	0	347	367.711000	-139.323000	26.259500	-178.002000	84.663075	4.493900
0	0	348	378.208000	-105.196000	35.494400	-166.610000	80.677492	5.699660
0	0	349	420.126000	-153.224000	20.391000	-208.406000	86.209818	4.128740
0	0	350	417.729000	-153.038000	-12.470100	-164.798000	-87.670810	4.160920
0	0	351	431.915000	-118.277000	-24.200000	-216.584000	-84.218313	5.274300
0	0	352	446.139000	-119.953000	-26.398900	-215.247000	-83.794186	5.181180
0	0	353	461.982000	-104.954000	-10.644900	-241.473000	-87.104306	0.000000
0	0	354	429.269000	-104.513000	-16.723600	-226.659000	-85.454455	0.000000
0	0	355	402.776000	-86.814000	-66.491700	-232.690000	-71.275570	0.000000
0	0	356	376.852000	-90.248200	-18.932600	-221.549000	-84.076046	0.000000
0	0	357	475.818000	-140.365000	-68.276600	-244.180000	-77.030350	4.017310
0	0	358	442.156000	-68.625100	-27.940000	-267.517000	-78.923406	0.000000
0	0	359	409.780000	-46.522400	-8.427090	-244.945000	-84.866372	0.000000
0	0	360	449.670000	-43.528100	-35.470900	-227.833000	-70.411763	0.000000
0	0	361	380.208000	-41.665700	15.689700	-230.137000	79.682778	0.000000
0	0	362	457.821000	-36.994400	-18.502900	-257.467000	-76.713943	0.000000
0	0	363	422.861000	-16.353900	9.604750	-197.591000	74.787006	0.000000
0	0	364	455.547000	-0.262309	19.867000	-201.400000	45.378223	0.000000
0	0	365	399.611000	-29.395100	26.939600	-179.285000	68.747906	0.000000
0	0	366	379.132000	-4.354570	26.467100	-210.448000	49.671519	0.000000
0	0	367	349.653000	-4.153420	10.747100	-205.741000	55.564984	0.000000
0	0	368	376.463000	2.168820	57.340300	-184.221000	43.916948	0.000000
0	0	369	402.793000	-3.087330	-11.448900	-182.022000	-52.545754	0.000000
0	0	370	380.632000	-13.131300	67.825200	-209.872000	50.478595	0.000000
0	0	371	338.132000	-2.390490	-3.349400	-184.592000	-62.757857	0.000000
0	0	372	383.381000	13.620000	54.417600	-189.396000	37.974149	0.000000
0	0	373	408.111000	-28.704700	-15.371300	-211.833000	-75.915527	0.000000
0	0	374	382.258000	-7.068390	16.528400	-230.079000	56.577016	0.000000
0	0	375	375.130000	10.323300	70.281000	-205.569000	40.821901	0.000000
0	0	376	364.278000	29.429700	79.143000	-151.555000	34.801055	0.000000
0	0	377	344.828000	-16.781500	60.534200	-151.871000	52.747311	0.000000
0	0	378	394.055000	-1.087390	42.092100	-171.150000	45.739913	0.000000
0	0	379	343.313000	-28.152000	73.693500	-180.470000	55.453796	0.000000
0	0	380	369.554000	-3.737160	30.462900	-153.968000	48.497023	0.000000
0	0	381	338.829000	-5.180940	82.163600	-139.165000	46.804044	0.000000
0	0	382	351.568000	4.067180	61.298100	-151.481000	43.101971	0.000000
0	0	383	296.077000	-12.763100	11.367000	-129.793000	69.155641	0.000000
0	0	384	352.637000	-15.555200	79.591800	-118.584000	50.529170	0.000000
0	0	385	300.743000	-5.711710	49.259300	-99.277900	48.307010	0.000000
0	0	386	313.396000	-8.545210	81.492200	-132.228000	47.993058	0.000000
0	0	387	364.191000	-32.311700	91.384700	-148.648000	54.736259	0.000000
0	0	388	323.015000	-27.425500	82.798900	-124.156000	54.163216	0.000000
0	0	389	336.204000	-24.868400	49.906500	-138.187000	58.243534	0.000000
0	0	390	349.117000	-23.396600	36.854100	-87.325000	61.204586	0.000000
0	0	391	283.873000	-19.848300	60.224500	-115.015000	54.120383	0.000000
0	0	392	254.250000	-4.492920	55.255800	-128.203000	47.324283	0.000000
0	0	393	273.679000	-64.961600	29.787400	-144.874000	77.683359	0.000000
0	0	394	292.265000	-28.856000	36.484200	-104.543000	64.170548	0.000000
0	0	395	285.577000	-56.329200	76.683100	-112.097000	63.149967	0.000000
0	0	396	263.698000	-74.545800	41.775100	-59.135800	75.366972	0.000000
0	0	397	303.171000	-78.534300	47.210700	-124.330000	74.493962	0.000000
0	0	398	338.743000	-37.551600	45.364700	-83.017600	64.808492	0.000000
0	0	399	265.919000	-69.565900	49.083400	-98.006700	72.397235	0.000000
0	0	400	228.231000	-50.754000	102.710000	-107.080000	58.148107	5.116260
0	0	401	264.974000	-19.646300	74.280100	-149.560000	52.407444	0.000000
0	0	402	257.736000	-43.865700	34.616200	-120.736000	70.860800	0.000000
0	0	403	260.163000	-34.917900	40.438700	-96.325100	65.404932	0.000000
0	0	404	211.844000	-92.194900	59.787600	-118.553000	73.518469	0.000000
0	0	405	256.364000	-32.887900	51.709200	-91.782400	61.228515	0.000000
0	0	406	229.356000	-14.653400	55.986500	-107.826000	52.333537	0.000000
0	0	407	232.598000	-57.183200	100.392000	-112.912000	59.832902	5.102350
0	0	408	203.836000	-71.614100	7.561300	-118.666000	86.986408	0.000000
0	0	409	219.990000	-40.230400	54.396200	-110.331000	63.242964	0.000000
0	0	410	150.735000	-19.811500	60.948800	-57.567000	54.003416	0.000000
0	0	411	186.572000	-24.879900	22.971400	-39.912900	68.641986	0.000000
0	0	412	164.576000	-79.577200	32.783500	-69.484200	78.804879	0.000000
0	0	413	221.356000	-52.515600	36.654300	-82.247000	72.543062	0.000000
0	0	414	204.106000	-47.886300	7.113040	-88.377200	85.775526	0.000000
0	0	415	206.289000	-67.389600	64.422200	-50.607700	68.144824	0.000000
0	0	416	221.422000	-20.221400	22.316200	-61.919400	66.090349	0.000000
0	0	417	176.012000	-69.776100	28.106000	-92.862100	79.030146	0.000000
0	0	418	152.241000	-19.633100	24.057500	-75.032900	64.608781	0.000000
0	0	419	185.882000	-76.569400	-3.472970	-67.411500	-88.701503	0.000000
0	0	420	186.035000	-36.130200	4.006640	-38.891800	86.836034	0.000000
0	0	421	153.452000	-14.184500	-11.717900	-74.182100	-70.219842	0.000000
0	0	422	172.326000	-33.208400	18.633900	-80.647000	75.351171	0.000000
0	0	423	124.140000	-78.579400	-14.606400	-28.205500	-84.734997	0.000000
0	0	424	149.211000	-40.792200	8.909730	-90.207700	83.839548	0.000000
0	0	425	154.885000	-10.692000	-1.503130	-54.102400	-85.998772	0.000000
0	0	426	169.517000	-53.543000	11.524000	-27.015900	83.926793	0.000000
0	0	427	171.189000	-3.310020	27.231900	-52.456200	48.465134	0.000000
0	0	428	146.976000	-23.882300	3.743900	-40.652800	85.545280	0.000000
0	0	429	143.461000	-50.170800	4.905120	-52.332300	87.208014	0.000000
0	0	430	187.094000	-49.449000	-8.739180	-46.762100	-84.988771	0.000000
0	0	431	156.124000	-45.613100	-7.722170	-34.950200	-85.195548	0.000000
0	0	432	131.531000	-43.341400	9.933100	-56.190200	83.545859	0.000000
0	0	433	163.329000	-49.304300	-15.752700	-59.348200	-81.140672	0.000000
0	0	434	109.301000	-15.997000	-1.172130	-34.124100	-87.904660	0.000000
0	0	435	136.776000	-7.800840	-17.216800	-28.558400	-57.187513	0.000000
0	0	436	125.170000	-1.563930	-38.005500	9.318560	-46.178199	0.000000
0	0	437	99.111400	-36.764700	-52.308200	-62.763700	-62.550690	0.000000
0	0	438	120.348000	-30.199400	-30.342800	-45.589700	-67.432145	0.000000
0	0	439	100.532000	-24.946400	-32.614900	-18.561500	-63.705779	0.000000
0	0	440	114.873000	-12.279000	-26.248700	-9.785180	-57.534969	0.000000
0	0	441	129.506000	-53.974700	-76.917900	-20.166200	-62.529021	0.000000
0	0	442	147.714000	-19.172600	-24.314800	-44.255800	-64.128166	0.000000
0	0	443	80.154300	15.441000	-26.428300	-57.897100	-29.851981	0.000000
0	0	444	124.064000	-0.578455	-14.278600	-44.517000	-46.159950	0.000000
0	0	445	94.949700	-1.570360	-51.675500	-8.241580	-45.870309	0.000000
0	0	446	76.343900	-18.665300	-4.220670	-4.596550	-83.629170	0.000000
0	0	447	94.663700	-8.092200	-32.750600	-44.385400	-51.939486	0.000000
0	0	448	98.001300	-17.060200	-24.499700	-56.295500	-62.425581	0.000000
0	0	449	105.698000	-10.140500	-26.122300	-36.138500	-55.607938	0.000000
0	0	450	79.971200	-39.355600	-57.005600	-57.848800	-62.310237	0.000000
0	0	451	59.308900	-9.697740	-4.728840	-31.357000	-77.002539	0.000000
0	0	452	93.719700	-15.057400	-16.611600	-12.596200	-66.095192	0.000000
0	0	453	74.350100	6.628690	-2.308550	-26.278300	-9.600755	0.000000
0	0	454	101.729000	-5.155210	4.630620	-33.949800	69.034262	0.000000
0	0	455	83.531200	24.401700	39.006800	16.794000	28.985455	0.000000
0	0	456	101.953000	22.261000	8.824930	-41.111100	10.812432	0.000000
0	0	457	117.867000	31.832500	-12.788800	-24.740100	-10.943970	0.000000
0	0	458	79.423000	25.573800	-23.436100	-10.125600	-21.251236	0.000000
0	0	459	98.887100	46.192700	13.953500	-21.280300	8.404036	0.000000
0	0	460	52.422400	16.351300	-20.266400	2.819130	-25.551390	0.000000
0	0	461	76.817100	31.298900	-18.424000	-24.541700	-15.241531	0.000000
0	0	462	80.010900	8.425270	-36.682100	-22.961900	-38.532232	0.000000
0	0	463	84.693000	16.000600	-20.685100	-2.830960	-26.138439	0.000000
0	0	464	68.268300	4.314850	-10.563100	1.448230	-33.890402	0.000000
0	0	465	35.348100	9.156950	-31.558100	2.432860	-36.909649	0.000000
0	0	466	62.243800	10.651400	-30.793500	4.845590	-35.459808	0.000000
0	0	467	120.520000	28.928700	3.728550	-13.044600	3.672113	0.000000
0	0	468	68.232400	-22.543100	4.383470	16.940200	84.498120	0.000000
0	0	469	124.310000	8.250590	12.450800	13.960700	28.234669	0.000000
0	0	470	61.290400	38.423400	-28.955400	10.682700	-18.500614	0.000000
0	0	471	67.600700	0.194189	-8.381830	27.831000	-44.336409	0.000000
0	0	472	48.929300	-18.535600	-14.035000	2.439430	-71.433651	0.000000
0	0	473	64.828000	-7.390740	22.979400	-7.892480	53.914534	0.000000
0	0	474	58.958600	26.094500	-26.403700	-6.036620	-22.668726	0.000000
0	0	475	72.864500	32.052100	4.699030	-0.152003	4.170244	0.000000
0	0	476	54.879000	22.007000	23.588800	-12.338000	23.493448	0.000000
0	0	477	57.668800	24.724100	19.480500	21.435900	19.117560	0.000000
0	0	478	35.899000	38.373900	-6.208460	-16.123900	-4.595085	0.000000
0	0	479	54.959000	-3.827140	-18.633200	26.879300	-50.803383	0.000000
0	0	480	47.963200	11.702600	8.710970	3.181450	18.331297	0.000000
0	0	481	78.936100	-14.403200	12.957700	3.804990	69.012087	0.000000
0	0	482	57.495000	-17.276700	-9.222690	20.541800	-75.952850	0.000000
0	0	483	51.576800	-22.698300	44.842200	-45.225000	58.423849	0.000000
0	0	484	81.741000	6.767330	-6.256430	-10.406400	-21.376768	0.000000
0	0	485	50.957800	-21.466900	-33.504600	-14.361600	-61.324148	0.000000
0	0	486	34.280800	33.303000	-31.969200	-3.743790	-21.914678	0.000000
0	0	487	86.261500	-12.728300	8.930710	-7.511130	72.472444	0.000000
0	0	488	66.545700	-12.515500	1.144100	8.578390	87.388422	0.000000
0	0	489	81.505100	8.339100	-11.794700	-4.438960	-27.369444	0.000000
0	0	490	86.735000	-13.592900	-14.615800	25.338800	-66.461629	0.000000
0	0	491	49.724800	-34.651200	28.430800	-30.063800	70.315813	0.000000
0	0	492	64.332600	30.721900	-3.700140	19.273600	-3.433807	0.000000
0	0	493	36.447400	-10.234500	-11.286900	26.500700	-66.100228	0.000000
0	0	494	54.109700	-25.173700	-9.486960	30.898100	-79.675291	0.000000
0	0	495	45.820400	6.618790	4.026200	36.715800	15.656043	0.000000
0	0	496	52.176500	-10.738100	7.745220	-6.658890	72.098845	0.000000
0	0	497	41.388600	27.754300	3.065560	23.357100	3.151486	0.000000
0	0	498	44.728000	-12.787000	-35.454100	18.612900	-54.916262	0.000000
0	0	499	17.425600	36.172800	-26.762200	11.578500	-18.247818	0.000000
0	0	500	47.743000	23.186100	43.653700	-1.605840	31.012785	0.000000
0	0	501	38.204900	33.659400	6.808880	5.409710	5.717953	0.000000
0	0	502	73.543600	4.293890	-30.823200	46.036500	-41.034666	0.000000
0	0	503	39.370600	13.574300	7.592760	-5.691860	14.610194	0.000000
0	0	504	26.031200	3.289790	-13.950000	10.231200	-38.365270	0.000000
0	0	505	23.204200	-16.656100	2.585160	19.545000	85.588815	0.000000
0	0	506	40.128100	-19.342700	-0.483190	8.006020	-89.284511	0.000000
0	0	507	72.455700	-9.719710	20.087500	2.692220	57.910440	0.000000
0	0	508	69.027200	18.760500	11.307600	13.768600	15.539409	0.000000
0	0	509	54.012100	24.864300	13.859600	-16.060200	14.567858	0.000000
0	0	510	77.774600	-17.732100	17.328300	16.761800	67.829931	0.000000
0	0	511	28.836700	22.413000	-4.779470	-8.370500	-6.018879	0.000000
0	0	512	46.382600	22.656900	10.971800	15.171900	12.919494	0.000000
0	0	513	84.768900	19.233500	0.167910	32.420000	0.250092	0.000000
0	0	514	48.024100	32.591700	-25.483200	-28.997500	-19.010789	0.000000
0	0	515	39.948200	23.797100	2.133620	5.680460	2.561687	0.000000
0	0	516	27.661400	-0.098021	3.937890	-21.531100	45.712949	0.000000
0	0	517	48.740800	-11.951900	-21.572500	-46.405800	-59.493973	0.000000
0	0	518	61.178000	9.820310	13.560600	4.468540	27.044355	0.000000
0	0	519	89.810500	-1.540070	-17.493200	55.658300	-47.515623	0.000000
0	0	520	40.154200	11.735000	-55.736900	34.726800	-39.055220	0.000000
0	0	521	22.104400	-32.356300	-14.860400	1.530090	-77.665961	0.000000
0	0	522	34.507900	13.789600	-14.410600	40.570400	-23.130757	0.000000
0	0	523	47.986900	14.630700	-10.170500	20.510900	-17.402507	0.000000
0	0	524	78.486700	16.299500	-19.397800	-2.022270	-24.980240	0.000000
0	0	525	39.314700	9.441570	-45.952000	10.473500	-39.194629	0.000000
0	0	526	53.873400	20.749100	-18.749600	-29.186700	-21.051026	0.000000
0	0	527	35.849300	11.980100	-5.663310	33.539600	-12.650670	0.000000
0	0	528	24.330600	-15.667700	-18.967900	58.947400	-64.778546	0.000000
0	0	529	53.119700	33.456700	-30.187300	-11.596500	-21.029647	0.000000
0	0	530	23.178400	26.180100	-22.074000	36.307000	-20.068115	0.000000
0	0	531	70.816900	2.428230	-9.318450	-6.719850	-37.697249	0.000000
0	0	532	38.093100	-24.641800	-45.695200	14.527100	-59.168205	0.000000
0	0	533	57.906100	45.035400	13.469300	14.805300	8.325502	0.000000
0	0	534	36.590200	-0.377385	-6.715000	2.624070	-46.608328	0.000000
0	0	535	15.529700	9.973610	-18.809900	29.744300	-31.033018	0.000000
0	0	536	48.308800	-16.344000	-54.649100	-10.413600	-53.325218	0.000000
0	0	537	38.166600	40.795700	-24.885000	23.307800	-15.691403	0.000000
0	0	538	25.643900	41.028900	-6.710920	3.449050	-4.644682	0.000000
0	0	539	33.051100	29.262200	25.901500	28.413300	20.756859	0.000000
0	0	540	55.326000	8.907270	-29.559700	-23.935800	-36.615394	0.000000
0	0	541	54.877800	32.037200	29.683000	35.789100	21.407810	0.000000
0	0	542	85.378700	54.852600	-17.107400	9.363700	-8.660814	0.000000
0	0	543	35.737000	1.758230	4.973780	-9.836580	35.265756	0.000000
0	0	544	50.469500	4.389140	-25.897400	27.372200	-40.190405	0.000000
0	0	545	57.959200	38.154200	-24.429200	17.378300	-16.315220	0.000000
0	0	546	57.329500	13.944900	-4.868050	18.987700	-9.621837	0.000000
0	0	547	34.440400	11.237900	-49.876000	-10.384800	-38.651171	0.000000
0	0	548	72.581600	0.346757	-16.335200	-7.043190	-44.391966	0.000000
0	0	549	45.093600	17.496100	18.072600	18.739500	22.964286	0.000000
0	0	550	50.585900	7.176560	30.267200	37.924400	38.330554	0.000000
0	0	551	60.937800	-6.409170	7.652650	15.608400	64.973253	0.000000
0	0	552	19.242400	22.459600	-7.085890	-7.034330	-8.755111	0.000000
0	0	553	46.355900	-0.362720	-4.790280	-2.969750	-47.165087	0.000000
0	0	554	55.631600	16.807300	15.291800	14.071600	21.148446	0.000000
0	0	555	25.530800	30.081900	-1.236410	-2.710150	-1.176808	0.000000
0	0	556	70.991500	33.980600	22.968500	1.284070	17.027966	0.000000
0	0	557	51.407700	4.975270	-5.666150	-16.938300	-24.357319	0.000000
0	0	558	47.549200	7.990190	-18.086700	-14.140100	-33.082760	0.000000
0	0	559	44.427200	-7.174380	-34.550500	-1.100270	-50.865355	0.000000
0	0	560	11.015300	3.607600	16.285100	3.068560	38.754560	0.000000
0	0	561	91.931300	26.956500	-5.445050	1.133610	-5.709871	0.000000
0	0	562	47.251700	19.292200	-30.783600	43.618100	-28.962235	0.000000
0	0	563	79.170000	14.529300	46.142200	-5.831370	36.260889	0.000000
0	0	564	34.703100	40.534600	22.982600	-3.832060	14.776341	0.000000
0	0	565	70.636100	27.012100	-10.263500	-36.512500	-10.402378	0.000000
0	0	566	35.739800	19.844700	18.293000	-10.990500	21.335052	0.000000
0	0	567	17.109300	24.505800	-6.672960	45.416600	-7.616198	0.000000
0	0	568	-2.722350	43.301500	-17.362400	37.902100	-10.924537	0.000000
0	0	569	70.777000	5.080120	25.961400	25.259500	39.464138	0.000000
0	0	570	31.066100	44.390800	8.674480	27.504600	5.528465	0.000000
0	0	571	35.855600	23.257600	10.098900	-31.203900	11.735709	0.000000
0	0	572	57.620600	8.062920	-23.389400	35.199400	-35.489814	0.000000
0	0	573	39.016500	-1.201740	5.873090	12.914800	50.782061	0.000000
0	0	574	21.538500	17.522800	-1.621090	24.817200	-2.642785	0.000000
0	0	575	34.708700	-4.208600	-0.918650	8.483080	-83.843328	0.000000
0	0	576	27.748200	-14.509300	17.370700	21.435200	64.935571	0.000000
0	0	577	15.154400	-2.125630	48.846600	32.593300	46.245868	0.000000
0	0	578	37.671300	6.518220	25.933500	-5.805340	37.945662	0.000000
0	0	579	36.123700	8.131030	18.490500	-4.720380	33.131471	0.000000
0	0	580	-3.844120	-36.063500	17.681800	9.073310	76.940729	0.000000
0	0	581	34.375700	10.956300	22.460100	26.319800	31.998169	0.000000
0	0	582	26.075700	1.986810	10.669000	6.293890	39.725530	0.000000
0	0	583	25.773900	-1.376290	-5.398780	-18.063300	-52.150788	0.000000
0	0	584	66.489000	18.026600	2.092680	-26.151600	3.310869	0.000000
0	0	585	13.258500	9.072710	-10.442300	-6.170630	-24.507257	0.000000
0	0	586	18.242400	-27.679900	8.532750	8.592820	81.433645	0.000000
0	0	587	-1.492860	-35.154900	-30.921500	5.124860	-69.332915	0.000000
0	0	588	55.243000	-0.807192	-10.811600	-10.262000	-47.134885	0.000000
0	0	589	14.145100	35.063900	7.956490	25.280400	6.392360	0.000000
0	0	590	1.711760	-3.158790	-2.796200	-7.779480	-69.242174	0.000000
0	0	591	50.443200	13.805700	-33.564500	3.520150	-33.820864	0.000000
0	0	592	6.800690	8.881710	27.982200	17.897100	36.195132	0.000000
0	0	593	9.297140	16.369800	31.770600	11.447300	31.370107	0.000000
0	0	594	14.473300	-18.689100	14.092300	10.450800	71.491151	0.000000
0	0	595	32.710700	37.986000	17.745900	2.682680	12.520273	0.000000
0	0	596	35.236000	15.881500	6.789730	42.234600	11.573947	0.000000
0	0	597	17.347100	-9.473040	6.998720	23.308900	71.771431	0.000000
0	0	598	30.727900	-3.161390	31.396300	7.621870	47.874954	0.000000
0	0	599	34.216200	-18.017100	6.128030	-15.459000	80.607825	0.000000
0	0	600	41.437900	-12.227600	-19.256600	-12.916200	-61.207412	0.000000
0	0	601	0.406956	27.336500	13.809000	-2.296410	13.400284	0.000000
0	0	602	6.171370	-1.501610	-14.040300	-8.834570	-48.052289	0.000000
0	0	603	58.925900	13.064900	-22.114400	-46.679000	-29.712979	0.000000
0	0	604	18.201200	16.607100	-11.099100	-16.735900	-16.878089	0.000000
0	0	605	21.478100	-24.099500	38.884400	-16.375700	60.894758	0.000000
0	0	606	41.845600	21.471800	-4.118480	-14.526500	-5.428980	0.000000
0	0	607	17.394700	-18.200300	38.964900	-28.927400	57.518515	0.000000
0	0	608	29.664200	-40.349300	-18.777300	-14.080100	-77.522104	0.000000
0	0	609	14.650900	12.197500	-10.327400	-1.919060	-20.126989	0.000000
0	0	610	-3.678800	7.623030	-26.515400	-19.299000	-36.980176	0.000000
0	0	611	35.921000	23.044900	-14.694000	16.224300	-16.261298	0.000000
0	0	612	-9.700340	-8.790030	0.233139	-9.011060	89.240347	0.000000
0	0	613	-9.021930	-8.105610	-5.919860	-9.487210	-71.928905	0.000000
0	0	614	19.428300	-48.176300	-1.401670	25.091500	-89.166736	0.000000
0	0	615	7.894530	-16.248700	2.214010	-12.711200	86.120397	0.000000
0	0	616	11.943300	40.946600	26.882800	-7.237170	16.643113	0.000000
0	0	617	25.880400	41.268800	-24.497000	-26.735200	-15.346602	0.000000
0	0	618	25.820300	13.012500	1.322390	-6.817990	2.901369	0.000000
0	0	619	7.151010	29.231400	28.171100	-14.376300	21.970896	0.000000
0	0	620	5.490950	58.467800	-16.664300	0.443728	-7.954219	0.000000
0	0	621	25.632900	42.498100	-13.294300	-12.489500	-8.685391	0.000000
0	0	622	-11.993400	5.844290	15.213900	-11.163000	34.493073	0.000000
0	0	623	48.165700	-21.358900	23.659200	18.763800	66.037444	0.000000
0	0	624	-0.275855	38.810600	-18.131000	38.788200	-12.520196	0.000000
0	0	625	6.376700	32.759600	-5.132080	-46.353900	-4.451761	0.000000
0	0	626	-3.599080	-5.818340	20.746000	-15.021000	52.833235	0.000000
0	0	627	11.585300	39.075100	-8.669010	3.286770	-6.254381	0.000000
0	0	628	48.156100	-25.263000	-6.827410	45.341700	-82.438448	0.000000
0	0	629	4.625200	8.663180	-13.656000	-8.968240	-28.804758	0.000000
0	0	630	2.528490	4.716100	-0.572141	15.322100	-3.458562	0.000000
0	0	631	14.430800	-7.085240	4.434160	-23.626100	73.980204	0.000000
0	0	632	6.594320	5.672800	28.083400	-42.908000	39.290009	0.000000
0	0	633	14.347000	24.716300	15.361000	34.474500	15.930325	0.000000
0	0	634	18.363300	42.330700	-2.513780	19.256800	-1.699240	0.000000
0	0	635	14.866400	23.219800	8.288800	22.970600	9.822551	0.000000
0	0	636	14.408400	-0.475317	-12.851800	34.976400	-46.059044	0.000000
0	0	637	15.129100	19.742400	51.353700	13.062500	34.485630	0.000000
0	0	638	-14.656500	34.841800	43.991300	14.995600	25.810112	0.000000
0	0	639	-2.136640	27.672600	2.885840	16.317400	2.976788	0.000000
0	0	640	44.558100	9.832030	-3.899280	34.794600	-10.816379	0.000000
0	0	641	9.107830	17.813900	-25.854200	-7.435380	-27.716311	0.000000
0	0	642	-0.677517	-28.314200	0.091838	5.224150	89.907080	0.000000
0	0	643	-2.713170	33.116700	35.793300	-29.745700	23.612181	0.000000
0	0	644	32.013200	1.142090	-6.172640	8.085350	-39.758711	0.000000
0	0	645	23.597000	-28.731500	12.102200	-27.303300	78.579170	0.000000
0	0	646	36.890100	8.641490	-27.063600	-26.130400	-36.145779	0.000000
0	0	647	-1.744520	-6.336510	76.980800	-10.080000	47.352786	0.000000
0	0	648	11.527500	12.849300	26.775700	11.205200	32.182137	0.000000
0	0	649	15.839900	17.035400	-10.758600	-6.542040	-16.137101	0.000000
0	0	650	21.030800	-31.226900	16.777400	21.490700	75.876010	0.000000
0	0	651	-13.723700	-3.921030	31.331000	23.396000	48.566699	0.000000
0	0	652	38.733000	25.232700	20.675100	15.021600	19.665205	0.000000
0	0	653	53.342200	4.139850	-20.339900	35.047500	-39.247768	0.000000
0	0	654	-13.990400	-18.566500	46.982100	-12.206300	55.781530	0.000000
0	0	655	9.434590	-12.277100	17.508800	14.645200	62.518992	0.000000
0	0	656	-4.078450	-21.166800	40.254900	4.749410	58.868128	0.000000
0	0	657	39.406300	-44.985000	-12.772600	-6.763970	-82.074577	0.000000
0	0	658	6.835410	1.067730	36.003400	-34.343900	44.150657	0.000000
0	0	659	-5.579020	-41.768400	37.348000	9.655620	69.098956	0.000000
0	0	660	-12.303200	13.649200	-9.081070	13.387400	-16.818286	0.000000
0	0	661	2.897470	11.492000	14.840300	4.130340	26.123296	0.000000
0	0	662	-4.326470	11.713200	-8.491590	14.918800	-17.970286	0.000000
0	0	663	17.302800	-42.115200	9.108600	-9.497060	83.898069	0.000000
0	0	664	7.463040	0.400971	-9.924230	-16.102700	-43.843162	0.000000
0	0	665	-12.585000	-6.941490	-26.701600	-15.002000	-52.286178	0.000000
0	0	666	-2.289970	14.132600	15.530700	-5.632940	23.849243	0.000000
0	0	667	16.842400	-22.760000	41.121900	-26.830300	59.481746	0.000000
0	0	668	10.763700	-32.136900	-19.750400	9.482590	-74.213165	0.000000
0	0	669	-7.874370	0.602528	-59.858400	15.623100	-44.711643	0.000000
0	0	670	46.606800	-48.862400	0.627924	-12.465700	89.631870	0.000000
0	0	671	30.169500	-8.373810	17.515900	-52.503000	57.775510	0.000000
0	0	672	16.521300	2.449880	23.817500	-13.221500	42.063591	0.000000
0	0	673	-12.988900	-9.041840	-35.282300	-9.400670	-52.186961	0.000000
0	0	674	12.444300	7.048210	-20.287100	-15.456800	-35.420792	0.000000
0	0	675	8.377400	47.348400	-1.477620	-15.237600	-0.893736	0.000000
0	0	676	-20.175600	51.346500	-13.474500	10.242600	-7.352087	0.000000
0	0	677	-7.973210	-7.204020	2.030420	-4.829500	82.129877	0.000000
0	0	678	-34.111700	-15.057100	10.550000	1.131720	72.491186	0.000000
0	0	679	-11.078200	-9.764980	25.712400	17.406100	55.397815	0.000000
0	0	680	-33.637800	-28.863100	-18.789700	-19.630500	-73.468060	0.000000
0	0	681	28.839600	2.405780	-8.872300	-0.233025	-37.414347	0.000000
0	0	682	13.885600	-13.830200	-5.273520	7.293910	-79.563958	0.000000
0	0	683	-21.300800	28.737000	-33.326100	-20.969300	-24.614448	0.000000
0	0	684	33.148800	-40.364800	-30.154200	9.410460	-71.619363	0.000000
0	0	685	14.293700	-35.547100	-7.992720	-20.666500	-83.663933	0.000000
0	0	686	-2.564990	-39.651500	-7.698660	40.008300	-84.506134	0.000000
0	0	687	8.798830	-7.914330	-19.905900	-13.300200	-55.841066	0.000000
0	0	688	-10.214300	15.699500	6.898370	-17.309800	11.860358	0.000000
0	0	689	16.074500	19.882100	6.016500	39.990900	8.418141	0.000000
0	0	690	-4.491110	8.250190	9.297660	-14.582500	24.208029	0.000000
0	0	691	-19.142300	-7.973320	40.071400	-5.492510	50.626804	0.000000
0	0	692	-28.677600	1.945370	-10.730800	13.496100	-39.862268	0.000000
0	0	693	30.236100	-11.168600	-1.162800	-69.115700	-87.028080	0.000000
0	0	694	-5.316490	3.814830	-31.166400	-32.755300	-41.510797	0.000000
0	0	695	10.190800	47.657300	-18.507500	-23.146900	-10.611729	0.000000
0	0	696	0.621252	-4.642550	-18.869300	-29.371800	-51.911175	0.000000
0	0	697	-1.432430	-11.091100	-19.756100	-2.324490	-59.654955	0.000000
0	0	698	19.548600	11.805900	-17.341300	21.116400	-27.876547	0.000000
0	0	699	11.763500	5.097440	5.387610	-0.991415	23.292618	0.000000
0	0	700	-5.974000	1.571760	4.783390	22.091200	35.905073	0.000000
0	0	701	28.127700	-13.596500	-29.750200	7.082050	-57.280725	0.000000
0	0	702	2.682750	-3.182420	-10.380400	6.811340	-53.522238	0.000000
0	0	703	4.826960	-2.561110	-3.640280	8.137800	-62.564104	0.000000
0	0	704	14.336700	7.309480	1.445850	-4.579080	5.594471	0.000000
0	0	705	15.611500	-2.217750	16.956400	14.285900	48.725747	0.000000
0	0	706	-16.381900	30.669300	25.109300	7.211350	19.653786	0.000000
0	0	707	-40.186800	-35.520500	-12.917300	30.839300	-80.007909	0.000000
0	0	708	23.388400	32.832400	-27.156800	-3.332870	-19.797657	0.000000
0	0	709	15.615000	19.043700	3.377400	29.243000	5.028418	0.000000
0	0	710	-7.701980	28.444800	-40.805900	-2.381160	-27.560293	0.000000
0	0	711	13.696600	-5.520240	-22.412900	-17.741900	-51.918204	0.000000
0	0	712	3.369700	-12.584800	9.589610	15.722600	71.346311	0.000000
0	0	713	3.672710	15.315900	-56.063600	-29.376200	-37.360158	0.000000
0	0	714	48.155500	42.174300	6.670900	-8.603100	4.494133	0.000000
0	0	715	15.361900	2.200270	8.558540	-10.408700	37.791175	0.000000
0	0	716	33.624400	-25.736100	35.744100	5.847580	62.877127	0.000000
0	0	717	14.769400	-2.909460	32.607000	2.315670	47.549445	0.000000
0	0	718	-30.809200	38.447700	14.558300	-12.509600	10.369637	0.000000
0	0	719	19.635500	5.644290	4.567610	0.778247	19.490661	0.000000
0	0	720	34.180900	39.621100	7.252410	-25.926500	5.186413	0.000000
0	0	721	-0.594993	-0.440756	-2.077560	-29.491900	-50.988877	0.000000
0	0	722	41.271200	-8.570260	15.109500	-14.068900	59.781171	0.000000
0	0	723	17.100200	22.358300	-2.595370	-15.621400	-3.310654	0.000000
0	0	724	36.260300	-36.313600	1.735560	-37.081500	88.631853	0.000000
0	0	725	8.899850	45.313000	35.457200	-10.516900	19.021503	0.000000
0	0	726	-11.397200	-33.149600	8.507690	-0.421154	82.802984	0.000000
0	0	727	23.930700	17.680300	-3.841430	24.369900	-6.129117	0.000000
0	0	728	24.189600	3.581490	17.724100	13.344700	39.288066	0.000000
0	0	729	19.387000	10.026600	-10.758300	20.918800	-23.508088	0.000000
0	0	730	-3.257590	-6.109750	-17.930700	-32.363500	-54.408077	0.000000
0	0	731	30.008700	-15.960100	14.323600	21.895300	69.046598	0.000000
0	0	732	-0.076846	-17.638000	21.396100	3.877690	64.750332	0.000000
0	0	733	-9.898660	-12.550400	21.851900	3.180470	59.935217	0.000000
0	0	734	7.521790	-33.034900	3.912440	-20.576000	86.622860	0.000000
0	0	735	18.293700	-6.030470	42.940200	26.897100	48.997133	0.000000
0	0	736	31.866000	-3.774580	8.943290	-5.548670	56.441263	0.000000
0	0	737	45.341600	-8.740530	-21.602800	-35.651300	-56.014170	0.000000
0	0	738	-16.695200	-40.515200	-21.219300	-5.116340	-76.178648	0.000000
0	0	739	5.941510	2.821010	0.342428	-55.164600	3.460491	0.000000
0	0	740	-15.546600	-2.713980	-13.423200	-34.546900	-50.715150	0.000000
0	0	741	-19.393000	18.835100	4.593020	-21.322600	6.852179	0.000000
0	0	742	10.853400	4.618780	40.482200	-32.072700	41.745518	0.000000
0	0	743	49.835500	-19.141000	21.465500	-16.997000	65.861853	0.000000
0	0	744	-26.315200	2.820500	0.698525	3.026940	6.954994	0.000000
0	0	745	5.836800	-1.017890	18.592700	27.341000	46.566815	0.000000
0	0	746	47.443700	-33.234300	4.849030	-22.487300	85.849435	0.000000
0	0	747	23.887200	1.106620	39.031600	6.276180	44.187995	0.000000
0	0	748	10.406600	0.542838	11.071400	1.981660	43.596499	0.000000
0	0	749	4.103060	-34.152300	40.675600	-5.865180	65.008850	0.000000
0	0	750	11.526500	7.370150	2.319510	-22.292900	8.734832	0.000000
0	0	751	9.565830	-40.287200	14.674000	-10.323900	79.993308	0.000000
0	0	752	31.620600	0.568316	29.176600	13.285100	44.442053	0.000000
0	0	753	-13.821800	6.676500	0.897147	-5.067170	3.826606	0.000000
0	0	754	-21.758500	26.668900	17.900600	-22.078200	16.935078	0.000000
0	0	755	11.351800	17.812700	24.153200	16.532600	26.795832	0.000000
0	0	756	22.056100	-5.087730	11.646400	0.520251	56.799056	0.000000
0	0	757	-32.764300	32.604100	-17.942000	10.745000	-14.411970	0.000000
0	0	758	9.145720	-0.716878	17.677400	3.555390	46.161132	0.000000
0	0	759	26.606100	23.773400	14.160500	-16.592300	15.389959	0.000000
0	0	760	-0.652655	1.456460	-17.569700	14.896000	-42.630618	0.000000
0	0	761	-2.646110	34.522800	22.937800	2.259430	16.800522	0.000000
0	0	762	-23.589600	19.532700	-5.718330	17.114600	-8.158874	0.000000
0	0	763	7.770500	0.345037	31.997400	-7.824850	44.691094	0.000000
0	0	764	-15.316600	10.777700	-21.533600	-13.961800	-31.705876	0.000000
0	0	765	-32.337900	25.927000	3.871270	-41.309700	4.246167	0.000000
0	0	766	-2.645820	6.552950	8.568840	-6.138520	26.296673	0.000000
0	0	767	-6.408080	-4.790630	-5.253850	7.834360	-66.179784	0.000000
0	0	768	-19.755000	1.053890	8.196520	-16.357600	41.336619	0.000000
0	0	769	0.373530	-28.288300	-24.213500	12.299500	-69.718988	0.000000
0	0	770	-4.414720	-9.384200	8.579570	5.530730	68.782334	0.000000
0	0	771	6.395080	-2.943800	30.806700	4.991190	47.729223	0.000000
0	0	772	21.035200	39.487500	2.808790	-15.182200	2.034330	0.000000
0	0	773	-4.085480	4.230740	1.708380	-7.387950	10.994470	0.000000
0	0	774	12.060900	-8.858910	12.235100	-9.822540	62.953341	0.000000
0	0	775	8.562380	-11.208600	-23.691100	-19.006000	-57.659752	0.000000
0	0	776	-27.771800	-6.625180	-6.477010	-10.387800	-67.823959	0.000000
0	0	777	9.393390	-33.388100	-41.139500	-15.139000	-64.531091	0.000000
0	0	778	-15.870800	-3.338800	4.136630	-1.753450	64.454028	0.000000
0	0	779	2.075200	-11.247100	31.471900	-21.138400	54.832672	0.000000
0	0	780	-11.666400	-6.862810	-18.074400	25.289900	-55.395830	0.000000
0	0	781	-23.924500	-21.015000	4.429620	-16.131800	84.048610	0.000000
0	0	782	-10.175100	5.779510	-3.907400	20.046700	-17.030882	0.000000
0	0	783	-27.085400	-15.743400	15.626600	1.137930	67.606664	0.000000
0	0	784	-27.781200	-15.107300	21.378300	10.494400	62.623759	0.000000
0	0	785	-15.320600	-12.567400	1.418850	25.050000	86.779312	0.000000
0	0	786	5.930580	-39.078000	-5.744640	-12.980900	-85.818582	0.000000
0	0	787	37.901300	-3.685400	-10.252700	0.925216	-54.885653	0.000000
0	0	788	12.576100	13.034900	26.105900	-8.322480	31.733325	0.000000
0	0	789	24.165800	-39.502700	5.962100	26.447100	85.708595	0.000000
0	0	790	-3.740170	-23.592100	-17.675800	12.865100	-71.579259	0.000000
0	0	791	-23.516100	-15.213400	-8.122290	1.580720	-75.951332	0.000000
0	0	792	0.043938	7.375770	-20.539500	-34.135700	-35.123349	0.000000
0	0	793	15.817900	4.122590	-12.066100	-23.953300	-35.568194	0.000000
0	0	794	-28.814900	-35.657200	16.038300	-40.461900	77.891099	0.000000
0	0	795	3.533080	-18.928200	-28.552900	26.918200	-61.770535	0.000000
0	0	796	-36.084600	-4.835860	6.595850	11.387600	63.123821	0.000000
0	0	797	-21.136200	16.884900	29.240000	9.634740	29.997665	0.000000
0	0	798	15.537500	14.900000	-40.777400	-31.518000	-34.963887	0.000000
0	0	799	-20.267600	1.482950	-5.794310	-21.753500	-37.822157	0.000000
0	0	800	0.681439	17.787400	36.063500	2.694540	31.873179	0.000000
0	0	801	-22.532100	13.422100	-12.845400	-27.672100	-21.871140	0.000000
0	0	802	-10.140100	-31.182500	-12.672300	3.854570	-78.941799	0.000000
0	0	803	14.506700	-23.679300	-15.226800	-6.680040	-73.628627	0.000000
0	0	804	30.584000	-26.368200	28.373000	-39.807600	66.451290	0.000000
0	0	805	-21.001800	-0.908616	-30.139100	7.472540	-45.863398	0.000000
0	0	806	2.862970	-27.999300	24.190300	-9.757320	69.587134	0.000000
0	0	807	3.991560	-1.812120	23.175100	14.080700	47.235503	0.000000
0	0	808	6.216390	-3.034790	-6.180860	8.489230	-58.075473	0.000000
0	0	809	-35.336200	13.748700	-10.910600	-28.449300	-19.217287	0.000000
0	0	810	-8.035060	20.412700	24.857200	0.091426	25.303602	0.000000
0	0	811	23.349200	-18.907400	-14.125700	-0.782197	-71.618314	0.000000
0	0	812	12.194900	18.654400	-5.129180	-3.990980	-7.687012	0.000000
0	0	813	-0.868890	-12.067700	-10.365700	-24.579300	-69.669331	0.000000
0	0	814	-23.618000	4.312630	36.154400	-5.327980	41.598845	0.000000
0	0	815	0.030190	3.188060	24.185600	-20.325200	41.245383	0.000000
0	0	816	-7.165900	13.525800	0.315906	6.903830	0.668973	0.000000
0	0	817	16.995700	22.852700	-21.799800	-11.659400	-21.824612	0.000000
0	0	818	-9.112710	60.424200	16.550800	-9.027230	7.659090	0.000000
0	0	819	-54.526100	-2.553680	-29.885900	-8.570640	-47.441963	0.000000
0	0	820	2.314070	-25.427100	-37.816700	28.873200	-61.958000	0.000000
0	0	821	-2.230470	-1.540560	-1.962370	-4.901290	-64.066856	0.000000
0	0	822	3.848300	10.264400	-22.583900	0.537361	-32.779083	0.000000
0	0	823	-7.307230	-2.456890	6.431690	19.157900	55.453368	0.000000
0	0	824	-2.653480	9.021700	7.840810	13.794100	20.497044	0.000000
0	0	825	18.828500	50.616800	-11.190700	-22.943800	-6.233396	0.000000
0	0	826	17.494100	-24.682400	-15.524700	-0.369946	-73.915494	0.000000
0	0	827	29.302600	35.800500	-10.709800	28.838600	-8.327336	0.000000
0	0	828	22.247600	7.249610	10.464600	13.820800	27.643381	0.000000
0	0	829	-6.342890	31.041400	-2.543090	16.175700	-2.341770	0.000000
0	0	830	10.103100	7.401190	-34.708000	-4.557590	-38.981226	0.000000
0	0	831	2.934790	-2.940610	-54.250900	7.401430	-46.551309	0.000000
0	0	832	-5.715450	2.684280	-53.422400	-10.571100	-43.561758	0.000000
0	0	833	30.022500	-4.290690	-9.623210	18.836900	-57.015303	0.000000
0	0	834	28.529200	-11.134200	15.301800	-25.310600	63.020565	0.000000
0	0	835	19.785300	8.599930	20.490500	25.037100	33.616024	0.000000
0	0	836	-14.411500	-18.424000	-15.800200	-15.604200	-69.692004	0.000000
0	0	837	33.738300	-6.341360	31.642200	-17.646200	50.666213	0.000000
0	0	838	-25.979000	-25.076000	19.310400	18.338300	71.200516	0.000000
0	0	839	21.181200	-14.693900	20.699500	2.314190	62.684850	0.000000
0	0	840	-18.820700	27.535600	17.529600	8.075540	16.240739	0.000000
0	0	841	-15.415600	-33.013400	18.252600	-10.097500	75.531235	0.000000
0	0	842	34.990700	-0.569816	-0.475860	16.298700	-70.067174	0.000000
0	0	843	21.089500	11.410600	0.272182	-33.538000	0.683221	0.000000
0	0	844	-2.201020	-6.099400	9.391360	-42.217000	61.501243	0.000000
0	0	845	-16.294700	-14.010100	3.708850	-3.718010	82.586198	0.000000
0	0	846	-5.164260	23.442100	-13.559400	19.440200	-15.022992	0.000000
0	0	847	-17.197500	-35.946000	-4.135870	2.355050	-86.718266	0.000000
0	0	848	24.026700	-21.059600	-4.588640	12.876000	-83.854020	0.000000
0	0	849	-3.413830	-3.762810	-9.913320	-18.349300	-55.392658	0.000000
0	0	850	15.999300	-3.310870	24.814600	-25.463200	48.799881	0.000000
0	0	851	17.949200	1.340800	-18.707900	0.357566	-42.950303	0.000000
0	0	852	3.681400	16.487300	25.602700	14.461800	28.609896	0.000000
0	0	853	-17.033500	13.417900	35.793300	-10.123900	34.725197	0.000000
0	0	854	26.775600	5.366830	22.530600	-3.647960	38.300862	0.000000
0	0	855	30.385800	14.738700	46.933300	-9.626400	36.282942	0.000000
0	0	856	-8.856720	-23.441200	26.658400	-18.614100	65.662867	0.000000
0	0	857	21.542800	31.736700	40.012800	-7.868060	25.789913	0.000000
0	0	858	-9.874110	-36.770400	36.363700	9.479000	67.659310	0.000000
0	0	859	-12.366400	16.955800	-5.459500	36.648000	-8.923870	0.000000
0	0	860	-10.344300	-1.947600	50.790500	-18.366200	46.097987	0.000000
0	0	861	-40.667500	-12.203600	9.769840	20.400100	70.660136	0.000000
0	0	862	25.519000	-19.251300	-7.937570	-21.846900	-78.796494	0.000000
0	0	863	23.555400	1.060210	-14.639600	37.392800	-42.928916	0.000000
0	0	864	21.478000	8.438670	-8.461250	14.466700	-22.538276	0.000000
0	0	865	14.314900	-34.160400	52.635700	3.238310	61.491721	0.000000
0	0	866	-3.846750	-13.114200	21.418400	19.414200	60.739289	0.000000
0	0	867	-3.742290	-1.583080	25.185700	-5.792040	46.798335	0.000000
0	0	868	-13.434600	10.564400	21.821700	-2.301440	32.083640	0.000000
0	0	869	-11.045400	-9.120780	7.565590	8.341750	70.162327	0.000000
0	0	870	-24.351400	4.927870	-4.661590	-1.591750	-21.704710	0.000000
0	0	871	5.543470	-31.560300	-32.869300	10.602700	-66.918048	0.000000
0	0	872	67.780500	-6.042180	-20.364300	46.007900	-53.262931	0.000000
0	0	873	-27.120600	9.063620	21.072100	3.519540	33.363145	0.000000
0	0	874	21.599300	-5.449930	-52.329600	3.100110	-47.972852	0.000000
0	0	875	-39.201000	-28.062500	-32.145000	11.863300	-65.560437	0.000000
0	0	876	-23.975600	-7.298050	30.379900	-14.768200	51.753995	0.000000
0	0	877	-20.917300	1.579230	12.828900	-9.824630	41.491115	0.000000
0	0	878	7.462640	13.996400	-12.214700	-10.836200	-20.555650	0.000000
0	0	879	-15.710600	7.554780	-0.912783	31.957000	-3.444596	0.000000
0	0	880	-34.674100	5.422320	6.666890	-25.807400	25.438913	0.000000
0	0	881	33.669300	21.041100	19.712600	-7.259690	21.566459	0.000000
0	0	882	-18.706000	12.768200	-36.266800	4.515560	-35.302359	0.000000
0	0	883	-2.578480	-1.966680	8.019200	-3.751590	51.889809	0.000000
0	0	884	-9.150590	-24.216700	-39.063500	14.991100	-60.898042	0.000000
0	0	885	9.065430	10.950300	-24.792500	-4.018670	-33.085005	0.000000
0	0	886	-7.682090	16.804400	5.900710	31.884900	9.674127	0.000000
0	0	887	13.423800	-2.958400	-28.379300	-0.191515	-47.975651	0.000000
0	0	888	35.087600	9.751960	2.208090	-29.030300	6.379043	0.000000
0	0	889	-1.256310	18.719600	-3.558290	10.040300	-5.381297	0.000000
0	0	890	1.309900	-28.766100	-18.108800	18.991900	-73.904407	0.000000
0	0	891	-6.916460	4.473690	-15.099800	45.533100	-36.748386	0.000000
0	0	892	14.029600	10.136700	-14.398900	5.324900	-27.427394	0.000000
0	0	893	-11.935300	-11.724900	-8.131400	2.208950	-72.629046	0.000000
0	0	894	-5.277300	-16.853700	1.801810	13.960500	86.948876	0.000000
0	0	895	-2.479670	28.216800	-21.214700	7.415810	-18.468772	0.000000
0	0	896	40.873500	-14.272900	-48.428800	22.696300	-53.210630	0.000000
0	0	897	20.731200	40.861000	2.137500	2.194590	1.497249	0.000000
0	0	898	-19.233700	8.894920	-21.300600	11.510600	-33.667534	0.000000
0	0	899	6.005330	19.510700	7.512660	5.076250	10.529683	0.000000
0	0	900	18.998800	5.988710	9.632080	-20.068300	29.064435	0.000000
0	0	901	-15.428200	-48.152100	5.781040	26.563600	86.576978	0.000000
0	0	902	-0.250739	-16.685500	-25.615300	-0.439263	-61.539870	0.000000
0	0	903	-6.948480	36.979700	-1.481430	6.288570	-1.147039	0.000000
0	0	904	7.842600	19.414600	-26.482200	3.801120	-26.877077	0.000000
0	0	905	38.449500	-16.720600	25.778400	-1.139890	61.484292	0.000000
0	0	906	25.677600	31.002800	43.480800	-7.380870	27.255133	0.000000
0	0	907	33.659800	38.745700	33.256700	-2.842880	20.320285	0.000000
0	0	908	-31.867600	16.723300	-13.534600	-10.779200	-19.492072	0.000000
0	0	909	-34.191300	-14.329900	-22.719200	-1.522640	-61.120627	0.000000
0	0	910	-14.768400	49.061500	4.326550	-7.236330	2.519832	0.000000
0	0	911	9.671900	-7.614680	-22.779100	38.535400	-54.241969	0.000000
0	0	912	-7.389400	2.068050	-0.627860	4.577120	-8.444145	0.000000
0	0	913	-17.190100	17.193700	-13.588700	18.925500	-19.160191	0.000000
0	0	914	19.715700	32.274100	-21.887900	16.384600	-17.072320	0.000000
0	0	915	18.798700	-20.320600	7.358490	4.784030	80.046840	0.000000
0	0	916	-23.293100	26.023100	-32.937800	27.686700	-25.844434	0.000000
0	0	917	-21.080200	13.246700	-9.894930	17.762900	-18.379373	0.000000
0	0	918	-5.298030	9.509490	-27.731700	22.988900	-35.536311	0.000000
0	0	919	27.771600	-16.296900	-20.089100	-14.289300	-64.525017	0.000000
0	0	920	32.069200	41.112800	-5.076680	-19.354200	-3.519674	0.000000
0	0	921	40.368300	57.817600	-28.476500	17.514800	-13.110654	0.000000
0	0	922	28.494200	5.386070	14.910700	6.423380	35.069588	0.000000
0	0	923	37.381700	-10.384600	35.948100	-16.006900	53.056410	0.000000
0	0	924	12.252200	14.544700	-5.447580	-40.613400	-10.266481	0.000000
0	0	925	-9.989500	24.834300	11.031100	51.581700	11.975111	0.000000
0	0	926	15.674900	35.768400	18.939600	13.958300	13.950755	0.000000
0	0	927	31.265200	13.390500	-1.712580	-6.230850	-3.644143	0.000000
0	0	928	17.367800	6.288220	-16.378500	14.323200	-34.498319	0.000000
0	0	929	25.094200	-5.062530	4.442620	-18.449100	69.365725	0.000000
0	0	930	20.968900	15.452100	-24.554700	14.527000	-28.909041	0.000000
0	0	931	39.809400	9.872370	23.223900	44.317200	33.484942	0.000000
0	0	932	41.626000	26.346500	5.093790	-12.157000	5.471232	0.000000
0	0	933	-3.714430	39.460600	-16.231900	27.106400	-11.179773	0.000000
0	0	934	28.520200	32.386300	-0.684062	-8.116700	-0.605010	0.000000
0	0	935	14.310800	38.842600	12.150900	5.981760	8.685469	0.000000
0	0	936	8.494570	46.649500	12.404200	32.003200	7.445256	0.000000
0	0	937	-2.919170	14.774800	2.894330	13.461200	5.541839	0.000000
0	0	938	-1.168750	24.529600	-0.256049	21.452400	-0.299026	0.000000
0	0	939	11.054200	-3.960650	-42.955800	17.927400	-47.633972	0.000000
0	0	940	17.993800	29.565200	10.797900	18.677200	10.031686	0.000000
0	0	941	33.466900	11.784200	29.702000	-10.785800	34.179706	0.000000
0	0	942	48.322700	21.620200	49.537600	25.393200	33.210804	0.000000
0	0	943	21.673900	0.561029	1.005160	-7.723190	30.415988	0.000000
0	0	944	-31.370100	-26.250200	-9.815720	27.162300	-79.748877	0.000000
0	0	945	2.204990	23.696200	-15.739200	47.701600	-16.796211	0.000000
0	0	946	9.989360	-3.512170	-15.837200	-5.433050	-51.251978	0.000000
0	0	947	2.450410	11.845800	47.989500	12.601500	38.067103	0.000000
0	0	948	26.586300	-29.418600	25.729800	25.212900	69.413367	0.000000
0	0	949	3.491790	-18.596100	-14.153900	36.282200	-71.362220	0.000000
0	0	950	33.534900	-11.630900	-9.744910	-1.072790	-70.021078	0.000000
0	0	951	49.498200	1.695840	2.447930	0.642462	27.643571	0.000000
0	0	952	5.726630	43.705000	-12.127300	9.446400	-7.754158	0.000000
0	0	953	16.116300	4.710690	-19.995200	13.586500	-38.371681	0.000000
0	0	954	8.391240	-6.174180	-12.884400	14.980500	-57.801826	0.000000
0	0	955	15.580600	36.563700	10.126400	1.163240	7.740096	0.000000
0	0	956	55.995100	-4.349850	-27.077600	-10.431000	-49.563121	0.000000
0	0	957	16.934900	15.289900	-1.993250	12.145900	-3.713705	0.000000
0	0	958	32.751200	29.683100	-20.869800	-0.056923	-17.555276	0.000000
0	0	959	18.276100	10.211500	-32.445900	15.843600	-36.264983	0.000000
0	0	960	-17.471300	5.032340	-33.391200	-21.988000	-40.714767	0.000000
0	0	961	24.717600	16.237800	-47.279900	15.562600	-35.522744	0.000000
0	0	962	16.041900	31.132500	-10.047300	-3.618110	-8.943147	0.000000
0	0	963	11.586200	5.209820	-16.815900	0.991742	-36.393114	0.000000
0	0	964	5.207440	17.796300	25.150700	23.694500	27.358642	0.000000
0	0	965	1.928480	25.354600	-5.289960	-25.603100	-5.892538	0.000000
0	0	966	-7.619310	-7.192030	-28.327000	19.852500	-52.122994	0.000000
0	0	967	-8.434450	20.729500	4.178530	-10.574800	5.698313	0.000000
0	0	968	19.822600	22.009500	-53.286400	-7.538950	-33.778669	0.000000
0	0	969	-20.525500	-7.530240	-29.610000	31.357700	-52.134323	0.000000
0	0	970	10.388900	29.399600	-2.314630	-9.541360	-2.250805	0.000000
0	0	971	29.533200	23.727800	-14.659400	-2.887490	-15.854205	0.000000
0	0	972	17.575900	17.542800	-37.863100	5.482630	-32.570341	0.000000
0	0	973	26.578000	3.410320	-48.090900	-5.549610	-42.971858	0.000000
0	0	974	-8.924630	-19.118500	4.020870	34.295400	84.061522	0.000000
0	0	975	-17.288200	-9.585670	-65.349600	24.132800	-49.172402	0.000000
0	0	976	32.143900	36.732200	-26.388900	38.609200	-17.846984	0.000000
0	0	977	-5.224430	1.930400	12.644800	-24.220300	40.660021	0.000000
0	0	978	38.775700	16.761100	8.026180	-8.128100	12.793892	0.000000
0	0	979	-0.652155	19.352200	-49.447800	-29.842100	-34.313151	0.000000
0	0	980	12.576500	37.506100	-14.918900	-26.381000	-10.845654	0.000000
0	0	981	9.278740	-8.290810	-21.172700	-19.992600	-55.692164	0.000000
0	0	982	24.320700	28.533800	-29.980100	-31.291600	-23.207952	0.000000
0	0	983	15.773700	-3.613810	-25.089200	-16.506400	-49.098211	0.000000
0	0	984	3.564490	-12.676100	-46.414600	-19.061600	-52.637654	0.000000
0	0	985	52.250800	-6.975930	-23.176000	-15.272000	-53.375845	0.000000
0	0	986	61.994100	23.787800	13.951300	-13.004000	15.195592	0.000000
0	0	987	86.533400	26.516800	1.606410	-19.657900	1.733395	0.000000
0	0	988	46.807700	20.103900	-16.311300	23.702800	-19.527074	0.000000
0	0	989	53.934400	4.713580	-25.545200	-44.581100	-39.772710	0.000000
0	0	990	30.699900	61.031700	-0.343287	-17.125300	-0.161135	0.000000
0	0	991	47.975300	50.260200	10.660200	-16.515600	5.987491	0.000000
0	0	992	38.227500	11.861400	-40.540200	-17.269700	-36.845693	0.000000
0	0	993	45.380400	-1.208490	-1.536490	-0.429583	-64.092993	0.000000
0	0	994	3.511780	58.605800	0.536782	-22.567200	0.262384	0.000000
0	0	995	49.589700	36.489800	-17.894100	-14.074400	-13.061351	0.000000
0	0	996	8.111850	9.821720	-44.260900	-10.090100	-38.744254	0.000000
0	0	997	31.883800	49.776000	2.266600	-35.627900	1.303610	0.000000
0	0	998	34.261800	22.070100	12.964800	-16.910500	15.215783	0.000000
0	0	999	58.956900	-0.225099	-7.440740	2.814490	-45.866398	0.000000
0	0	1000	38.251700	69.837200	-30.770800	27.603100	-11.889327	0.000000
0	0	1001	59.151200	41.870900	1.323370	-8.170890	0.905143	0.000000
0	0	1002	26.323100	24.543900	-47.139000	-33.687100	-31.247662	0.000000
0	0	1003	19.336500	27.564200	-46.612400	22.638900	-29.701046	0.000000
0	0	1004	39.402400	14.376800	-25.701300	-9.012570	-30.389106	0.000000
0	0	1005	25.615200	17.831400	5.144880	-58.879900	8.047198	0.000000
0	0	1006	54.243000	2.641540	-16.847300	25.638700	-40.544484	0.000000
0	0	1007	56.706400	-0.720926	-1.071170	-47.838500	-61.970803	0.000000
0	0	1008	-20.053800	35.204300	-1.586910	-35.968300	-1.290492	0.000000
0	0	1009	54.635000	20.242500	-31.719100	0.531806	-28.727395	0.000000
0	0	1010	36.310800	27.148500	-15.382000	16.953500	-14.767674	0.000000
0	0	1011	13.313800	3.309900	-41.439200	37.447000	-42.716636	0.000000
0	0	1012	62.922100	-16.374400	-12.029700	-43.391900	-71.848287	0.000000
0	0	1013	-4.247520	-23.831200	6.078700	0.104427	82.845256	0.000000
0	0	1014	55.079300	7.301630	-13.624900	-31.626700	-30.906496	0.000000
0	0	1015	60.730300	-15.404600	22.315000	-27.545000	62.309142	0.000000
0	0	1016	20.660400	-22.019400	9.727680	-5.333350	78.082614	0.000000
0	0	1017	66.717400	-14.104500	24.396300	-33.483600	60.016983	0.000000
0	0	1018	57.835700	23.530100	14.227000	-9.456930	15.579204	0.000000
0	0	1019	43.981800	-14.532500	11.843400	-18.374400	70.410679	0.000000
0	0	1020	40.428700	6.533520	29.938700	-32.300800	38.844677	0.000000
0	0	1021	13.537800	-34.361600	44.447600	12.529000	63.853466	0.000000
0	0	1022	19.588000	-5.830920	36.152900	13.034100	49.581025	0.000000
0	0	1023	61.005700	-22.429700	31.648000	10.334400	62.663060	0.000000
