0	0	0	66.266000	6.187690	-9.414010	-0.411635	-28.341836	0.000000
0	0	1	66.429700	-4.441740	-41.689300	-13.653100	-48.040786	0.000000
0	0	2	75.375100	5.885590	-10.018900	-20.105900	-29.783974	0.000000
0	0	3	90.244800	-17.541000	-17.768100	-18.778800	-67.315746	0.000000
0	0	4	69.035400	-11.849700	-44.328900	5.536340	-52.482998	0.000000
0	0	5	50.649800	-8.212440	-31.416800	-5.573500	-52.324738	0.000000
0	0	6	90.066100	-29.193500	1.593870	-17.813800	88.437470	0.000000
0	0	7	64.624600	-45.339200	-22.363800	26.074100	-76.872469	0.000000
0	0	8	56.230500	2.621940	-31.474200	2.580150	-42.619002	0.000000
0	0	9	49.377900	-33.333000	-41.503600	-1.335260	-64.384586	0.000000
0	0	10	74.064200	-44.768700	-8.779990	12.983600	-84.452021	0.000000
0	0	11	73.502100	-10.247300	6.049540	-22.543100	74.722165	0.000000
0	0	12	51.073700	-1.402340	-43.165000	-6.896620	-45.930382	0.000000
0	0	13	67.652600	35.180700	-6.831540	6.474470	-5.494589	0.000000
0	0	14	91.915400	-34.058400	-18.474700	-18.077300	-75.761373	0.000000
0	0	15	61.994600	-20.602400	-30.285700	-5.102650	-62.113105	0.000000
0	0	16	71.012600	-1.824310	-40.858300	-17.004500	-46.278270	0.000000
0	0	17	105.768000	1.152050	-51.703500	-52.597200	-44.361777	0.000000
0	0	18	69.924600	11.230000	-8.089130	-20.622600	-17.882873	0.000000
0	0	19	74.413200	23.550100	-21.211800	-23.280400	-21.004833	0.000000
0	0	20	69.686500	2.674800	-17.032700	-20.894500	-40.537606	0.000000
0	0	21	97.227800	-6.098960	-52.271000	-7.240990	-48.327578	0.000000
0	0	22	60.149800	9.651890	-24.126400	-67.224500	-34.097934	0.000000
0	0	23	46.496300	-7.073280	-39.159200	-5.944920	-50.119434	0.000000
0	0	24	111.238000	-18.500500	-73.589000	-15.382100	-52.055940	0.000000
0	0	25	111.072000	-17.580100	-13.761800	-33.583600	-70.972982	0.000000
0	0	26	81.045100	18.233800	-22.120500	-17.669000	-25.250719	0.000000
0	0	27	82.315400	12.481300	-61.304500	11.405900	-39.246070	0.000000
0	0	28	113.264000	39.322000	-10.192200	-3.782910	-7.265594	0.000000
0	0	29	61.599500	21.748200	-28.666800	18.829700	-26.407030	0.000000
0	0	30	91.328600	1.384300	-37.220400	8.466730	-43.935019	0.000000
0	0	31	112.827000	-2.720910	-58.838700	-42.055900	-46.323837	0.000000
0	0	32	111.693000	-33.900000	-50.049800	-65.424400	-62.055391	0.000000
0	0	33	136.602000	19.694000	-20.344600	8.328240	-22.965468	0.000000
0	0	34	81.067900	-8.051170	-1.556380	-20.501200	-84.529523	0.000000
0	0	35	96.066800	15.525700	-63.048000	-32.957300	-38.083022	0.000000
0	0	36	47.757000	-27.845900	-69.929600	-19.754300	-55.856200	0.000000
0	0	37	115.512000	32.064200	-45.329900	-31.850900	-27.363120	0.000000
0	0	38	115.323000	-2.829570	-57.822100	8.448050	-46.400790	0.000000
0	0	39	102.107000	-0.482214	-40.017900	-43.262000	-45.345189	0.000000
0	0	40	108.970000	-7.016200	-15.127200	4.361670	-57.441254	0.000000
0	0	41	99.791000	7.091210	-26.722500	-23.461400	-37.569123	0.000000
0	0	42	123.935000	15.127100	-44.467400	-44.412500	-35.606257	0.000000
0	0	43	115.953000	6.487700	14.895100	-13.493800	33.232008	0.000000
0	0	44	117.419000	25.376600	-5.542630	-48.967000	-6.160384	0.000000
0	0	45	123.350000	14.580300	-22.916400	-32.184200	-28.766952	0.000000
0	0	46	76.299900	4.896530	-64.867900	-26.436700	-42.841618	0.000000
0	0	47	103.320000	38.536500	-22.165700	-18.890900	-14.953480	0.000000
0	0	48	89.895200	-9.322790	-48.708600	-15.266300	-50.417663	0.000000
0	0	49	105.969000	-19.069200	-61.505300	-15.871300	-53.612805	0.000000
0	0	50	111.594000	-30.645700	3.263400	-25.112800	86.960796	0.000000
0	0	51	63.797300	-21.271700	-14.410600	19.318400	-72.942082	0.000000
0	0	52	89.310400	26.154800	-14.277400	-31.016700	-14.314637	0.000000
0	0	53	102.543000	18.933500	4.442640	-8.739010	6.602621	0.000000
0	0	54	103.894000	-25.663000	-63.292800	-4.335040	-56.035410	0.000000
0	0	55	117.404000	-33.784100	-24.734500	18.833600	-71.895430	0.000000
0	0	56	82.760600	-0.998811	-22.252100	-22.356800	-46.285031	0.000000
0	0	57	105.375000	13.055700	-14.002500	-17.934300	-23.502016	0.000000
0	0	58	87.605700	24.287400	-46.205600	-18.034500	-31.135949	0.000000
0	0	59	111.204000	22.760600	-47.780400	15.375500	-32.264404	0.000000
0	0	60	102.467000	1.443120	-38.430900	-1.188930	-43.924747	0.000000
0	0	61	123.346000	16.639900	-40.726400	-5.556880	-33.888084	0.000000
0	0	62	120.002000	27.289500	-32.751100	28.991500	-25.098806	0.000000
0	0	63	100.388000	-18.990700	-39.474400	9.533760	-57.845848	0.000000
0	0	64	97.749600	-19.907400	-33.380900	-44.508500	-60.405312	0.000000
0	0	65	79.895200	-2.713100	-54.921800	-18.504900	-46.414037	0.000000
0	0	66	130.771000	65.563400	-27.820700	12.496400	-11.496552	0.000000
0	0	67	112.455000	3.086460	-47.044500	-20.750300	-43.123181	0.000000
0	0	68	123.706000	23.897900	-70.230900	17.596900	-35.603893	0.000000
0	0	69	98.004000	-25.140400	-38.158100	-3.365790	-61.689411	0.000000
0	0	70	116.622000	-24.172100	-60.097100	6.697350	-55.955425	0.000000
0	0	71	112.597000	17.444900	-27.480500	2.863400	-28.796103	0.000000
0	0	72	114.780000	5.776240	-65.892800	-34.808700	-42.495096	0.000000
0	0	73	137.334000	-26.123100	-13.356900	26.677200	-76.459532	0.000000
0	0	74	118.383000	16.244300	-34.277300	-1.459070	-32.321667	0.000000
0	0	75	117.440000	13.102500	-32.770100	-4.389760	-34.103471	0.000000
0	0	76	140.833000	30.493600	-94.800500	-23.807800	-36.084527	5.361110
0	0	77	129.969000	-11.245400	-71.150100	-19.340500	-49.490703	0.000000
0	0	78	121.692000	-15.692000	-47.546300	24.434000	-54.132380	0.000000
0	0	79	125.765000	17.838000	-37.972900	-64.551000	-32.418962	0.000000
0	0	80	106.959000	-28.491100	-7.391300	13.786500	-82.728327	0.000000
0	0	81	113.748000	-8.943480	-63.336300	-3.152530	-49.018691	0.000000
0	0	82	90.890700	18.087800	-38.761200	18.011500	-32.492015	0.000000
0	0	83	85.200100	-10.890100	-47.812800	12.348200	-51.415552	0.000000
0	0	84	133.418000	-20.694900	-43.001900	-3.746130	-57.849720	0.000000
0	0	85	113.472000	-2.242180	-42.535200	14.497300	-46.508735	0.000000
0	0	86	139.997000	18.669500	-67.993500	-14.593000	-37.323123	0.000000
0	0	87	131.735000	16.224400	-38.980500	4.059240	-33.701012	0.000000
0	0	88	117.893000	-7.685760	-68.949000	-2.848970	-48.180258	0.000000
0	0	89	147.127000	11.138800	-33.227000	17.531100	-35.733564	0.000000
0	0	90	119.049000	-10.872500	-39.068700	3.126580	-52.775725	0.000000
0	0	91	125.867000	-7.335660	-44.257300	21.466600	-49.705614	0.000000
0	0	92	118.915000	-0.643492	-50.093900	-28.588600	-45.367982	0.000000
0	0	93	67.896200	-12.569100	-36.324300	19.569700	-54.543438	0.000000
0	0	94	102.135000	20.144500	-42.151800	33.141200	-32.228347	0.000000
0	0	95	113.502000	9.295330	-33.602200	6.243430	-37.268516	0.000000
0	0	96	145.749000	40.859900	-51.043800	7.829000	-25.661590	0.000000
0	0	97	139.063000	-13.817700	-22.766000	-13.618900	-60.627715	0.000000
0	0	98	108.100000	21.663300	-57.987000	28.594800	-34.757435	0.000000
0	0	99	97.011100	26.677100	-57.511300	1.500960	-32.557688	0.000000
0	0	100	121.918000	-5.898780	-57.105400	-5.258920	-47.948765	0.000000
0	0	101	106.782000	32.283300	-67.651300	28.580900	-32.244727	0.000000
0	0	102	119.144000	-5.397270	-64.499700	45.925500	-47.391655	0.000000
0	0	103	133.773000	4.317130	-36.717900	-21.545700	-41.647100	0.000000
0	0	104	131.430000	-3.232430	-28.643000	37.959300	-48.219361	0.000000
0	0	105	79.325700	-39.397700	-24.561700	38.551500	-74.029679	0.000000
0	0	106	111.412000	26.403900	2.004470	-20.187800	2.170660	0.000000
0	0	107	129.401000	1.765540	-58.752600	-3.569740	-44.139378	0.000000
0	0	108	114.894000	1.442780	2.445550	18.299800	29.730519	0.000000
0	0	109	115.396000	-11.078900	-16.916700	3.183680	-61.610576	0.000000
0	0	110	118.524000	24.378700	-81.921600	48.291400	-36.713873	0.000000
0	0	111	104.807000	22.079000	-60.436200	44.389100	-34.965683	0.000000
0	0	112	118.700000	-18.905300	-56.364800	63.621900	-54.270976	0.000000
0	0	113	114.832000	-6.858890	-31.634900	-4.878280	-51.116593	0.000000
0	0	114	124.221000	28.416200	-66.575300	3.619780	-33.442928	0.000000
0	0	115	101.139000	27.542800	-28.160100	32.165000	-22.817463	0.000000
0	0	116	161.729000	27.577100	-47.458500	40.036500	-29.920031	0.000000
0	0	117	130.794000	8.810730	-54.357700	22.555400	-40.396557	0.000000
0	0	118	134.545000	3.203020	-15.204500	3.451270	-39.051932	0.000000
0	0	119	111.891000	18.713600	-87.648800	36.243800	-38.973964	0.000000
0	0	120	104.577000	5.310240	-79.116400	53.706600	-43.080052	0.000000
0	0	121	155.426000	5.389230	-44.138400	34.980100	-41.519365	0.000000
0	0	122	144.259000	27.535400	-74.684900	13.240300	-34.880846	0.000000
0	0	123	129.337000	6.981000	-70.129400	12.276700	-42.157622	0.000000
0	0	124	135.237000	12.337900	-39.242900	24.910400	-36.273471	0.000000
0	0	125	150.690000	51.464400	-10.395400	11.345300	-5.709818	0.000000
0	0	126	150.566000	31.544600	-43.616100	22.446000	-27.062154	0.000000
0	0	127	128.677000	11.365500	-47.756200	19.113300	-38.306603	0.000000
0	0	128	145.752000	38.337400	-51.936000	19.983100	-26.783255	0.000000
0	0	129	114.945000	-16.142000	-30.879900	81.415000	-58.798818	0.000000
0	0	130	135.632000	-14.601500	-70.109100	11.687900	-50.882358	0.000000
0	0	131	118.288000	12.944300	-94.524600	47.503800	-41.101178	0.000000
0	0	132	152.182000	-5.417260	-25.803100	38.858900	-50.928410	0.000000
0	0	133	150.188000	7.110480	-36.356600	32.534200	-39.466999	0.000000
0	0	134	111.813000	33.355400	-25.078500	22.311800	-18.468971	0.000000
0	0	135	157.536000	15.493900	-68.291400	36.504600	-38.608587	0.000000
0	0	136	145.603000	33.399400	-58.047200	10.027100	-30.042294	0.000000
0	0	137	123.858000	14.261500	-47.616100	19.725700	-36.663257	0.000000
0	0	138	164.218000	-1.376660	-42.482600	26.345500	-45.928018	0.000000
0	0	139	138.376000	25.849100	-40.679400	9.753920	-28.783355	0.000000
0	0	140	134.321000	42.663200	-67.175800	7.424280	-28.790231	0.000000
0	0	141	127.865000	16.827600	-78.489100	50.136500	-38.949653	0.000000
0	0	142	103.502000	12.699400	-51.429500	23.348700	-38.064759	0.000000
0	0	143	98.397200	-18.592700	-88.106600	30.848400	-50.958009	0.000000
0	0	144	133.608000	78.685100	-25.891500	5.711110	-9.106950	0.000000
0	0	145	156.868000	14.552400	-105.441000	-6.971550	-41.070993	5.030650
0	0	146	140.627000	8.297070	-80.637900	35.094600	-42.062671	0.000000
0	0	147	133.984000	52.840000	-40.680800	23.773900	-18.796093	0.000000
0	0	148	133.932000	11.922000	-46.659500	27.818100	-37.833489	0.000000
0	0	149	156.337000	-5.485800	-37.533800	30.576300	-49.157631	0.000000
0	0	150	162.462000	9.068490	-27.881400	45.029400	-35.991382	0.000000
0	0	151	125.405000	32.647800	-37.424800	69.511200	-24.449971	0.000000
0	0	152	124.200000	54.660100	-82.502500	42.248200	-28.237234	5.349300
0	0	153	127.157000	15.973800	-74.664100	71.896900	-38.962032	0.000000
0	0	154	113.139000	27.146500	-40.213800	14.372800	-27.989256	0.000000
0	0	155	168.445000	-3.433070	-53.292400	90.844300	-46.842936	0.000000
0	0	156	138.627000	7.539910	-61.586400	111.861000	-41.510059	0.000000
0	0	157	144.008000	-42.421500	-11.284300	22.420300	-82.552011	0.000000
0	0	158	124.566000	9.495680	-30.865400	12.084500	-36.449794	0.000000
0	0	159	153.677000	-2.051190	-45.554900	82.412900	-46.289051	0.000000
0	0	160	147.506000	-2.292540	-29.959600	63.868900	-47.187903	0.000000
0	0	161	151.175000	21.973400	-2.309560	32.118600	-3.000081	0.000000
0	0	162	159.867000	10.367900	-63.206400	27.485300	-40.342296	0.000000
0	0	163	183.787000	-29.097400	-52.333400	45.442100	-59.537042	0.000000
0	0	164	140.024000	4.206840	-37.257400	32.910800	-41.778927	0.000000
0	0	165	110.897000	9.704090	-7.918570	16.325900	-19.607280	0.000000
0	0	166	119.473000	30.486600	15.455900	41.682600	13.441901	0.000000
0	0	167	159.031000	44.036300	-51.770000	38.861800	-24.807519	0.000000
0	0	168	149.957000	19.287000	-31.319200	34.794700	-29.187197	0.000000
0	0	169	144.946000	55.515300	-6.402210	38.046200	-3.289240	0.000000
0	0	170	153.871000	7.193790	-22.193500	45.454400	-36.020221	0.000000
0	0	171	165.029000	14.558700	-46.483700	9.728010	-36.304719	0.000000
0	0	172	138.054000	10.708600	-28.091500	45.619300	-34.566470	0.000000
0	0	173	169.349000	18.388900	-34.491500	50.799600	-30.968003	0.000000
0	0	174	171.415000	12.462500	-45.522800	45.409000	-37.344806	0.000000
0	0	175	162.878000	16.949800	-22.422700	40.730500	-26.456792	0.000000
0	0	176	134.002000	29.398000	-30.687500	55.823300	-23.114720	0.000000
0	0	177	134.938000	-2.935540	-47.756100	35.181200	-46.758756	0.000000
0	0	178	144.660000	5.184910	-29.227200	70.563300	-39.970188	0.000000
0	0	179	140.302000	20.617400	-30.002600	47.284000	-27.751826	0.000000
0	0	180	154.311000	-18.325900	-24.327000	48.169000	-63.495636	0.000000
0	0	181	144.923000	5.695190	-37.732200	73.271600	-40.708365	0.000000
0	0	182	182.901000	6.831850	-51.136400	35.178000	-41.195158	0.000000
0	0	183	185.002000	-30.206500	-52.009900	31.471000	-60.073660	0.000000
0	0	184	176.563000	-22.511000	-28.457500	40.384900	-64.172690	0.000000
0	0	185	169.331000	8.578600	-15.542500	51.233300	-30.551866	0.000000
0	0	186	166.913000	30.655300	0.351173	55.937500	0.328163	0.000000
0	0	187	112.085000	4.709550	-31.269000	15.903300	-40.717415	0.000000
0	0	188	166.802000	-2.401810	-47.123900	36.900900	-46.458863	0.000000
0	0	189	139.411000	-6.053330	-36.989900	38.348000	-49.646984	0.000000
0	0	190	143.131000	3.393210	-36.847200	36.257200	-42.369273	0.000000
0	0	191	132.696000	-8.299030	-53.083200	31.093800	-49.442848	0.000000
0	0	192	136.632000	2.656720	-28.462100	61.636800	-42.333664	0.000000
0	0	193	156.367000	-18.051000	-22.696900	34.800200	-64.247735	0.000000
0	0	194	150.855000	53.846900	-28.748100	45.198700	-14.048565	0.000000
0	0	195	109.871000	32.521500	-1.081140	61.215900	-0.952016	0.000000
0	0	196	108.496000	33.255300	-7.391600	27.870600	-6.265663	0.000000
0	0	197	144.545000	5.777560	-20.125500	73.346100	-36.991233	0.000000
0	0	198	116.271000	51.106000	1.722570	49.056800	0.965235	0.000000
0	0	199	91.024500	59.977200	14.683800	-1.877600	6.878367	0.000000
0	0	200	155.277000	43.857800	-37.117000	39.362900	-20.120674	0.000000
0	0	201	136.994000	-3.638240	-25.039600	26.960000	-49.133595	0.000000
0	0	202	128.013000	3.582570	-35.901800	21.224800	-42.150716	0.000000
0	0	203	136.762000	12.891600	-21.492100	53.043800	-29.521709	0.000000
0	0	204	147.939000	-0.570409	-14.769000	16.690600	-46.105890	0.000000
0	0	205	168.400000	33.186400	-14.035100	31.465800	-11.462169	0.000000
0	0	206	144.202000	34.368600	2.738440	56.903200	2.277810	0.000000
0	0	207	147.633000	27.355000	-17.183800	53.494600	-16.068060	0.000000
0	0	208	181.526000	9.132010	-20.909900	46.813200	-33.203798	0.000000
0	0	209	183.199000	-2.464380	-44.587100	72.080900	-46.581792	0.000000
0	0	210	204.242000	9.021920	-36.598200	61.037500	-38.075983	0.000000
0	0	211	179.368000	4.042080	-31.761600	28.895900	-41.373674	0.000000
0	0	212	186.706000	35.239300	-9.016640	71.252400	-7.176143	0.000000
0	0	213	190.901000	-3.988290	-44.050600	64.206600	-47.586694	0.000000
0	0	214	168.673000	5.344770	-57.944900	91.530500	-42.365008	0.000000
0	0	215	192.745000	-15.165000	-28.436000	58.861200	-59.035564	0.000000
0	0	216	160.499000	11.599500	-37.947100	45.502200	-36.501445	0.000000
0	0	217	159.011000	14.971000	-61.047300	91.124000	-38.110470	0.000000
0	0	218	192.919000	21.577100	-49.918700	80.686400	-33.311918	0.000000
0	0	219	190.862000	2.533260	-18.726600	70.994300	-41.148010	0.000000
0	0	220	153.715000	3.225020	-24.916600	28.368100	-41.312530	0.000000
0	0	221	227.331000	-10.070900	-40.439300	19.600400	-51.992163	0.000000
0	0	222	150.863000	35.751000	19.782400	71.953500	14.478719	0.000000
0	0	223	172.322000	-8.813210	3.837740	65.772600	78.234566	0.000000
0	0	224	200.230000	-17.099200	-7.093810	70.568300	-78.734145	0.000000
0	0	225	185.075000	-6.345300	-34.274400	43.829500	-50.244275	0.000000
0	0	226	187.376000	27.949300	-38.480300	61.176800	-27.004032	0.000000
0	0	227	207.486000	22.645200	9.008360	-1.306450	10.846440	0.000000
0	0	228	187.279000	3.491950	14.829200	51.374200	38.374749	0.000000
0	0	229	213.014000	-5.429570	-22.003000	30.491100	-51.930831	0.000000
0	0	230	215.838000	-3.585370	-50.922400	47.396300	-47.013732	0.000000
0	0	231	166.433000	-10.385300	-50.101400	0.786350	-50.855372	0.000000
0	0	232	203.693000	29.594900	-11.361800	45.737400	-10.501166	0.000000
0	0	233	178.164000	25.113900	-30.477300	27.763700	-25.255400	0.000000
0	0	234	173.845000	10.146400	-57.041600	49.052900	-39.956940	0.000000
0	0	235	172.523000	18.469300	-23.296000	49.691200	-25.796135	0.000000
0	0	236	184.752000	13.929100	-53.365500	18.925900	-37.685710	0.000000
0	0	237	168.463000	35.567400	-40.554400	-1.769540	-24.374143	0.000000
0	0	238	192.772000	-6.824830	-73.391200	46.400500	-47.656399	0.000000
0	0	239	189.751000	26.982300	-50.282900	52.278400	-30.890777	0.000000
0	0	240	200.138000	-3.622770	-51.925600	22.757700	-46.995486	0.000000
0	0	241	129.830000	-3.423020	-68.543400	10.560400	-46.429472	0.000000
0	0	242	151.694000	41.556600	-33.309600	-18.477900	-19.356920	0.000000
0	0	243	189.128000	11.709300	-53.247500	30.335600	-38.798934	0.000000
0	0	244	168.179000	42.869600	-61.200500	38.050400	-27.494803	0.000000
0	0	245	154.045000	13.573900	-33.367200	70.966300	-33.931663	0.000000
0	0	246	180.188000	12.449500	-31.287300	61.621400	-34.150971	0.000000
0	0	247	152.533000	33.902400	-26.500700	-1.346440	-19.006947	0.000000
0	0	248	186.945000	43.053100	-29.741900	41.680500	-17.318727	0.000000
0	0	249	167.658000	25.281500	-64.050800	56.458500	-34.230174	0.000000
0	0	250	144.350000	-1.023030	-65.480200	58.122100	-45.447544	0.000000
0	0	251	181.917000	36.009600	-22.316200	79.760600	-15.893852	0.000000
0	0	252	160.088000	10.996800	-49.325700	59.077200	-38.715933	0.000000
0	0	253	168.547000	-33.050000	-55.448100	63.766900	-60.398589	0.000000
0	0	254	190.389000	12.922400	-39.931800	25.592100	-36.033905	0.000000
0	0	255	188.828000	-9.208180	-79.895100	70.686600	-48.287262	0.000000
0	0	256	212.819000	-14.189400	-69.196100	94.329800	-50.794232	0.000000
0	0	257	187.041000	-10.140600	-62.138800	65.296700	-49.634276	0.000000
0	0	258	190.155000	-31.369000	-19.386800	80.016200	-74.141466	0.000000
0	0	259	234.827000	-15.323900	-66.146300	104.588000	-51.521716	0.000000
0	0	260	230.207000	-6.961150	-16.833300	96.788600	-56.233391	0.000000
0	0	261	243.945000	-59.426400	-32.221400	96.852300	-75.766574	0.000000
0	0	262	250.161000	-52.131100	-35.424100	81.540800	-72.901563	0.000000
0	0	263	262.456000	-53.303500	-16.574300	130.561000	-81.363667	0.000000
0	0	264	249.562000	-61.023200	-6.773060	143.678000	-86.833287	0.000000
0	0	265	229.562000	-63.264900	-36.241800	105.411000	-75.096710	0.000000
0	0	266	267.346000	-109.219000	3.536540	144.470000	89.072698	4.707500
0	0	267	322.431000	-89.070800	-20.677500	116.920000	-83.465234	0.000000
0	0	268	287.166000	-73.683200	-16.062600	137.131000	-83.851090	0.000000
0	0	269	287.167000	-109.992000	-30.573700	124.981000	-82.233020	4.519550
0	0	270	269.609000	-11.631400	-18.954200	169.467000	-60.767850	0.000000
0	0	271	265.105000	-34.062600	-19.948100	125.317000	-74.822728	0.000000
0	0	272	238.387000	-35.868800	-20.926100	128.173000	-74.870212	0.000000
0	0	273	249.553000	-40.156100	-73.310600	132.530000	-59.355928	0.000000
0	0	274	254.004000	-54.035200	-17.165700	146.059000	-81.188092	0.000000
0	0	275	237.020000	-9.486500	-82.865000	145.286000	-48.265434	0.000000
0	0	276	207.286000	-14.557700	-50.294500	70.263800	-53.071521	0.000000
0	0	277	220.860000	-2.114230	-52.178400	136.811000	-46.160157	0.000000
0	0	278	197.916000	16.059300	-39.589500	88.065500	-33.960145	0.000000
0	0	279	211.660000	-22.072200	-76.403700	86.022800	-53.056716	0.000000
0	0	280	230.022000	11.129400	-64.070500	148.913000	-40.072867	0.000000
0	0	281	220.061000	1.299630	-68.243400	102.796000	-44.454494	0.000000
0	0	282	210.929000	18.731800	-82.261500	101.830000	-38.585945	0.000000
0	0	283	225.743000	21.779800	-73.619700	92.483500	-36.759785	0.000000
0	0	284	218.176000	14.162700	-80.877000	96.815100	-40.033707	0.000000
0	0	285	198.256000	27.196800	-75.786400	87.603300	-35.129453	0.000000
0	0	286	233.590000	-1.004590	-94.688800	80.478100	-45.303925	0.000000
0	0	287	224.616000	37.300600	-96.166100	64.383200	-34.399941	5.168360
0	0	288	199.795000	8.859800	-92.153200	107.733000	-42.254172	0.000000
0	0	289	223.823000	33.245600	-101.046000	130.909000	-35.894022	5.018110
0	0	290	221.638000	-2.526440	-103.539000	56.352100	-45.698894	5.173750
0	0	291	237.719000	18.331500	-113.768000	96.985100	-40.423288	4.645480
0	0	292	228.094000	11.511800	-78.969700	67.185600	-40.853067	0.000000
0	0	293	220.392000	9.181040	-132.292000	88.385800	-43.015025	4.040100
0	0	294	226.295000	17.751600	-88.707400	106.711000	-39.341891	0.000000
0	0	295	192.254000	26.112800	-83.819500	82.246200	-36.348152	0.000000
0	0	296	233.065000	33.028000	-52.999300	93.775700	-29.034873	0.000000
0	0	297	221.121000	45.317200	-38.785200	121.816000	-20.279456	0.000000
0	0	298	232.941000	70.027000	-52.743800	86.628000	-18.493390	0.000000
0	0	299	170.243000	65.538100	-37.954300	92.479100	-15.037954	0.000000
0	0	300	223.814000	44.255600	-48.702300	37.614700	-23.869346	0.000000
0	0	301	203.853000	91.381700	-33.429500	62.673700	-10.046833	5.312940
0	0	302	228.393000	67.154500	-16.676100	52.213700	-6.972925	0.000000
0	0	303	219.166000	65.368500	-19.235000	54.731000	-8.198388	0.000000
0	0	304	204.705000	85.950900	41.339500	17.348800	12.842997	0.000000
0	0	305	160.571000	83.208900	8.675390	32.327800	2.976087	0.000000
0	0	306	172.952000	94.040200	-5.759320	52.114900	-1.752299	0.000000
0	0	307	200.260000	96.191200	25.086100	36.627000	7.308414	5.188550
0	0	308	192.915000	98.375700	44.507700	18.261800	12.171610	4.798330
0	0	309	202.036000	98.195300	-2.196150	2.730430	-0.640607	5.237270
0	0	310	185.618000	79.211300	-11.830600	54.211400	-4.247308	0.000000
0	0	311	193.684000	80.548400	42.407400	73.812700	13.883031	0.000000
0	0	312	168.414000	72.853600	17.355000	42.330800	6.699563	0.000000
0	0	313	204.741000	51.682100	9.085000	23.081500	4.984974	0.000000
0	0	314	142.962000	55.046000	56.445800	9.061230	22.859661	0.000000
0	0	315	182.943000	43.216100	33.662000	33.035000	18.957917	0.000000
0	0	316	176.633000	47.641600	22.059200	11.538600	12.422632	0.000000
0	0	317	137.997000	20.452500	71.343200	19.650900	37.001793	0.000000
0	0	318	160.312000	3.528330	46.174300	19.191700	42.815166	0.000000
0	0	319	165.346000	16.985400	52.647500	47.192100	36.059501	0.000000
0	0	320	163.732000	3.010480	65.596600	53.882300	43.686160	0.000000
0	0	321	156.897000	3.798270	61.493000	-16.964800	43.232736	0.000000
0	0	322	105.515000	7.320340	58.761400	-2.397370	41.449414	0.000000
0	0	323	93.227800	-44.990700	41.483400	9.791050	68.661292	0.000000
0	0	324	129.188000	-24.989800	90.424000	-1.432440	52.724401	0.000000
0	0	325	145.574000	-4.954350	69.654100	39.967600	47.034238	0.000000
0	0	326	167.053000	-8.102920	62.599300	-7.260970	48.687709	0.000000
0	0	327	139.141000	-35.922400	33.616100	18.822400	68.449782	0.000000
0	0	328	148.290000	-19.568800	45.523000	8.512970	56.630618	0.000000
0	0	329	146.490000	-18.178600	35.632300	10.646700	58.514700	0.000000
0	0	330	122.794000	-84.474600	2.915520	-0.311735	89.011651	0.000000
0	0	331	136.497000	-13.665200	53.670100	-1.032640	52.142413	0.000000
0	0	332	134.415000	-26.444800	59.324600	1.722290	57.012808	0.000000
0	0	333	110.130000	-28.204500	38.146700	-12.973400	63.239043	0.000000
0	0	334	136.512000	-31.538700	26.459200	14.113700	70.002618	0.000000
0	0	335	127.358000	-50.536000	36.266100	-7.932450	72.167840	0.000000
0	0	336	152.339000	-42.420300	14.066100	-30.586800	80.827526	0.000000
0	0	337	101.140000	-56.586000	49.017500	-21.074100	69.549662	0.000000
0	0	338	148.632000	-54.488500	55.661000	-21.031700	67.195066	0.000000
0	0	339	134.591000	-62.819100	-1.456640	18.862800	-89.335836	0.000000
0	0	340	158.534000	-13.472000	14.651200	8.222870	66.299503	0.000000
0	0	341	160.506000	-76.519400	19.185500	-10.405400	82.962273	0.000000
0	0	342	139.526000	-69.313500	-3.068660	-7.007140	-88.732523	0.000000
0	0	343	147.429000	-47.980700	-1.203360	-1.074990	-89.281659	0.000000
0	0	344	159.480000	-64.877800	-6.430570	-37.370900	-87.169718	0.000000
0	0	345	115.218000	-65.388200	28.450900	-8.325750	78.242889	0.000000
0	0	346	164.422000	-85.691600	-14.853000	-42.291900	-85.083286	0.000000
0	0	347	147.398000	-58.603600	-15.964100	-45.540800	-82.380950	0.000000
0	0	348	215.184000	-42.334300	-22.085100	-46.291300	-76.224850	0.000000
0	0	349	127.297000	-31.878500	1.562380	-73.758800	88.597076	0.000000
0	0	350	158.276000	-25.874300	42.321300	-37.278500	60.720343	0.000000
0	0	351	152.159000	-38.173500	11.040300	-57.975500	81.934703	0.000000
0	0	352	151.726000	-29.293500	12.053500	-43.399800	78.817065	0.000000
0	0	353	130.400000	-61.100400	-20.524100	-65.455500	-80.716200	0.000000
0	0	354	172.662000	-60.882300	-6.759630	-59.894900	-86.832261	0.000000
0	0	355	144.269000	-36.401400	10.252000	-52.199500	82.135394	0.000000
0	0	356	126.119000	0.352197	30.087200	-47.150700	44.664667	0.000000
0	0	357	130.010000	-12.147800	9.126250	-53.966400	71.541822	0.000000
0	0	358	155.168000	-23.573200	5.710850	-35.614800	83.190939	0.000000
0	0	359	166.895000	-29.975300	-14.706700	-61.592700	-76.933086	0.000000
0	0	360	126.689000	-52.439600	-6.437220	-44.052900	-86.500836	0.000000
0	0	361	159.898000	-45.111200	-6.712800	-68.061400	-85.768087	0.000000
0	0	362	102.306000	-21.243700	45.782900	-62.349800	57.445874	0.000000
0	0	363	155.245000	-64.938900	13.762100	-67.351200	84.017345	0.000000
0	0	364	145.974000	-41.283000	21.735500	-39.780400	76.116597	0.000000
0	0	365	150.331000	-30.688800	-8.652900	-38.906000	-82.126934	0.000000
0	0	366	163.182000	-18.584700	-10.863500	-81.349000	-74.846004	0.000000
0	0	367	111.283000	-7.789340	-0.574249	-37.610900	-87.891822	0.000000
0	0	368	146.741000	-18.054200	39.222400	-48.203600	57.358386	0.000000
0	0	369	136.472000	21.168600	10.410500	-40.359500	13.093743	0.000000
0	0	370	152.680000	-26.471700	8.010110	-64.173900	81.582317	0.000000
0	0	371	115.538000	-21.465100	66.904600	-43.787400	53.893937	0.000000
0	0	372	167.226000	10.603700	24.999500	-33.766300	33.507728	0.000000
0	0	373	128.098000	-27.468400	-23.189100	-80.670300	-69.914303	0.000000
0	0	374	161.473000	16.699900	54.169400	-43.650300	36.432989	0.000000
0	0	375	115.888000	6.923440	32.984700	-20.794400	39.072895	0.000000
0	0	376	127.092000	33.522900	1.668090	-53.569500	1.424336	0.000000
0	0	377	168.776000	1.531470	18.299000	-30.679300	42.607991	0.000000
0	0	378	136.733000	21.012500	20.103000	-57.513200	21.866394	0.000000
0	0	379	117.000000	8.101980	-2.909310	-37.425200	-9.876259	0.000000
0	0	380	126.186000	29.344800	31.184200	-34.702200	23.370305	0.000000
0	0	381	152.535000	22.936000	16.358400	-63.623100	17.748601	0.000000
0	0	382	125.738000	6.066020	-9.669700	-27.698200	-28.949514	0.000000
0	0	383	127.757000	-30.395800	-4.765730	-27.683900	-85.544596	0.000000
0	0	384	153.656000	18.515200	-6.667920	-50.075000	-9.902791	0.000000
0	0	385	143.551000	-23.417600	-5.479040	-42.565900	-83.415666	0.000000
0	0	386	107.511000	29.584500	4.948250	-55.178500	4.747647	0.000000
0	0	387	149.718000	-12.601600	-48.958700	-36.980700	-52.217093	0.000000
0	0	388	132.363000	4.834560	23.556300	-31.290400	39.200997	0.000000
0	0	389	131.004000	8.115040	-6.853280	-33.652400	-20.090811	0.000000
0	0	390	130.855000	1.149150	48.921500	-6.553460	44.327194	0.000000
0	0	391	138.679000	-23.519800	-23.835400	-22.295500	-67.309078	0.000000
0	0	392	152.081000	0.001106	-20.812700	15.595000	-44.998478	0.000000
0	0	393	120.430000	1.919650	17.863500	-22.083700	41.933205	0.000000
0	0	394	121.830000	42.298800	-15.452600	-23.964500	-10.034131	0.000000
0	0	395	119.185000	6.599940	-13.142700	-48.173300	-31.667662	0.000000
0	0	396	127.441000	5.682460	-20.600800	-3.926880	-37.289590	0.000000
0	0	397	119.237000	-30.287900	22.254000	10.671400	71.846729	0.000000
0	0	398	111.227000	17.270200	1.411130	-14.554300	2.335601	0.000000
0	0	399	130.336000	-3.363810	-1.592610	-13.243400	-77.332294	0.000000
0	0	400	82.952200	-15.383600	-4.197210	-27.128800	-82.369524	0.000000
0	0	401	131.210000	3.367460	-10.341400	20.675100	-35.981624	0.000000
0	0	402	118.068000	-21.159300	-33.976500	-18.241000	-60.956557	0.000000
0	0	403	110.533000	3.292000	-10.337800	-2.547970	-36.168144	0.000000
0	0	404	97.066000	-21.479000	-8.210380	-32.384500	-79.540285	0.000000
0	0	405	106.677000	-8.543000	21.561400	-19.718500	55.807164	0.000000
0	0	406	136.089000	24.776800	10.194000	-2.931080	11.181948	0.000000
0	0	407	79.063400	-6.783940	-1.983740	-22.188300	-81.850089	0.000000
0	0	408	86.991600	14.294400	-27.791900	-74.415300	-31.390784	0.000000
0	0	409	65.099800	9.549490	-5.192560	0.579780	-14.267626	0.000000
0	0	410	76.844200	17.316900	-25.951200	-11.731300	-28.142665	0.000000
0	0	411	131.357000	0.206095	-10.233100	-4.229730	-44.423108	0.000000
0	0	412	101.074000	5.348550	-30.582400	-5.628720	-40.039940	0.000000
0	0	413	102.287000	-3.149210	-34.826500	-28.912700	-47.583479	0.000000
0	0	414	95.850200	-28.925200	-81.635700	-48.333500	-54.755139	0.000000
0	0	415	64.673100	-21.358200	-22.301900	-40.782800	-66.880881	0.000000
0	0	416	96.663200	7.952070	29.506800	11.335200	37.458576	0.000000
0	0	417	73.525600	17.570100	-1.877520	-20.910200	-3.049707	0.000000
0	0	418	61.500900	24.571100	-16.985800	-7.964960	-17.327894	0.000000
0	0	419	78.474200	18.343700	7.436390	3.135810	11.033621	0.000000
0	0	420	83.762000	36.238400	-4.069260	-48.244200	-3.203491	0.000000
0	0	421	98.890200	0.416608	-31.372700	-8.831800	-44.619598	0.000000
0	0	422	126.766000	-8.561030	-1.751800	-15.488700	-84.217750	0.000000
0	0	423	92.998600	3.115900	5.604450	-24.718800	30.463651	0.000000
0	0	424	105.651000	-6.661710	22.863400	13.209300	53.122270	0.000000
0	0	425	83.733500	23.137500	7.046460	-11.075900	8.468983	0.000000
0	0	426	74.855100	-27.840900	-34.600800	-8.047700	-64.410629	0.000000
0	0	427	104.579000	-7.993450	-37.673700	-11.909800	-50.989565	0.000000
0	0	428	65.484000	-2.685130	2.880420	17.587200	66.495184	0.000000
0	0	429	59.792100	1.078170	7.551300	24.889800	40.937132	0.000000
0	0	430	67.869800	10.175200	2.811130	-3.435730	7.722011	0.000000
0	0	431	63.724100	-13.171800	-10.364300	-24.075700	-70.901188	0.000000
0	0	432	105.214000	-2.342290	24.649900	-21.081600	47.714039	0.000000
0	0	433	91.408900	23.785400	-17.833900	17.117000	-18.430979	0.000000
0	0	434	60.895800	-8.201740	35.898600	10.561100	51.434729	0.000000
0	0	435	12.822700	31.725300	-6.361730	-18.285900	-5.669439	0.000000
0	0	436	85.497000	-8.595780	-20.901700	-12.505400	-56.177406	0.000000
0	0	437	104.687000	7.124280	-35.839500	-20.998900	-39.378568	0.000000
0	0	438	80.858800	15.054000	-4.433680	-5.938610	-8.205336	0.000000
0	0	439	46.172100	-5.053280	21.734500	-11.140800	51.544377	0.000000
0	0	440	63.376200	7.458260	-31.742200	17.543600	-38.388714	0.000000
0	0	441	78.639700	15.139100	-44.708600	-6.229390	-35.646508	0.000000
0	0	442	84.162700	-0.454221	-8.549010	-8.987270	-46.520673	0.000000
0	0	443	73.270800	18.263700	-17.511700	-31.022400	-21.897909	0.000000
0	0	444	43.505700	-24.557100	-19.618700	-4.542560	-70.689298	0.000000
0	0	445	55.128300	-8.904540	4.829800	-9.344130	75.762354	0.000000
0	0	446	88.053600	4.303140	-41.275700	14.818500	-42.024105	0.000000
0	0	447	46.118300	13.057900	0.486108	-22.698400	1.065986	0.000000
0	0	448	54.428900	-8.769240	-15.429900	5.338190	-59.805385	0.000000
0	0	449	72.866600	25.850300	-29.514100	-3.071810	-24.393045	0.000000
0	0	450	56.345800	21.657200	-45.433100	-26.635400	-32.256821	0.000000
0	0	451	61.461200	-12.260700	4.992680	-27.443700	78.921677	0.000000
0	0	452	50.947800	-9.494170	-5.389430	-3.042340	-75.209148	0.000000
0	0	453	42.306100	-2.581330	12.041700	24.504900	51.049575	0.000000
0	0	454	42.573100	-24.538100	-11.844500	1.159230	-77.116737	0.000000
0	0	455	50.890400	-6.905580	-3.631710	-14.669400	-76.129846	0.000000
0	0	456	43.393500	-13.748200	-29.181100	39.422100	-57.613353	0.000000
0	0	457	26.840800	-6.585360	-30.239500	33.009900	-51.142839	0.000000
0	0	458	60.584300	7.426260	2.133090	-17.265100	8.012988	0.000000
0	0	459	64.431400	-5.151260	-18.443000	-8.504990	-52.802712	0.000000
0	0	460	50.612400	31.960300	-11.483100	-24.763200	-9.881494	0.000000
0	0	461	69.521100	-2.819810	17.921200	6.322520	49.470944	0.000000
0	0	462	68.592800	15.301100	-48.459400	7.651650	-36.238220	0.000000
0	0	463	73.308400	20.951600	-8.270600	-48.472200	-10.770762	0.000000
0	0	464	28.566900	-2.177360	6.468090	13.277700	54.302416	0.000000
0	0	465	52.310600	9.181210	4.422510	-14.775900	12.859859	0.000000
0	0	466	27.561800	-8.058720	-5.323320	-3.408580	-73.276294	0.000000
0	0	467	67.005800	2.093210	-13.910700	-11.460600	-40.721315	0.000000
0	0	468	15.608300	0.082575	-9.687650	-24.140200	-44.755819	0.000000
0	0	469	21.369400	-12.091800	19.680100	6.388510	60.783649	0.000000
0	0	470	2.237390	3.438350	-9.996360	-20.180200	-35.509411	0.000000
0	0	471	46.553800	-7.334860	-37.879400	-0.762193	-50.479483	0.000000
0	0	472	40.302200	38.369800	-33.688400	9.611390	-20.641446	0.000000
0	0	473	59.479600	14.013500	8.718790	19.631300	15.944333	0.000000
0	0	474	50.746500	-3.486540	-8.435500	-4.891420	-56.228083	0.000000
0	0	475	55.491400	32.987600	-15.378000	-7.935140	-12.496882	0.000000
0	0	476	50.096300	-19.398000	-55.745500	-9.041450	-54.593291	0.000000
0	0	477	28.605100	14.977200	19.362600	8.499900	26.138812	0.000000
0	0	478	15.152500	-24.173900	-31.968000	11.025200	-63.548114	0.000000
0	0	479	30.277700	-18.104000	-27.330200	2.187830	-61.760592	0.000000
0	0	480	35.963700	8.251830	-6.374370	-20.769700	-18.842676	0.000000
0	0	481	26.004200	21.992400	-12.708300	-44.509100	-15.010727	0.000000
0	0	482	42.894100	34.546100	-37.850100	16.829900	-23.806519	0.000000
0	0	483	6.170220	4.213150	7.105180	-36.386000	29.666691	0.000000
0	0	484	12.095000	38.325100	-7.961030	11.195200	-5.867403	0.000000
0	0	485	17.399100	17.782800	-15.598500	-5.162640	-20.628099	0.000000
0	0	486	73.408800	21.306800	-11.932400	6.650690	-14.625019	0.000000
0	0	487	62.375300	19.577200	10.177800	-27.254700	13.734516	0.000000
0	0	488	41.616000	30.811000	3.776370	-51.582600	3.493821	0.000000
0	0	489	36.333500	25.127600	-16.809000	-13.823900	-16.890187	0.000000
0	0	490	21.922600	28.054700	-13.039500	-1.074610	-12.464230	0.000000
0	0	491	53.116500	21.859500	-2.239230	-4.419320	-2.924414	0.000000
0	0	492	-8.038210	-1.713090	9.344690	-34.707300	50.194123	0.000000
0	0	493	52.065000	23.012300	-28.335200	63.744600	-25.459192	0.000000
0	0	494	64.872700	-16.884100	-10.271100	-1.694200	-74.343304	0.000000
0	0	495	46.936300	9.500970	29.135600	-19.148400	35.969559	0.000000
0	0	496	51.516400	-9.440610	-17.465200	26.201200	-59.196461	0.000000
0	0	497	73.123200	29.349200	-8.533700	6.178660	-8.106273	0.000000
0	0	498	3.312170	12.739400	27.630700	-29.324500	32.623741	0.000000
0	0	499	43.756200	6.741360	-5.517260	-39.980100	-19.648780	0.000000
0	0	500	11.999000	-16.009600	43.653700	-19.576200	55.070028	0.000000
0	0	501	27.702600	35.009100	18.527600	-9.852770	13.944398	0.000000
0	0	502	33.446400	62.491600	-7.377710	39.768000	-3.366564	0.000000
0	0	503	64.031900	3.415150	24.358400	9.971500	41.009458	0.000000
0	0	504	51.432400	20.010800	5.714650	-0.711696	7.969096	0.000000
0	0	505	29.264200	-19.296500	-12.177500	23.925900	-73.872542	0.000000
0	0	506	-0.141596	15.867200	9.618630	11.029500	15.612034	0.000000
0	0	507	-6.749840	36.729200	-17.867800	12.005300	-12.970858	0.000000
0	0	508	49.414400	2.630720	-8.411440	-8.736850	-36.316333	0.000000
0	0	509	16.866900	23.975300	-24.758800	-32.468100	-22.960534	0.000000
0	0	510	64.356800	48.635300	20.915100	-2.752390	11.634807	0.000000
0	0	511	-2.628500	11.209200	19.233300	-3.988120	29.883147	0.000000
0	0	512	16.011300	-21.395900	-14.935800	10.787800	-72.541164	0.000000
0	0	513	47.576400	3.908130	-15.852600	-12.097100	-38.075535	0.000000
0	0	514	3.217970	-1.415230	-26.077800	-12.519700	-46.553184	0.000000
0	0	515	28.022000	56.100300	-45.823900	21.169600	-19.621335	0.000000
0	0	516	22.425200	-22.508700	-3.660790	29.065100	-85.381180	0.000000
0	0	517	56.829900	-2.288100	-21.124900	-24.652200	-48.090888	0.000000
0	0	518	-10.128600	-6.105710	16.108900	2.836970	55.379033	0.000000
0	0	519	31.604600	23.711600	3.038810	-10.854000	3.651526	0.000000
0	0	520	14.289500	-1.880250	15.099800	-20.645400	48.549011	0.000000
0	0	521	27.511000	23.506200	6.349160	46.448300	7.557611	0.000000
0	0	522	-16.198600	-8.292540	15.685200	10.074400	58.932383	0.000000
0	0	523	24.550700	14.148000	3.896060	-36.722900	7.698215	0.000000
0	0	524	-13.873800	-13.006000	1.475150	-28.643900	86.764562	0.000000
0	0	525	-4.412950	-45.674900	-10.046000	-6.441530	-83.797773	0.000000
0	0	526	0.320430	-1.491220	-11.944700	-16.441100	-48.558098	0.000000
0	0	527	-15.297200	8.247930	-34.033500	-11.327300	-38.188582	0.000000
0	0	528	14.245500	-16.913200	-19.520800	16.465000	-65.453146	0.000000
0	0	529	19.467300	16.427600	-17.074400	21.111000	-23.053016	0.000000
0	0	530	10.378100	48.798300	-1.930480	-14.535600	-1.132731	0.000000
0	0	531	37.842200	-18.209600	-38.211300	-9.685370	-57.740070	0.000000
0	0	532	27.737300	-9.530730	-22.640400	16.841300	-56.414602	0.000000
0	0	533	-8.100710	12.350400	-20.041300	-4.461150	-29.178327	0.000000
0	0	534	28.621300	16.724000	7.042920	-12.419000	11.418625	0.000000
0	0	535	38.377900	5.099320	-29.199900	-5.041140	-40.047028	0.000000
0	0	536	29.505700	-11.671700	2.685410	28.170100	83.521475	0.000000
0	0	537	-20.202900	-5.782920	-47.947900	30.631300	-48.438568	0.000000
0	0	538	24.224300	-2.713050	-25.328900	20.450900	-48.056901	0.000000
0	0	539	-8.691530	26.903000	-32.312900	31.671400	-25.109995	0.000000
0	0	540	23.335700	-4.910980	1.424300	9.430640	81.913297	0.000000
0	0	541	16.266700	-5.414580	4.553300	-29.072900	69.969203	0.000000
0	0	542	29.069400	34.269200	-18.237800	24.396100	-14.010779	0.000000
0	0	543	8.807400	-23.856100	33.293700	25.678700	62.811461	0.000000
0	0	544	10.555800	25.271400	-17.901700	-2.152010	-17.656456	0.000000
0	0	545	5.417170	39.760900	-26.403000	-0.224647	-16.792961	0.000000
0	0	546	-41.711000	62.473200	-2.934860	2.991680	-1.344829	0.000000
0	0	547	7.592960	-5.536980	-41.195000	31.880000	-48.827596	0.000000
0	0	548	-14.572000	-17.764400	2.947570	-1.724340	85.289496	0.000000
0	0	549	23.984000	51.651300	-45.552700	-4.277270	-20.704978	0.000000
0	0	550	17.962400	2.432310	-9.066390	-2.768180	-37.491221	0.000000
0	0	551	20.237700	-16.728000	33.581900	-0.361885	58.239533	0.000000
0	0	552	5.796780	15.578200	-16.053600	3.859870	-22.930522	0.000000
0	0	553	-44.709000	18.149600	-12.430100	11.911900	-17.203019	0.000000
0	0	554	-27.106600	4.084040	20.258600	31.894700	39.301101	0.000000
0	0	555	-9.682530	-2.058250	22.021200	-11.702300	47.669868	0.000000
0	0	556	2.815570	-1.480940	-24.723300	17.563200	-46.713977	0.000000
0	0	557	56.736100	-8.699440	-3.386790	30.660300	-79.364238	0.000000
0	0	558	8.950980	0.574428	3.835760	-21.185700	40.741454	0.000000
0	0	559	-18.354800	-15.357700	-4.626910	-23.414800	-81.616847	0.000000
0	0	560	37.649500	-28.063300	2.719650	0.672732	87.232340	0.000000
0	0	561	7.165990	-9.120100	10.800300	14.273000	65.089380	0.000000
0	0	562	10.984900	35.111100	1.070550	10.381300	0.873214	0.000000
0	0	563	-0.869299	-24.326800	39.393700	5.502820	60.848292	0.000000
0	0	564	11.861400	3.994830	28.664100	0.266497	41.032981	0.000000
0	0	565	-4.343160	-19.036800	-8.483090	7.827130	-77.990757	0.000000
0	0	566	17.222000	-10.307100	-27.189600	4.168950	-55.380419	0.000000
0	0	567	27.571300	24.009000	-1.337220	2.949240	-1.593944	0.000000
0	0	568	13.393500	-6.648720	-5.283510	-28.897300	-70.763519	0.000000
0	0	569	6.155580	-24.850900	-22.964000	1.807530	-68.629934	0.000000
0	0	570	-32.677900	-15.444300	-13.318200	-16.606500	-69.613784	0.000000
0	0	571	-4.910990	-45.247000	2.995900	-13.419300	88.105927	0.000000
0	0	572	9.170130	2.499810	-14.412400	22.166000	-40.080013	0.000000
0	0	573	-8.531780	-35.643000	-4.647650	-11.343600	-86.285432	0.000000
0	0	574	11.008700	5.996800	-30.398600	15.384000	-39.420212	0.000000
0	0	575	-20.000800	16.124300	-20.028500	-10.355900	-25.581789	0.000000
0	0	576	-4.791070	-23.104700	-3.118250	23.689100	-86.156853	0.000000
0	0	577	20.161000	47.278300	10.985600	-27.214700	6.540569	0.000000
0	0	578	-3.719810	-9.229550	-49.156700	26.171100	-50.316960	0.000000
0	0	579	-2.162050	-16.578100	0.950164	8.551400	88.359857	0.000000
0	0	580	2.223040	6.454270	-5.617030	10.212400	-20.516220	0.000000
0	0	581	-0.481472	20.936600	-27.551500	19.013600	-26.384257	0.000000
0	0	582	-1.587390	1.570050	-23.999200	-7.494680	-43.128495	0.000000
0	0	583	-15.561100	-17.379500	1.943550	9.085580	86.809561	0.000000
0	0	584	-13.234800	7.674960	-7.397970	-5.427060	-21.973607	0.000000
0	0	585	-8.752220	21.027900	21.022400	19.303700	22.496253	0.000000
0	0	586	3.404100	3.599890	-14.758900	5.415970	-38.146229	0.000000
0	0	587	-7.310450	12.837400	39.044100	20.921400	35.899766	0.000000
0	0	588	-17.672900	-29.473900	-3.786360	5.328240	-86.339800	0.000000
0	0	589	10.639100	-36.352800	7.179700	26.355600	84.413915	0.000000
0	0	590	5.967840	2.563480	52.158400	2.465120	43.593146	0.000000
0	0	591	13.402500	0.539152	10.412100	50.622900	43.517899	0.000000
0	0	592	-21.564700	-5.444480	-11.104900	20.237900	-58.058831	0.000000
0	0	593	24.253200	11.336100	-11.773200	-6.307580	-23.041795	0.000000
0	0	594	26.286900	-10.365100	-3.540200	-4.396560	-80.571199	0.000000
0	0	595	-21.684000	3.509830	-2.989260	16.488600	-20.210224	0.000000
0	0	596	21.728600	-32.678100	-26.665400	8.461390	-70.392740	0.000000
0	0	597	7.133120	9.818530	-5.629370	6.787160	-14.913717	0.000000
0	0	598	20.092800	-14.658400	3.231990	-16.467400	83.782978	0.000000
0	0	599	-1.983320	-54.835300	10.090000	-4.534160	84.786942	0.000000
0	0	600	-39.578800	-22.650900	2.794660	-40.432300	86.483207	0.000000
0	0	601	12.893000	9.719320	1.602110	11.815400	4.680165	0.000000
0	0	602	6.241520	37.993800	0.135940	-33.597700	0.102500	0.000000
0	0	603	50.492500	-35.503100	47.367300	29.055100	63.426286	0.000000
0	0	604	-22.855200	-26.430100	12.755400	-3.622930	77.118816	0.000000
0	0	605	3.305170	10.954400	-2.689410	-17.352500	-6.896920	0.000000
0	0	606	11.065500	-10.059900	-41.491900	4.423290	-51.814318	0.000000
0	0	607	16.991700	2.961830	32.884900	62.056400	42.426726	0.000000
0	0	608	-8.327930	15.913000	-46.978000	28.824900	-35.643531	0.000000
0	0	609	23.588300	-34.405400	-35.519000	5.713990	-67.043799	0.000000
0	0	610	12.246100	-2.155920	1.123740	8.374060	76.234959	0.000000
0	0	611	-2.784760	8.256380	-17.997800	0.779865	-32.678500	0.000000
0	0	612	14.464800	-4.567780	0.107281	-1.459280	89.327286	0.000000
0	0	613	4.219630	-20.832500	0.593264	8.780200	89.184391	0.000000
0	0	614	45.298500	9.900060	-14.991600	-16.481000	-28.280136	0.000000
0	0	615	2.484130	7.844240	-23.295600	-3.500880	-35.695135	0.000000
0	0	616	-9.698820	-17.956100	34.473400	37.027500	58.756788	0.000000
0	0	617	0.057488	6.521820	24.270100	-46.444700	37.479447	0.000000
0	0	618	-10.713300	-3.708120	4.228770	-2.177380	65.623423	0.000000
0	0	619	16.146300	1.231380	-4.383710	-15.549900	-37.154999	0.000000
0	0	620	3.674640	11.528900	14.961100	-3.211780	26.191225	0.000000
0	0	621	-38.241700	-3.782950	-19.941600	3.803660	-50.370728	0.000000
0	0	622	14.574100	12.404300	0.199301	15.542300	0.460249	0.000000
0	0	623	31.827600	34.299400	-11.064100	-8.728990	-8.939180	0.000000
0	0	624	-9.257620	45.956500	14.108500	-2.116430	8.533160	0.000000
0	0	625	-0.280283	-2.987230	0.869364	13.368200	81.886794	0.000000
0	0	626	11.611800	-2.797340	-33.264000	16.084900	-47.403492	0.000000
0	0	627	11.306300	-10.702300	-10.578400	-7.955330	-67.666791	0.000000
0	0	628	20.855300	7.820640	-7.204550	-13.271800	-21.325985	0.000000
0	0	629	19.872600	44.121700	-21.584700	-5.030020	-13.034131	0.000000
0	0	630	5.556430	4.240990	4.328370	3.371070	22.792107	0.000000
0	0	631	26.092800	25.594100	20.851600	-11.520600	19.584910	0.000000
0	0	632	41.325300	4.889370	-0.410493	-3.097550	-2.399541	0.000000
0	0	633	-7.163530	3.242180	8.017790	-14.102200	33.991454	0.000000
0	0	634	32.130800	-22.191900	-13.718800	-33.649000	-74.138039	0.000000
0	0	635	8.270840	-1.955160	-38.297500	-21.224900	-46.461260	0.000000
0	0	636	-4.771980	4.703060	-11.766100	13.527100	-34.106390	0.000000
0	0	637	-2.465990	-1.203150	33.292800	-7.406610	46.034840	0.000000
0	0	638	55.068000	20.000200	-8.646080	-26.508700	-11.689406	0.000000
0	0	639	-19.622500	-25.584200	-31.615100	1.290810	-64.490583	0.000000
0	0	640	73.803500	27.285800	1.458480	13.946500	1.529831	0.000000
0	0	641	12.431500	-12.441800	-20.787200	3.709950	-60.450931	0.000000
0	0	642	9.809440	43.028200	-10.108400	1.191500	-6.610239	0.000000
0	0	643	24.897800	20.078600	-30.552200	15.990400	-28.343742	0.000000
0	0	644	11.224100	30.419400	22.916100	-35.566100	18.496058	0.000000
0	0	645	1.931130	1.381080	-20.288600	-20.945500	-43.052892	0.000000
0	0	646	-21.593100	9.060260	6.804250	45.645600	18.453264	0.000000
0	0	647	10.431900	7.770550	-15.335300	-21.383200	-31.564105	0.000000
0	0	648	-4.733250	5.527140	-2.194110	-13.936500	-10.825802	0.000000
0	0	649	26.736000	-48.457600	19.013500	-9.392380	79.288125	0.000000
0	0	650	10.438300	25.060100	-7.426190	0.630858	-8.253206	0.000000
0	0	651	10.340500	26.500600	-29.323000	-1.813770	-23.947184	0.000000
0	0	652	33.939500	9.893780	-9.170430	43.513800	-21.413539	0.000000
0	0	653	11.070000	2.670210	2.275870	-32.041500	20.220788	0.000000
0	0	654	2.703940	39.539300	-2.239850	49.539400	-1.621133	0.000000
0	0	655	14.776200	8.670010	19.627700	-21.385000	33.083921	0.000000
0	0	656	33.760400	21.427000	-22.471400	30.277400	-23.181442	0.000000
0	0	657	29.175000	48.520700	-16.145900	31.989700	-9.202770	0.000000
0	0	658	12.470600	7.312010	-31.166200	-7.708380	-38.398219	0.000000
0	0	659	0.831650	-10.853300	-4.906590	-21.850500	-77.836547	0.000000
0	0	660	-13.298300	-11.911900	19.474100	28.006400	60.726627	0.000000
0	0	661	18.494100	-2.069530	7.095720	1.158330	53.129898	0.000000
0	0	662	8.972860	18.911600	2.176800	-12.888100	3.283037	0.000000
0	0	663	24.080800	22.532700	6.867710	25.373500	8.475312	0.000000
0	0	664	22.553300	13.119300	-28.544800	5.615220	-32.658153	0.000000
0	0	665	13.724000	-8.123330	14.618300	42.380600	59.530375	0.000000
0	0	666	22.790000	37.597000	-12.668500	2.960200	-9.310752	0.000000
0	0	667	-23.610100	27.396600	-3.206330	12.916000	-3.337590	0.000000
0	0	668	51.853800	11.845600	-6.027310	-48.041000	-13.484012	0.000000
0	0	669	-14.187700	27.326600	4.134500	-12.991600	4.301784	0.000000
0	0	670	-2.099590	43.588700	24.518600	-13.408600	14.678855	0.000000
0	0	671	47.268600	7.014760	4.103260	-15.837300	15.162677	0.000000
0	0	672	-15.469600	-33.480300	0.067459	-20.614600	89.942277	0.000000
0	0	673	-2.750130	2.813610	6.640870	-13.690100	33.519276	0.000000
0	0	674	18.994500	-7.798030	-31.796600	-30.945600	-51.889833	0.000000
0	0	675	27.327900	-3.417690	-19.550100	11.012300	-49.958036	0.000000
0	0	676	0.750857	-11.048600	42.492600	12.745100	52.287439	0.000000
0	0	677	25.591600	5.126280	12.514800	-17.058600	33.862570	0.000000
0	0	678	35.200600	38.396000	12.359100	-6.841410	8.921297	0.000000
0	0	679	16.125700	41.119100	18.262100	12.528600	11.973648	0.000000
0	0	680	14.546800	18.108000	8.394920	-31.094200	12.436286	0.000000
0	0	681	-3.573810	5.028010	31.950700	10.185500	40.528418	0.000000
0	0	682	20.132900	55.464200	-30.121400	-12.293500	-14.252711	0.000000
0	0	683	-22.383700	20.566900	-3.390880	29.096900	-4.681088	0.000000
0	0	684	8.495380	3.169050	-2.194760	7.631740	-17.352479	0.000000
0	0	685	0.157266	36.709100	33.719800	-24.369000	21.284792	0.000000
0	0	686	-18.607700	-15.073700	9.823190	-7.519370	73.454310	0.000000
0	0	687	20.362300	11.619800	12.535400	0.518449	23.585375	0.000000
0	0	688	-3.505900	40.620200	27.147900	-18.484900	16.878096	0.000000
0	0	689	6.946280	40.175900	-23.915900	25.396400	-15.382241	0.000000
0	0	690	49.158300	14.531800	10.799500	-30.508400	18.309188	0.000000
0	0	691	-6.959770	-12.454400	-2.467200	-13.104900	-84.397427	0.000000
0	0	692	-0.432278	21.510200	14.112200	24.012400	16.633842	0.000000
0	0	693	-35.395900	-13.931000	10.084400	7.430370	72.049949	0.000000
0	0	694	10.008300	-34.147700	1.264290	-35.788200	88.939820	0.000000
0	0	695	6.571170	-14.414300	-29.540500	-21.782800	-58.005041	0.000000
0	0	696	29.545700	13.612000	19.805400	28.474000	27.749877	0.000000
0	0	697	-23.685900	14.689100	-8.887690	16.368100	-15.588089	0.000000
0	0	698	20.039800	46.284900	7.194460	-11.191700	4.417636	0.000000
0	0	699	-11.059500	-10.810000	4.311660	37.002900	79.127498	0.000000
0	0	700	-4.428400	-3.831510	-10.191500	-38.200200	-55.301914	0.000000
0	0	701	-17.508100	2.190230	31.152800	-33.090200	42.989189	0.000000
0	0	702	-14.584800	-35.436300	-22.418800	11.859300	-73.840240	0.000000
0	0	703	-17.205400	10.513400	-2.269580	-23.470100	-6.090895	0.000000
0	0	704	5.644020	4.317920	2.533220	-10.072200	15.199563	0.000000
0	0	705	-34.016100	-15.484800	1.349670	26.173500	87.509317	0.000000
0	0	706	-11.997900	-9.840670	-16.418100	8.008370	-60.468801	0.000000
0	0	707	-36.075900	-12.311800	10.069000	31.578000	70.361278	0.000000
0	0	708	-6.215910	12.316300	-11.762900	-37.596700	-21.841716	0.000000
0	0	709	-21.037400	-10.616000	8.870480	8.637660	70.059331	0.000000
0	0	710	11.168900	-11.410500	19.363600	37.275600	60.254907	0.000000
0	0	711	13.318700	14.436900	-17.939200	-0.655091	-25.586995	0.000000
0	0	712	-3.987950	37.145700	-13.165400	-11.354500	-9.757824	0.000000
0	0	713	-12.910600	27.265400	-4.354570	43.365400	-4.537051	0.000000
0	0	714	26.413800	29.382300	-0.229801	7.199010	-0.224053	0.000000
0	0	715	11.140200	-7.829250	7.993830	-11.055700	67.202037	0.000000
0	0	716	-21.414200	-8.887210	15.844700	27.916700	59.643920	0.000000
0	0	717	-5.064820	1.601450	25.081900	-12.523800	43.173345	0.000000
0	0	718	-21.044100	-2.200750	-5.773380	-16.660200	-55.433153	0.000000
0	0	719	-33.512900	9.414620	-3.855010	53.960700	-11.133828	0.000000
0	0	720	-13.766500	-5.853890	7.681660	-7.844810	63.654798	0.000000
0	0	721	10.095700	13.888300	-5.982770	25.617300	-11.652650	0.000000
0	0	722	23.521500	-0.301516	2.411710	1.428160	48.563119	0.000000
0	0	723	9.699260	18.961900	9.159440	-8.066890	12.891303	0.000000
0	0	724	6.608090	12.954500	6.268960	-15.577800	12.911667	0.000000
0	0	725	12.030000	9.820940	16.879600	11.691400	29.904085	0.000000
0	0	726	5.289620	-5.865470	-5.802030	-6.262380	-67.655766	0.000000
0	0	727	21.171300	-36.676400	-12.842900	-5.161540	-80.350691	0.000000
0	0	728	-2.014290	9.512780	15.927300	-3.917260	29.575854	0.000000
0	0	729	-22.476100	-11.361300	-9.372940	-23.760300	-70.238883	0.000000
0	0	730	-19.016400	2.557440	20.037400	26.210400	41.363237	0.000000
0	0	731	3.843510	-16.359800	-0.191140	38.987900	-89.665307	0.000000
0	0	732	21.468100	-17.725900	11.927100	27.847300	73.032427	0.000000
0	0	733	0.377097	28.024900	-5.840240	3.664900	-5.885829	0.000000
0	0	734	-0.230881	54.898400	-11.168900	24.929400	-5.749847	0.000000
0	0	735	23.819400	-2.853460	29.410900	-13.683600	47.770760	0.000000
0	0	736	24.312200	32.515700	-16.527600	8.311630	-13.472024	0.000000
0	0	737	6.081550	-21.624200	-3.816420	12.553400	-84.995516	0.000000
0	0	738	-19.321900	-5.169680	-14.704500	-36.993100	-54.685105	0.000000
0	0	739	4.798880	-1.108630	-4.760290	-11.710200	-51.555000	0.000000
0	0	740	13.526500	-22.256800	-20.442000	34.313900	-68.716871	0.000000
0	0	741	-47.038100	12.638100	-32.170600	-9.892370	-34.276402	0.000000
0	0	742	48.502600	2.402100	-8.196820	20.485800	-36.833318	0.000000
0	0	743	29.643600	-9.163320	-43.207900	6.073190	-50.986802	0.000000
0	0	744	-25.706600	13.734200	-4.264750	-16.579200	-8.625319	0.000000
0	0	745	-7.721700	-25.701200	29.737600	-12.457700	65.417872	0.000000
0	0	746	21.057200	-20.110900	28.914300	-10.469100	62.409977	0.000000
0	0	747	0.888780	-0.567247	28.749200	-21.453400	45.565175	0.000000
0	0	748	2.610440	-0.376813	-4.363560	50.731600	-47.467752	0.000000
0	0	749	22.969500	9.394860	-1.818390	-14.469700	-5.477119	0.000000
0	0	750	25.899000	26.793200	-3.232700	3.241700	-3.439848	0.000000
0	0	751	8.503040	-27.408400	-8.337200	14.955700	-81.540536	0.000000
0	0	752	14.212300	-9.720750	-1.496500	37.472200	-85.624040	0.000000
0	0	753	-67.359300	11.117500	27.261100	-3.824480	33.906801	0.000000
0	0	754	-10.857000	-10.632900	-4.319340	-40.686700	-78.945913	0.000000
0	0	755	-17.186000	38.897400	15.647500	-14.998500	10.956876	0.000000
0	0	756	3.273760	0.833496	-1.510860	8.884270	-30.557900	0.000000
0	0	757	-9.448610	-8.490810	14.135500	-16.321700	60.496046	0.000000
0	0	758	8.605580	-5.772700	-3.902570	4.657780	-72.969888	0.000000
0	0	759	8.572840	-22.962100	-18.549700	23.247900	-70.533670	0.000000
0	0	760	-17.804900	-6.913040	0.552232	-32.904900	87.716380	0.000000
0	0	761	-6.846940	-39.983300	9.510940	6.739270	83.309782	0.000000
0	0	762	-10.962200	0.000263	-6.072930	-26.240200	-44.998761	0.000000
0	0	763	19.930100	17.580700	3.419680	-7.570120	5.503671	0.000000
0	0	764	3.464810	16.515800	32.260600	12.052200	31.444922	0.000000
0	0	765	35.618300	-16.510000	-19.872500	-13.706200	-64.859839	0.000000
0	0	766	27.627500	-2.432050	17.319200	9.588280	48.996748	0.000000
0	0	767	1.616150	-29.926400	8.550660	32.827400	82.027072	0.000000
0	0	768	14.332200	1.666270	18.025600	-13.030100	42.359320	0.000000
0	0	769	-12.824300	-10.191400	7.718490	-12.979700	71.430707	0.000000
0	0	770	-5.336920	-7.337450	-30.310600	-25.834400	-51.804057	0.000000
0	0	771	-25.040100	-17.472100	-9.699100	-28.698300	-75.482250	0.000000
0	0	772	29.317100	-10.205700	2.538360	-16.264700	83.016405	0.000000
0	0	773	-3.482120	13.873300	-38.737900	-4.575090	-35.147952	0.000000
0	0	774	5.441280	-16.866700	-9.588850	-0.953626	-75.190717	0.000000
0	0	775	-39.852000	20.820500	32.965000	27.349900	28.861867	0.000000
0	0	776	-17.238200	-14.995500	-5.300740	-13.053700	-80.266037	0.000000
0	0	777	-1.192450	-10.376300	-30.024200	-38.207400	-54.532521	0.000000
0	0	778	8.126580	-14.069100	5.097570	-41.674800	80.041671	0.000000
0	0	779	-18.125100	2.202030	15.113500	-20.354100	40.855181	0.000000
0	0	780	-19.957800	-4.213770	-19.362100	22.908800	-51.138911	0.000000
0	0	781	1.460400	-1.073220	23.985500	-35.778700	46.280982	0.000000
0	0	782	25.661800	2.350870	17.932100	20.548300	41.265604	0.000000
0	0	783	26.101300	-7.461340	-7.302090	56.658000	-67.809007	0.000000
0	0	784	0.896851	-7.558950	-17.196600	-48.345400	-56.864202	0.000000
0	0	785	-11.992700	-19.924100	0.107356	17.748800	89.845640	0.000000
0	0	786	19.163800	2.094160	1.044130	-3.372820	13.250223	0.000000
0	0	787	-19.462800	-15.555900	-43.949700	-25.751300	-54.745653	0.000000
0	0	788	-27.612900	26.613200	1.752600	-8.930970	1.883873	0.000000
0	0	789	16.415400	-14.093900	14.620800	-5.119220	66.974385	0.000000
0	0	790	39.325100	12.644400	-27.647400	11.689400	-32.711625	0.000000
0	0	791	-13.366800	-6.920720	-31.982200	-2.869310	-51.105069	0.000000
0	0	792	4.431650	-17.197200	1.947510	-46.137400	86.769511	0.000000
0	0	793	-20.218200	17.123200	-16.747400	-19.942000	-22.182160	0.000000
0	0	794	7.225750	5.641660	-23.394600	3.177900	-38.220930	0.000000
0	0	795	-9.573370	0.344007	10.350600	-4.131000	44.048224	0.000000
0	0	796	-7.819530	-18.498400	-13.334200	0.829367	-72.107404	0.000000
0	0	797	-1.335650	-19.351500	8.467350	-2.161240	78.183983	0.000000
0	0	798	14.231400	-0.315790	-35.496200	-33.261700	-45.254858	0.000000
0	0	799	1.611850	-8.127130	14.005000	-1.446180	60.063340	0.000000
0	0	800	6.302710	32.932800	-12.693500	-0.682917	-10.539239	0.000000
0	0	801	-22.851800	16.871900	17.809500	0.856375	23.274297	0.000000
0	0	802	-8.793490	-11.697900	-27.272800	20.945200	-56.607775	0.000000
0	0	803	42.395600	5.463340	9.381880	-4.892280	29.893260	0.000000
0	0	804	27.024000	19.445800	32.182200	-0.410587	29.428957	0.000000
0	0	805	-10.151400	-34.434700	3.738050	-15.400300	86.902266	0.000000
0	0	806	-20.692600	-32.510100	19.628900	14.660300	74.438661	0.000000
0	0	807	-19.609400	12.168500	-9.653790	18.788900	-19.213234	0.000000
0	0	808	-8.642740	-10.987100	-16.904400	20.062600	-61.511028	0.000000
0	0	809	-21.681500	21.758600	9.480600	-34.600000	11.771797	0.000000
0	0	810	-3.510300	31.086500	27.151700	2.603090	20.567374	0.000000
0	0	811	14.888400	-3.784810	-6.987190	-28.226600	-59.221725	0.000000
0	0	812	-18.048800	64.823000	9.599880	-28.564700	4.211959	0.000000
0	0	813	1.737140	-3.402220	14.261300	-8.532860	51.708932	0.000000
0	0	814	23.774000	-20.633300	2.028540	0.912234	87.192537	0.000000
0	0	815	34.620900	-18.713000	-1.063890	-14.150600	-88.373033	0.000000
0	0	816	34.487900	32.409800	-18.104200	-21.443600	-14.593921	0.000000
0	0	817	28.524500	-10.749700	22.579500	27.477000	57.729146	0.000000
0	0	818	-0.261553	2.227120	-12.855400	22.398100	-40.085705	0.000000
0	0	819	2.356510	-6.789570	8.269600	-4.071100	64.693470	0.000000
0	0	820	6.404940	-22.159200	6.866410	22.385200	81.391752	0.000000
0	0	821	21.486400	0.234440	-10.515100	17.002900	-44.361385	0.000000
0	0	822	-23.707500	-27.418300	-35.328400	23.512900	-63.907483	0.000000
0	0	823	-5.076960	-7.956870	-0.689695	5.501390	-87.523015	0.000000
0	0	824	5.303260	29.470700	14.341600	28.857800	12.974687	0.000000
0	0	825	-33.927900	-27.382500	-39.911100	-8.541510	-62.226762	0.000000
0	0	826	7.936630	14.697800	-17.535000	24.604200	-25.015166	0.000000
0	0	827	-3.462160	13.199000	12.734200	-3.582010	21.986600	0.000000
0	0	828	16.553800	-12.083100	16.463500	-7.674120	63.138080	0.000000
0	0	829	7.187210	4.674260	40.663800	-26.603200	41.721346	0.000000
0	0	830	23.901300	12.254800	-0.526449	-10.686300	-1.229917	0.000000
0	0	831	7.975540	-11.604400	19.979100	-10.713900	60.074588	0.000000
0	0	832	7.082200	23.276900	18.067200	19.867600	18.909054	0.000000
0	0	833	22.256500	10.152400	-12.418100	5.416590	-25.366167	0.000000
0	0	834	-17.072600	-27.332800	6.709460	-26.406800	83.104072	0.000000
0	0	835	1.632100	22.190700	-1.106230	3.936960	-1.426947	0.000000
0	0	836	-12.745900	-16.759300	32.439000	18.445000	58.661353	0.000000
0	0	837	-25.341900	-0.808459	17.880400	12.968500	46.294427	0.000000
0	0	838	-3.088590	6.659270	-15.549200	-1.115300	-33.407979	0.000000
0	0	839	23.907000	-2.607190	-13.018900	11.408900	-50.662181	0.000000
0	0	840	-20.957800	12.522900	-39.095500	41.196100	-36.119463	0.000000
0	0	841	-4.455560	-10.359500	11.125200	-1.958960	66.479441	0.000000
0	0	842	17.455600	4.326690	-36.319500	-5.520730	-41.603226	0.000000
0	0	843	0.562888	19.930400	2.231310	-18.561600	3.193977	0.000000
0	0	844	-22.304600	-2.943020	28.498400	12.302400	47.948008	0.000000
0	0	845	-17.996000	26.700700	-17.927200	33.037100	-16.938965	0.000000
0	0	846	-16.048400	28.478000	20.223500	-13.035300	17.690131	0.000000
0	0	847	10.132000	-28.254100	3.696160	-35.791900	86.273487	0.000000
0	0	848	-8.198330	-23.899200	2.590330	10.083400	86.907054	0.000000
0	0	849	-31.007300	10.544200	19.046600	39.126700	30.515541	0.000000
0	0	850	-3.016460	0.432950	-12.762700	-0.511430	-44.028548	0.000000
0	0	851	3.862360	-2.527020	-5.945630	1.772200	-56.513265	0.000000
0	0	852	-1.459250	36.449900	-7.411770	9.045100	-5.746946	0.000000
0	0	853	-6.143100	5.990950	9.018740	17.067400	28.202395	0.000000
0	0	854	-4.662240	-1.806060	10.541300	-19.747300	49.861096	0.000000
0	0	855	50.154800	-18.358200	-6.996080	24.579200	-79.569392	0.000000
0	0	856	-20.248400	-9.123980	18.842300	-8.930250	57.918796	0.000000
0	0	857	6.906790	5.259650	7.494610	-10.656200	27.469583	0.000000
0	0	858	41.225900	-29.565200	-25.580600	21.046000	-69.566383	0.000000
0	0	859	8.060850	17.908600	-7.872220	-25.036500	-11.864608	0.000000
0	0	860	-16.474300	-0.513438	-3.677010	-16.394800	-48.974539	0.000000
0	0	861	3.621740	-6.159220	36.501200	-17.060200	49.788939	0.000000
0	0	862	-23.243000	17.946800	-14.675000	-13.605600	-19.636339	0.000000
0	0	863	15.110600	18.990800	-20.106200	21.445100	-23.317075	0.000000
0	0	864	-4.072600	5.242180	-6.488930	-21.304100	-25.533233	0.000000
0	0	865	18.822200	0.588866	-23.517000	1.675780	-44.282806	0.000000
0	0	866	25.679800	3.526500	-38.622900	35.578100	-42.391510	0.000000
0	0	867	6.208380	-10.878000	-21.789200	6.894930	-58.265060	0.000000
0	0	868	-13.909300	20.814700	38.069100	16.874200	30.665940	0.000000
0	0	869	-20.139500	34.598700	-28.826800	11.046900	-19.900122	0.000000
0	0	870	-16.725500	-13.645100	-7.075840	25.025100	-76.295215	0.000000
0	0	871	-37.178600	10.703300	-7.124210	-20.054700	-16.824041	0.000000
0	0	872	10.601100	13.976600	17.896300	-29.593100	26.005490	0.000000
0	0	873	-4.486940	-12.722800	-12.281300	16.111700	-68.005786	0.000000
0	0	874	21.112300	25.457700	-21.761700	-6.811340	-20.262209	0.000000
0	0	875	8.560560	0.785312	-27.198200	-4.493970	-44.173060	0.000000
0	0	876	-18.620200	-0.571142	34.079700	1.567530	45.480065	0.000000
0	0	877	-4.957850	-22.724700	-16.147300	31.558000	-72.301930	0.000000
0	0	878	17.810700	7.199710	-2.805570	-10.594000	-10.644889	0.000000
0	0	879	-11.604700	-9.247430	-23.197200	7.719990	-55.867206	0.000000
0	0	880	-16.251100	-9.705140	-6.004160	-3.520790	-74.128336	0.000000
0	0	881	4.216380	32.717100	-19.451100	16.369700	-15.366249	0.000000
0	0	882	28.649900	16.800800	-34.302100	1.678810	-31.952442	0.000000
0	0	883	-14.648700	10.152300	-9.057130	-6.596220	-20.868490	0.000000
0	0	884	39.607600	14.209400	6.675470	-38.667600	12.581894	0.000000
0	0	885	-23.791400	4.193880	-1.703330	-34.825900	-11.052181	0.000000
0	0	886	4.788830	18.783100	-5.187650	-8.760710	-7.719733	0.000000
0	0	887	38.913000	-12.766900	30.520200	-9.089650	56.350019	0.000000
0	0	888	-20.527700	23.286800	-5.263530	2.333330	-6.368288	0.000000
0	0	889	-24.808200	0.226637	5.475640	2.112980	43.814939	0.000000
0	0	890	-33.142200	18.598000	-4.815690	10.907700	-7.258547	0.000000
0	0	891	-14.778800	23.379300	-18.020900	27.925100	-18.812622	0.000000
0	0	892	-1.064500	-7.993200	22.776700	27.523400	54.668945	0.000000
0	0	893	4.530800	0.503393	-18.516100	67.556600	-44.221348	0.000000
0	0	894	24.822200	-18.791200	-26.633200	-26.251200	-62.602545	0.000000
0	0	895	8.486770	24.291600	27.021200	-12.377200	24.022498	0.000000
0	0	896	-1.780270	47.216000	12.779700	3.786810	7.572530	0.000000
0	0	897	-41.618800	25.113000	-30.469200	13.377600	-25.252167	0.000000
0	0	898	27.788800	28.576500	-19.356600	23.780500	-17.056086	0.000000
0	0	899	52.491800	27.802400	1.838290	-9.463620	1.891440	0.000000
0	0	900	-28.909100	21.998400	45.861700	-17.294400	32.187223	0.000000
0	0	901	-12.160200	14.170400	-9.269340	20.373900	-16.595031	0.000000
0	0	902	-8.090050	-37.174400	14.065500	-25.598300	79.637550	0.000000
0	0	903	-8.354160	1.123990	25.694900	23.609500	43.747634	0.000000
0	0	904	57.059000	30.441900	25.096300	-23.501800	19.751084	0.000000
0	0	905	9.090180	12.100400	-28.591900	-21.667100	-33.530698	0.000000
0	0	906	23.889500	2.216630	-3.227350	25.610900	-27.758841	0.000000
0	0	907	6.879930	27.115200	35.350800	-5.897610	26.255317	0.000000
0	0	908	-10.085100	28.725400	-46.967500	-30.462200	-29.274988	0.000000
0	0	909	2.541330	-29.082500	-6.902880	-8.606450	-83.323820	0.000000
0	0	910	7.620380	13.435100	-13.675100	20.901000	-22.753606	0.000000
0	0	911	16.847900	3.992340	-1.165950	4.520830	-8.140137	0.000000
0	0	912	-6.206760	26.636300	9.164710	-10.384800	9.493362	0.000000
0	0	913	-13.871400	61.355200	5.306280	15.687700	2.471452	0.000000
0	0	914	3.792380	2.337020	6.185360	16.191000	34.650943	0.000000
0	0	915	35.849200	-16.468500	7.019240	26.912900	78.457611	0.000000
0	0	916	1.634210	-0.833436	-0.442444	17.744800	-76.018812	0.000000
0	0	917	42.315600	10.316000	13.360000	-1.540740	26.163135	0.000000
0	0	918	-1.818860	2.626510	-11.550600	-22.349200	-38.594627	0.000000
0	0	919	1.487810	2.342400	11.382800	-0.484560	39.185882	0.000000
0	0	920	4.199730	32.113800	22.331500	0.476720	17.407113	0.000000
0	0	921	-25.565600	9.277960	-18.430800	-1.173250	-31.639788	0.000000
0	0	922	4.166640	-7.620280	27.825800	5.244700	52.657665	0.000000
0	0	923	-12.491500	19.434600	26.360400	-11.696700	26.799974	0.000000
0	0	924	-38.492200	2.355440	19.928100	-17.897300	41.629545	0.000000
0	0	925	13.372900	27.401000	0.805641	7.171430	0.842059	0.000000
0	0	926	7.668850	35.854800	-8.928100	-9.597810	-6.991344	0.000000
0	0	927	-20.392000	55.385400	-0.106902	17.321000	-0.055295	0.000000
0	0	928	22.493000	14.710100	-11.657700	-15.163600	-19.198347	0.000000
0	0	929	35.692300	37.065100	-31.725900	1.365800	-20.280948	0.000000
0	0	930	-12.740400	22.116900	-2.769710	20.917900	-3.569009	0.000000
0	0	931	5.958440	9.306170	-26.796200	-22.377300	-35.424086	0.000000
0	0	932	34.636200	36.570000	14.752300	-5.904360	10.984549	0.000000
0	0	933	19.661900	31.218600	37.885600	-1.607710	25.255349	0.000000
0	0	934	-0.007206	17.609300	1.042140	0.899300	1.693442	0.000000
0	0	935	25.532900	1.672180	-34.233700	13.946300	-43.601776	0.000000
0	0	936	26.953800	10.672600	-22.192400	4.616790	-32.158261	0.000000
0	0	937	8.944700	32.481300	-21.110200	4.647670	-16.510294	0.000000
0	0	938	30.309200	2.280380	19.912500	2.282300	41.733473	0.000000
0	0	939	44.009800	20.832800	-14.615000	-30.983000	-17.525559	0.000000
0	0	940	13.732300	2.551610	30.858500	1.925950	42.636556	0.000000
0	0	941	-33.185200	-21.245200	7.928930	11.996400	79.766951	0.000000
0	0	942	1.599480	3.583120	40.511300	19.577700	42.472745	0.000000
0	0	943	17.654100	25.131100	-7.813260	-0.447358	-8.635236	0.000000
0	0	944	-7.785330	-11.703800	27.412200	-21.393100	56.560172	0.000000
0	0	945	46.258200	-10.002200	-3.153060	72.732800	-81.251619	0.000000
0	0	946	-3.528960	-7.074450	-18.712300	5.092420	-55.354904	0.000000
0	0	947	17.248400	9.393320	-19.827000	-13.748900	-32.325044	0.000000
0	0	948	-23.741900	56.730600	-0.129602	-10.815600	-0.065446	0.000000
0	0	949	9.396970	1.030910	-27.188500	9.166750	-43.914274	0.000000
0	0	950	18.821400	-2.918590	-15.135000	-2.993170	-50.457389	0.000000
0	0	951	-19.379300	27.738300	-11.477700	5.665530	-11.239526	0.000000
0	0	952	29.275100	10.393600	0.068258	16.530800	0.188138	0.000000
0	0	953	22.496500	-8.636460	-37.059700	-2.929730	-51.559091	0.000000
0	0	954	0.781459	21.032500	-7.575160	-36.809500	-9.903610	0.000000
0	0	955	18.899000	25.168200	-37.162000	-21.195800	-27.945965	0.000000
0	0	956	-29.481600	-2.096970	-10.898100	2.094450	-50.445759	0.000000
0	0	957	21.155600	8.129130	-16.411900	-30.325100	-31.824950	0.000000
0	0	958	2.504150	-9.469260	25.855700	15.831000	55.057247	0.000000
0	0	959	76.978700	-4.109740	-16.967000	14.296000	-51.807960	0.000000
0	0	960	21.491000	12.241600	36.819900	4.818630	35.804729	0.000000
0	0	961	-0.233588	-16.271900	-18.948000	13.482600	-65.327433	0.000000
0	0	962	40.769100	5.901030	-9.565590	-27.668100	-29.164744	0.000000
0	0	963	16.727200	4.257070	12.050900	0.967841	35.271927	0.000000
0	0	964	17.726500	25.626700	5.057680	-43.448700	5.582202	0.000000
0	0	965	0.840379	17.519600	-15.943900	-4.566170	-21.152049	0.000000
0	0	966	27.916600	2.135040	-29.833800	5.936210	-42.953318	0.000000
0	0	967	14.874900	-2.481590	5.197420	-16.587100	57.761438	0.000000
0	0	968	30.972700	29.235000	-0.092885	-31.952200	-0.091019	0.000000
0	0	969	59.975300	-8.892150	10.231800	7.099660	65.496462	0.000000
0	0	970	33.048000	15.123700	-8.644550	-9.495400	-14.875919	0.000000
0	0	971	10.564600	19.549700	2.241710	-15.515800	3.270689	0.000000
0	0	972	25.094200	0.813819	-5.355400	-31.432100	-40.679654	0.000000
0	0	973	36.618800	45.125000	-20.050600	24.445400	-11.978617	0.000000
0	0	974	23.135600	-5.598610	12.761100	-45.893000	56.844125	0.000000
0	0	975	4.829920	-9.339340	7.016410	11.915100	71.541694	0.000000
0	0	976	31.151500	20.386600	-28.397600	-30.890800	-27.162742	0.000000
0	0	977	52.886400	-2.194440	-5.443010	-30.176700	-55.978824	0.000000
0	0	978	36.965600	0.566764	-33.363100	3.051480	-44.513384	0.000000
0	0	979	24.058700	60.725900	28.152000	23.855000	12.436015	0.000000
0	0	980	28.570000	12.005400	-4.534180	-8.651360	-10.345233	0.000000
0	0	981	23.482000	11.690900	22.590100	-14.110600	31.318694	0.000000
0	0	982	57.155100	80.869300	-23.541400	2.318930	-8.115252	0.000000
0	0	983	50.261000	-0.203983	16.869100	4.096720	45.346397	0.000000
0	0	984	46.239100	-24.550600	-14.474900	-54.699400	-74.738315	0.000000
0	0	985	55.397000	-0.473233	-26.944000	9.375500	-45.503108	0.000000
0	0	986	75.499400	-12.794700	-39.785800	21.157600	-53.913626	0.000000
0	0	987	10.151100	45.538000	-27.928200	-13.172800	-15.760278	0.000000
0	0	988	55.948100	1.221400	-68.269400	1.378940	-44.487519	0.000000
0	0	989	24.696200	15.179400	-20.645300	27.443500	-26.837459	0.000000
0	0	990	46.740800	12.624300	-15.282000	-54.410100	-25.220122	0.000000
0	0	991	63.315600	4.336500	-23.736900	-18.181600	-39.823397	0.000000
0	0	992	77.193100	-8.265450	-16.530500	-15.098700	-58.282803	0.000000
0	0	993	59.935300	13.249400	37.148900	15.137400	35.185445	0.000000
0	0	994	67.591700	16.368900	-4.466500	-37.812100	-7.631232	0.000000
0	0	995	33.311100	12.863400	-18.960100	-0.956118	-27.922617	0.000000
0	0	996	74.444700	25.751800	-18.085100	-38.908200	-17.539894	0.000000
0	0	997	56.131200	-25.784900	2.417590	-24.992900	87.321806	0.000000
0	0	998	41.443700	-3.310930	-20.967800	17.605000	-49.486613	0.000000
0	0	999	7.770050	16.399200	6.256180	-23.375600	10.440751	0.000000
0	0	1000	69.464100	5.442140	-10.761100	-14.894900	-31.586604	0.000000
0	0	1001	44.319500	21.526000	-14.483300	-8.451340	-16.966889	0.000000
0	0	1002	13.520100	-12.436300	-8.248350	-17.298400	-73.222878	0.000000
0	0	1003	58.941900	7.471840	-8.111720	9.760950	-23.675657	0.000000
0	0	1004	41.113100	18.134700	-57.215000	-7.351770	-36.206809	0.000000
0	0	1005	37.110000	9.772500	19.259000	-12.466100	31.547810	0.000000
0	0	1006	51.196300	2.676690	-10.928600	-20.047800	-38.118870	0.000000
0	0	1007	65.611900	8.816460	-46.696900	-21.446200	-39.654153	0.000000
0	0	1008	38.270500	-38.567800	-22.875300	14.332800	-74.663505	0.000000
0	0	1009	32.273500	-0.387293	-6.279810	0.450902	-46.764559	0.000000
0	0	1010	16.013600	-24.117600	-16.515700	-33.294700	-72.798355	0.000000
0	0	1011	47.538300	13.592000	-32.894800	-0.536949	-33.774891	0.000000
0	0	1012	57.014500	-19.925700	13.997000	-1.103870	72.456754	0.000000
0	0	1013	84.509900	27.804800	-15.164500	-9.805770	-14.303837	0.000000
0	0	1014	38.697200	6.270030	-13.422300	-29.975400	-32.480531	0.000000
0	0	1015	9.319210	-3.100060	-36.899900	-40.703700	-47.401148	0.000000
0	0	1016	98.604000	-14.045400	12.520400	-15.730600	69.142719	0.000000
0	0	1017	45.744700	-2.565440	1.054420	-4.331550	78.828438	0.000000
0	0	1018	77.860300	-16.829600	-23.157200	1.236600	-63.003975	0.000000
0	0	1019	66.465700	4.219880	-9.395630	35.550700	-32.906808	0.000000
0	0	1020	47.802600	25.409100	-25.360400	-5.504540	-22.472520	0.000000
0	0	1021	52.088500	-5.185910	-1.290270	22.072100	-83.014162	0.000000
0	0	1022	87.145300	-27.299700	-17.303800	-14.185400	-73.815803	0.000000
0	0	1023	53.691000	2.990260	-9.957320	7.100690	-36.642291	0.000000
