0	0	0	63.823500	-26.001100	4.830020	-8.255390	84.738283	0.000000
0	0	1	55.542800	21.116400	10.183000	-51.993400	12.872422	0.000000
0	0	2	108.361000	-31.450700	-47.747700	-44.308800	-61.686151	0.000000
0	0	3	73.742400	-41.836800	-13.173800	-40.288400	-81.260772	0.000000
0	0	4	62.041000	-0.221094	-45.476000	28.638800	-45.139278	0.000000
0	0	5	79.848200	-22.396400	-59.620500	-9.234520	-55.294327	0.000000
0	0	6	110.274000	9.715370	-37.631600	-38.851500	-37.762006	0.000000
0	0	7	56.150200	-4.772380	-22.823300	-52.520500	-50.905225	0.000000
0	0	8	131.382000	-22.907500	-55.318400	-81.188600	-56.247290	0.000000
0	0	9	101.679000	21.477200	-25.645100	-58.796500	-25.027288	0.000000
0	0	10	103.831000	1.646360	-28.804300	-8.829440	-43.364360	0.000000
0	0	11	129.163000	-16.686900	8.803440	-44.436400	76.092699	0.000000
0	0	12	78.253200	28.413900	-26.953400	-70.377800	-21.744490	0.000000
0	0	13	108.455000	-2.749130	-25.790400	-13.585600	-48.042237	0.000000
0	0	14	124.957000	14.434400	-11.819100	-57.999400	-19.655562	0.000000
0	0	15	67.698500	-10.416000	-6.635850	-57.689000	-73.749753	0.000000
0	0	16	116.969000	-10.864500	-38.355800	-65.958400	-52.907539	0.000000
0	0	17	85.041400	-31.004700	-106.997000	-82.372000	-53.080046	0.000000
0	0	18	116.727000	-17.243700	-38.721100	-29.028900	-57.002442	0.000000
0	0	19	84.832100	2.165710	-8.313920	-55.842700	-37.699690	0.000000
0	0	20	130.442000	-22.143200	-64.044300	-31.526700	-54.536367	0.000000
0	0	21	100.377000	17.403800	-39.459100	-80.107100	-33.099840	0.000000
0	0	22	110.315000	-6.810980	-6.263260	-59.344700	-68.699447	0.000000
0	0	23	100.567000	6.295120	-17.486900	-52.940800	-35.100800	0.000000
0	0	24	119.038000	18.561300	-24.818900	-92.226000	-26.604152	0.000000
0	0	25	99.127000	26.406500	-37.496400	-53.472700	-27.422613	0.000000
0	0	26	137.535000	26.705300	6.797280	-29.424000	7.140112	0.000000
0	0	27	134.408000	62.692200	-9.116570	-68.811000	-4.136919	0.000000
0	0	28	88.561400	-13.981300	-35.872400	-46.005600	-55.646697	0.000000
0	0	29	122.074000	-6.361610	-21.232500	4.066280	-53.339545	0.000000
0	0	30	131.661000	23.139800	-36.694100	-59.175800	-28.881955	0.000000
0	0	31	105.529000	26.219100	-46.745700	-43.457400	-30.356229	0.000000
0	0	32	79.871400	-0.138614	-56.242300	-42.564700	-45.070605	0.000000
0	0	33	77.962000	-34.784700	-33.671600	-38.002800	-67.965774	0.000000
0	0	34	136.334000	-50.030300	-52.309000	-4.441980	-66.862228	0.000000
0	0	35	105.988000	-15.947400	-36.881700	-44.507200	-56.691666	0.000000
0	0	36	83.103500	33.803800	-15.631100	8.579550	-12.408066	0.000000
0	0	37	66.926300	22.606200	-25.823600	-39.438900	-24.400410	0.000000
0	0	38	108.185000	18.615700	-16.517600	-39.091200	-20.791227	0.000000
0	0	39	61.012600	0.691744	14.254700	0.358367	43.610881	0.000000
0	0	40	127.130000	-8.456150	32.465200	-19.300300	52.299668	0.000000
0	0	41	96.241600	0.083910	-8.833700	-13.501600	-44.727887	0.000000
0	0	42	128.448000	-46.254100	-39.075700	-24.568600	-69.904353	0.000000
0	0	43	77.976000	-6.549910	-8.824010	-5.784180	-63.292930	0.000000
0	0	44	113.900000	8.432540	12.013600	-27.273600	27.467181	0.000000
0	0	45	109.904000	-39.263200	15.925400	-20.288400	78.961109	0.000000
0	0	46	88.695100	-6.799640	-47.768600	0.294558	-49.050683	0.000000
0	0	47	108.384000	-61.817800	-55.441800	-41.343300	-69.056199	0.000000
0	0	48	149.429000	-32.012200	-36.889600	7.576820	-65.475459	0.000000
0	0	49	63.815000	-58.053200	-17.426400	-43.067300	-81.645652	0.000000
0	0	50	92.246200	-40.661400	-35.887200	-17.355200	-69.284407	0.000000
0	0	51	115.013000	-18.577300	-19.439700	17.494000	-66.850246	0.000000
0	0	52	123.793000	-27.006700	1.104890	14.085400	88.828619	0.000000
0	0	53	85.241700	-34.925700	-11.793700	-55.307200	-80.670609	0.000000
0	0	54	75.837600	-36.152300	-13.995600	-20.758000	-79.418570	0.000000
0	0	55	142.734000	-42.411100	-22.436300	-9.599400	-76.060143	0.000000
0	0	56	97.932000	-2.111110	-45.062200	-58.605200	-46.341139	0.000000
0	0	57	141.161000	-15.069100	-22.449200	5.111220	-61.935809	0.000000
0	0	58	148.497000	-34.250400	-47.710400	-42.484000	-62.836928	0.000000
0	0	59	161.351000	-34.332900	-77.289200	-46.233800	-56.975717	0.000000
0	0	60	142.938000	-13.385700	-78.541100	-71.883100	-49.835973	0.000000
0	0	61	108.125000	-7.515760	-74.216700	4.705350	-47.891251	0.000000
0	0	62	143.932000	-42.656800	-60.105900	-24.543000	-62.681548	0.000000
0	0	63	133.645000	-19.493200	-43.105900	-9.319610	-57.166634	0.000000
0	0	64	102.036000	-11.642200	-54.784200	-50.198900	-50.998729	0.000000
0	0	65	112.376000	-26.623600	-15.694600	-47.159000	-74.740335	0.000000
0	0	66	168.751000	-31.704200	-58.124900	-56.144400	-59.305119	0.000000
0	0	67	161.454000	-23.089700	-59.589900	-42.255200	-55.590095	0.000000
0	0	68	131.857000	-17.348900	-51.061800	-13.338200	-54.382925	0.000000
0	0	69	141.279000	-36.073200	-47.037800	-60.823500	-63.742265	0.000000
0	0	70	125.059000	-20.146600	-9.597870	-48.663900	-77.263400	0.000000
0	0	71	153.762000	-11.984800	-56.720800	-58.528700	-50.965402	0.000000
0	0	72	144.956000	16.709900	-18.991900	15.865100	-24.328638	0.000000
0	0	73	184.761000	-26.307800	-25.689400	-33.955600	-67.840692	0.000000
0	0	74	140.961000	-28.117200	-64.151200	-48.342100	-56.833818	0.000000
0	0	75	148.913000	20.544700	-29.552200	-34.890900	-27.596480	0.000000
0	0	76	129.090000	13.339900	-45.651700	-27.840000	-36.855545	0.000000
0	0	77	186.554000	-11.709200	-39.545100	-23.678300	-53.246941	0.000000
0	0	78	161.304000	-7.346030	-72.776100	-25.984400	-47.881961	0.000000
0	0	79	151.494000	20.875600	-24.882000	-30.178000	-25.001944	0.000000
0	0	80	131.045000	3.311610	-10.676800	-16.173100	-36.383871	0.000000
0	0	81	140.754000	-19.726200	-33.259500	-54.586600	-60.336084	0.000000
0	0	82	190.264000	-20.434300	-46.848600	-17.547400	-56.782871	0.000000
0	0	83	135.586000	3.781350	-38.643900	17.845600	-42.205667	0.000000
0	0	84	160.552000	0.609683	-33.254100	-47.022100	-44.474826	0.000000
0	0	85	167.171000	-40.546500	-7.692450	-22.929000	-84.628781	0.000000
0	0	86	125.904000	-18.002900	-58.908800	-37.919700	-53.496741	0.000000
0	0	87	156.192000	-22.584000	-30.348900	7.972120	-63.327308	0.000000
0	0	88	135.624000	-28.370400	-46.725500	-16.003300	-60.632469	0.000000
0	0	89	136.572000	28.990100	-27.495500	-25.295100	-21.742158	0.000000
0	0	90	170.538000	3.604790	-44.734900	-51.601400	-42.696497	0.000000
0	0	91	155.733000	-0.984183	-72.528700	-31.028200	-45.388716	0.000000
0	0	92	143.022000	-1.402290	-7.166180	-22.420700	-50.535915	0.000000
0	0	93	124.892000	-6.181810	7.503180	-19.611500	64.742418	0.000000
0	0	94	139.773000	-7.475620	17.587400	-8.725480	56.514091	0.000000
0	0	95	150.864000	17.455400	-27.331600	-30.817200	-28.717777	0.000000
0	0	96	151.423000	13.715600	7.635980	-3.660930	14.553149	0.000000
0	0	97	175.532000	-13.415800	-46.773800	21.587900	-53.002054	0.000000
0	0	98	213.529000	2.876940	-39.766900	-26.983500	-42.931070	0.000000
0	0	99	146.535000	-6.420340	-41.215000	-45.026500	-49.427095	0.000000
0	0	100	145.717000	11.158700	-47.434800	-35.043200	-38.381130	0.000000
0	0	101	180.157000	-9.490490	-30.271300	-17.994500	-53.703481	0.000000
0	0	102	190.453000	15.015000	-39.391300	-31.540800	-34.567189	0.000000
0	0	103	140.083000	2.448190	-41.855300	17.330000	-43.326242	0.000000
0	0	104	160.746000	16.565100	-39.979300	16.726200	-33.746861	0.000000
0	0	105	135.749000	-5.301840	-45.734800	-3.094160	-48.306269	0.000000
0	0	106	172.183000	9.121990	-26.965500	18.785200	-35.655079	0.000000
0	0	107	192.546000	22.694800	-55.856700	21.891500	-33.943948	0.000000
0	0	108	154.178000	7.912290	-15.787000	-15.478900	-31.690210	0.000000
0	0	109	151.325000	14.926700	-13.518000	-12.111700	-21.082395	0.000000
0	0	110	187.919000	5.936430	-5.474140	-10.463600	-21.339988	0.000000
0	0	111	154.580000	6.138570	-44.851500	42.556300	-41.103336	0.000000
0	0	112	188.564000	10.922200	-20.730800	7.233030	-31.108556	0.000000
0	0	113	172.548000	-9.443640	6.035950	12.579200	73.707558	0.000000
0	0	114	174.819000	14.753700	-42.127600	16.404600	-35.349501	0.000000
0	0	115	186.360000	0.567151	-9.126350	30.225400	-43.221982	0.000000
0	0	116	206.199000	21.264600	-44.890900	21.541900	-32.326657	0.000000
0	0	117	175.352000	-9.948110	-16.901000	18.797700	-60.240762	0.000000
0	0	118	159.086000	-0.383826	-71.148800	-14.416700	-45.154545	0.000000
0	0	119	154.554000	22.620100	19.075300	6.701500	20.070297	0.000000
0	0	120	183.451000	18.450600	-15.395400	12.907600	-19.921011	0.000000
0	0	121	154.904000	28.258100	10.230800	24.927400	9.951354	0.000000
0	0	122	180.129000	11.891600	14.169300	4.634270	24.997455	0.000000
0	0	123	239.688000	19.893500	-13.995800	-5.424500	-17.563889	0.000000
0	0	124	219.768000	24.330700	-41.960200	-2.341350	-29.946309	0.000000
0	0	125	159.421000	24.707100	-29.338400	26.097800	-24.948930	0.000000
0	0	126	204.817000	4.669230	3.317970	8.820320	17.698862	0.000000
0	0	127	180.282000	40.550200	-32.212400	18.815500	-19.231520	0.000000
0	0	128	190.768000	46.574800	-34.221200	14.289700	-18.153439	0.000000
0	0	129	163.028000	29.812600	-26.742300	5.866420	-20.946264	0.000000
0	0	130	186.818000	17.930100	5.431880	0.291119	8.427028	0.000000
0	0	131	221.620000	-5.257740	-20.765700	-9.901090	-52.104162	0.000000
0	0	132	177.985000	-19.357700	5.564700	16.359100	81.980901	0.000000
0	0	133	149.334000	37.835000	-31.663700	47.437000	-19.962798	0.000000
0	0	134	212.146000	21.469200	-25.012300	-3.916770	-24.679500	0.000000
0	0	135	174.315000	-13.481400	-44.623600	7.145070	-53.405142	0.000000
0	0	136	204.961000	18.336600	-13.993800	25.561300	-18.674752	0.000000
0	0	137	189.349000	15.933700	-90.396100	3.596240	-40.001712	0.000000
0	0	138	176.609000	18.610900	-16.669300	-15.072100	-20.924989	0.000000
0	0	139	187.966000	26.189100	-73.369000	13.078700	-35.177976	0.000000
0	0	140	199.700000	0.966791	-39.761400	-10.161100	-44.303569	0.000000
0	0	141	242.985000	38.650200	-44.131500	15.618700	-24.394124	0.000000
0	0	142	215.294000	3.497380	-31.966200	2.243760	-41.878089	0.000000
0	0	143	178.108000	7.761780	-61.334300	35.956200	-41.393814	0.000000
0	0	144	215.372000	20.487300	-54.558300	17.975200	-34.709119	0.000000
0	0	145	223.888000	20.771600	-46.394800	37.656400	-32.940635	0.000000
0	0	146	218.105000	41.075300	-4.198040	7.709900	-2.917784	0.000000
0	0	147	195.725000	-18.288100	-9.796890	-3.762750	-75.911078	0.000000
0	0	148	249.104000	16.503400	-57.623700	9.790690	-37.009156	0.000000
0	0	149	194.818000	26.794600	-18.294200	32.361900	-17.161790	0.000000
0	0	150	211.698000	37.429800	-22.534000	-4.469860	-15.524678	0.000000
0	0	151	220.694000	37.697800	-12.449300	-39.291000	-9.137630	0.000000
0	0	152	236.997000	53.251600	23.935600	-9.394080	12.101514	0.000000
0	0	153	264.225000	52.020800	-29.863000	61.226900	-14.929180	0.000000
0	0	154	231.264000	98.858600	-28.515500	4.558790	-8.045033	0.000000
0	0	155	237.197000	84.725200	2.138210	31.038100	0.722833	0.000000
0	0	156	234.391000	13.355800	-47.046400	-0.495520	-37.075757	0.000000
0	0	157	235.098000	55.702600	-16.426100	4.007550	-8.215112	0.000000
0	0	158	247.342000	47.838100	-49.810200	-2.851590	-23.078493	0.000000
0	0	159	237.633000	27.883900	-43.606700	-51.597700	-28.701748	0.000000
0	0	160	216.447000	18.315800	-35.700200	3.904380	-31.420073	0.000000
0	0	161	297.016000	50.316500	-49.184200	8.352390	-22.174006	0.000000
0	0	162	241.700000	48.503200	-52.678700	-7.941660	-23.681550	0.000000
0	0	163	208.427000	24.524300	-63.521000	9.215690	-34.444667	0.000000
0	0	164	279.485000	42.453000	-61.584800	-24.626600	-27.709933	0.000000
0	0	165	258.595000	56.613100	-92.943600	-29.794400	-29.326944	0.000000
0	0	166	172.605000	44.687500	-76.647500	-19.209300	-29.878347	0.000000
0	0	167	220.508000	41.658200	-22.015600	-25.512100	-13.927818	0.000000
0	0	168	223.003000	9.231040	-75.882900	-9.264540	-41.532067	0.000000
0	0	169	266.095000	41.200600	-58.512000	-10.596200	-27.424559	0.000000
0	0	170	231.188000	40.547500	-87.539500	30.712100	-32.573428	0.000000
0	0	171	250.093000	50.651100	-58.897600	0.061310	-24.652468	0.000000
0	0	172	223.622000	38.019700	-38.822600	-8.491000	-22.799322	0.000000
0	0	173	261.963000	28.213100	-80.448800	-2.067130	-35.337209	0.000000
0	0	174	255.560000	53.877600	-58.218900	-18.203600	-23.608928	0.000000
0	0	175	248.219000	46.922400	-40.562500	-24.861000	-20.421038	0.000000
0	0	176	275.197000	61.527600	-73.513700	36.663400	-25.036106	0.000000
0	0	177	301.450000	33.462400	-75.059900	-1.659320	-32.986122	0.000000
0	0	178	253.347000	17.317800	-65.141400	20.029600	-37.556155	0.000000
0	0	179	251.458000	23.414200	-68.545900	10.027000	-35.570320	0.000000
0	0	180	268.563000	8.557310	-110.980000	11.240000	-42.795416	0.000000
0	0	181	277.237000	28.345500	-73.911200	-12.442700	-34.508903	0.000000
0	0	182	231.130000	24.879300	-41.176200	-14.056700	-29.429488	0.000000
0	0	183	249.733000	29.711900	-27.943200	3.441740	-21.621437	0.000000
0	0	184	240.886000	58.752400	-55.416400	-24.175300	-21.663150	0.000000
0	0	185	282.924000	46.389800	-97.975100	13.582500	-32.331559	0.000000
0	0	186	246.909000	41.360200	-48.411700	27.656700	-24.745654	0.000000
0	0	187	268.672000	25.695600	-76.762500	45.976900	-35.746232	0.000000
0	0	188	250.754000	15.242700	-47.288900	19.228400	-36.067118	0.000000
0	0	189	277.473000	75.023800	-69.090000	-22.099000	-21.321106	0.000000
0	0	190	269.466000	17.018400	-90.782800	27.220700	-39.691201	0.000000
0	0	191	211.260000	16.803900	-20.829300	-38.559100	-25.552688	0.000000
0	0	192	282.544000	16.409000	-43.992400	41.910500	-34.772337	0.000000
0	0	193	251.494000	21.028300	-98.287800	-7.384390	-38.961922	0.000000
0	0	194	236.350000	34.801100	-51.100400	-23.312400	-27.871907	0.000000
0	0	195	258.943000	37.420800	-98.267800	-21.280500	-34.576476	0.000000
0	0	196	222.759000	14.155300	-72.239700	5.422820	-39.456708	0.000000
0	0	197	236.177000	13.690600	-21.297300	5.325330	-28.632883	0.000000
0	0	198	245.479000	92.634200	-68.151500	-8.438370	-18.171063	0.000000
0	0	199	269.285000	7.391070	-59.272000	-7.822230	-41.446025	0.000000
0	0	200	273.674000	44.627300	-36.287000	20.373600	-19.557490	0.000000
0	0	201	257.686000	42.209000	-23.978800	20.379300	-14.800385	0.000000
0	0	202	267.842000	1.523640	-37.883300	-18.266900	-43.848422	0.000000
0	0	203	230.949000	50.207700	-38.099600	-9.997230	-18.596337	0.000000
0	0	204	255.731000	23.661600	-31.621000	-19.472600	-26.596475	0.000000
0	0	205	292.802000	30.530300	-43.191100	3.706840	-27.372413	0.000000
0	0	206	303.690000	16.390900	-54.669700	-23.877200	-36.655190	0.000000
0	0	207	286.590000	32.037500	-104.325000	-22.919800	-36.464316	0.000000
0	0	208	294.798000	7.896210	-86.001000	2.986600	-42.377039	0.000000
0	0	209	301.344000	-1.107870	-50.653500	-8.604150	-45.626474	0.000000
0	0	210	298.149000	1.889210	-67.261900	-23.024500	-44.195568	0.000000
0	0	211	346.681000	22.174700	-46.198900	-18.816500	-32.179886	0.000000
0	0	212	279.805000	21.478100	-106.190000	-12.522800	-39.282778	0.000000
0	0	213	308.342000	-33.402900	-54.207600	-51.238200	-60.820756	0.000000
0	0	214	336.608000	-35.923100	-25.305600	-20.626400	-72.418838	0.000000
0	0	215	317.452000	-3.877100	-49.742800	18.506600	-47.228395	0.000000
0	0	216	338.614000	1.605080	0.133736	-9.556210	2.381455	0.000000
0	0	217	300.399000	4.871530	-21.832000	32.504300	-38.710624	0.000000
0	0	218	295.771000	-43.252900	-48.733300	16.377100	-65.795217	0.000000
0	0	219	300.496000	-18.821100	-57.792100	-28.042100	-54.019414	0.000000
0	0	220	285.976000	-38.287800	-46.711000	-2.013230	-64.670294	0.000000
0	0	221	286.906000	-25.608600	-22.902300	-38.852400	-69.096538	0.000000
0	0	222	290.512000	3.328060	-54.923900	-2.809390	-43.266229	0.000000
0	0	223	367.551000	-21.798100	-46.537200	7.877770	-57.549234	0.000000
0	0	224	316.779000	9.224410	-70.310200	-1.785350	-41.262858	0.000000
0	0	225	303.841000	-38.865300	-60.569800	-7.641920	-61.343361	0.000000
0	0	226	282.829000	-34.413200	-72.965700	11.542500	-57.625110	0.000000
0	0	227	270.285000	-17.380200	-23.981700	-11.019800	-62.965940	0.000000
0	0	228	272.173000	-44.897900	-83.378200	11.131000	-59.150896	0.000000
0	0	229	311.278000	-25.555000	-50.309700	15.954900	-58.464231	0.000000
0	0	230	331.462000	-3.767090	-49.344900	14.032400	-47.182804	0.000000
0	0	231	367.721000	-20.156300	-53.764200	32.990500	-55.275558	0.000000
0	0	232	291.266000	-11.555500	-21.606400	8.353200	-59.069345	0.000000
0	0	233	290.841000	-16.591200	-41.938100	5.170510	-55.792164	0.000000
0	0	234	299.794000	14.012900	-14.444800	36.320300	-22.934753	0.000000
0	0	235	345.918000	-12.317700	-129.005000	-31.373400	-47.727100	5.383550
0	0	236	330.305000	-6.720640	-91.320900	3.162120	-47.104509	0.000000
0	0	237	304.369000	-42.559300	-61.573200	7.583430	-62.326084	0.000000
0	0	238	315.802000	-57.043700	-54.917800	6.998740	-68.043894	0.000000
0	0	239	307.814000	-29.654300	-52.536700	-11.803400	-59.721261	0.000000
0	0	240	340.123000	8.505470	-12.760300	0.409598	-28.157137	0.000000
0	0	241	301.319000	25.804300	-63.548800	3.917640	-33.950074	0.000000
0	0	242	348.685000	-14.873200	-69.126200	-6.272690	-51.071324	0.000000
0	0	243	306.231000	31.339300	-74.386200	2.251760	-33.577025	0.000000
0	0	244	297.269000	24.250900	-37.764000	-18.083200	-28.646324	0.000000
0	0	245	327.879000	27.574000	-81.480100	19.791300	-35.651733	0.000000
0	0	246	377.992000	-8.870900	-61.222600	-0.330894	-49.122271	0.000000
0	0	247	319.903000	-20.421200	-38.661300	-4.469290	-58.921682	0.000000
0	0	248	332.392000	10.004300	-82.311000	-38.926300	-41.535054	0.000000
0	0	249	375.536000	11.651900	-52.345600	-11.787000	-38.725404	0.000000
0	0	250	365.448000	10.016000	-95.062900	-24.326100	-41.992702	0.000000
0	0	251	384.142000	-25.298400	-96.888300	-21.212000	-52.316857	0.000000
0	0	252	370.278000	36.097000	-55.364300	-18.703100	-28.448015	0.000000
0	0	253	384.678000	-57.637800	-83.899700	-7.045590	-62.244232	0.000000
0	0	254	400.028000	-1.449220	-50.074300	-40.618400	-45.828878	0.000000
0	0	255	414.285000	-4.469620	-49.801100	12.180600	-47.564261	0.000000
0	0	256	380.999000	-32.261700	-56.748900	-3.463130	-59.809096	0.000000
0	0	257	365.997000	15.440200	-54.105200	-47.927200	-37.036324	0.000000
0	0	258	364.481000	16.488900	-56.398000	-23.142200	-36.851418	0.000000
0	0	259	366.284000	-27.525800	-107.973000	-25.798000	-52.150954	0.000000
0	0	260	357.745000	-22.885800	-50.597300	-5.804470	-57.168921	0.000000
0	0	261	428.325000	-59.765800	-92.873400	-2.596050	-61.381026	0.000000
0	0	262	415.152000	-75.472900	-76.958300	-1.265840	-67.220843	0.000000
0	0	263	456.934000	-7.506870	-125.857000	18.781600	-46.706711	5.536530
0	0	264	443.469000	-35.132100	-111.356000	-13.076900	-53.755075	0.000000
0	0	265	422.979000	-49.775900	-96.410800	16.743900	-58.653420	0.000000
0	0	266	475.053000	-44.041600	-112.615000	6.706980	-55.679765	0.000000
0	0	267	452.322000	-29.836800	-89.820000	-32.693700	-54.187840	0.000000
0	0	268	448.931000	-30.220800	-103.142000	8.993940	-53.165342	0.000000
0	0	269	452.438000	-20.984300	-62.446900	-1.493070	-54.287057	0.000000
0	0	270	443.796000	-17.377600	-60.719900	46.647800	-52.985371	0.000000
0	0	271	402.300000	-34.640200	-68.665000	35.028100	-58.385042	0.000000
0	0	272	378.773000	-38.185500	-57.089000	33.871200	-61.888820	0.000000
0	0	273	446.764000	-43.303500	-59.341600	57.233200	-63.059724	0.000000
0	0	274	452.245000	-82.888600	-87.344700	44.689900	-66.750272	0.000000
0	0	275	406.218000	-33.543200	-44.389400	8.798270	-63.538403	0.000000
0	0	276	373.919000	-59.276900	-36.979500	25.553000	-74.021149	0.000000
0	0	277	381.105000	-66.699600	-76.700900	38.189900	-65.505217	0.000000
0	0	278	426.070000	-24.255200	-69.294400	74.105300	-54.645819	0.000000
0	0	279	411.671000	-39.323400	-91.180100	10.594000	-56.664586	0.000000
0	0	280	383.933000	-15.147400	-92.446500	45.337800	-49.652627	0.000000
0	0	281	377.916000	-64.886600	-90.966100	52.067900	-62.750232	0.000000
0	0	282	437.374000	-12.346300	-124.156000	30.183900	-47.839464	5.591280
0	0	283	380.661000	-20.109400	-99.267800	47.934100	-50.725925	0.000000
0	0	284	450.041000	9.430900	-86.420700	63.165800	-41.886041	0.000000
0	0	285	405.963000	-19.447300	-106.794000	36.764600	-50.160267	0.000000
0	0	286	461.790000	-63.478800	-127.772000	-18.194400	-58.209394	4.797000
0	0	287	475.724000	-52.989900	-134.929000	42.985800	-55.720572	4.752610
0	0	288	451.678000	-84.837600	-126.539000	22.468700	-61.919864	4.439860
0	0	289	492.552000	-60.310300	-130.594000	45.055800	-57.394106	4.768710
0	0	290	514.929000	-62.504300	-215.817000	61.667400	-53.075961	3.083840
0	0	291	500.768000	-63.093800	-217.946000	38.565600	-53.072675	3.053840
0	0	292	556.294000	-82.026300	-245.617000	84.084900	-54.233634	2.669550
0	0	293	493.217000	-57.549400	-227.189000	106.292000	-52.107317	2.961590
0	0	294	515.664000	-39.576000	-218.294000	75.043700	-50.137963	3.137580
0	0	295	501.608000	-82.770900	-187.125000	128.016000	-56.930609	3.356700
0	0	296	516.113000	-58.335600	-161.718000	76.225600	-54.917801	4.014970
0	0	297	502.065000	-25.795000	-167.740000	145.266000	-49.371220	4.105120
0	0	298	481.253000	9.090300	-142.133000	115.593000	-43.170279	4.900950
0	0	299	409.078000	44.191100	-139.182000	124.792000	-36.192526	4.738090
0	0	300	430.142000	40.928900	-120.469000	162.428000	-35.617498	5.431530
0	0	301	416.592000	42.532900	-74.375800	149.353000	-30.118141	0.000000
0	0	302	420.496000	19.610100	-75.096900	151.624000	-37.682561	0.000000
0	0	303	344.616000	2.977230	-38.675500	106.484000	-42.799034	0.000000
0	0	304	357.528000	76.227800	-36.683600	109.887000	-12.849279	0.000000
0	0	305	336.938000	69.259400	-36.958900	106.192000	-14.042861	0.000000
0	0	306	325.904000	60.634200	19.339100	111.188000	8.844965	0.000000
0	0	307	321.181000	21.431100	50.795100	86.539600	33.562250	0.000000
0	0	308	336.341000	65.535400	92.193400	112.589000	27.296498	0.000000
0	0	309	350.315000	46.006600	71.384800	74.280200	28.599366	0.000000
0	0	310	325.172000	58.713600	94.366700	68.575200	29.055361	0.000000
0	0	311	286.526000	47.309200	120.137000	59.803700	34.252895	5.335510
0	0	312	291.515000	81.545500	136.922000	70.513400	29.611796	4.266010
0	0	313	334.926000	0.721198	115.450000	43.173300	44.821043	0.000000
0	0	314	307.694000	10.841000	116.698000	27.144400	42.346287	0.000000
0	0	315	319.521000	-12.501800	128.135000	60.147300	47.786281	5.418830
0	0	316	297.259000	-33.839800	150.828000	55.550700	51.322744	4.495830
0	0	317	297.372000	-13.404200	143.931000	19.904300	47.660286	4.826560
0	0	318	306.869000	-47.633400	165.953000	1.685080	53.007519	4.013720
0	0	319	338.749000	-101.893000	124.884000	19.022400	64.605523	4.156550
0	0	320	332.002000	-99.746400	151.999000	68.991800	61.637056	3.724050
0	0	321	347.170000	-95.380200	153.300000	9.438550	60.944525	3.758630
0	0	322	341.311000	-96.641200	131.640000	-43.414800	63.141801	4.124280
0	0	323	355.659000	-124.231000	89.028700	-20.740300	72.186582	4.257820
0	0	324	346.432000	-99.370500	142.263000	-21.221600	62.467122	3.890470
0	0	325	348.384000	-169.947000	119.098000	-22.285100	72.488711	3.132230
0	0	326	382.708000	-167.930000	121.940000	-82.066800	72.007626	3.137810
0	0	327	410.053000	-132.771000	123.217000	-46.458800	68.568702	3.643080
0	0	328	393.013000	-95.779300	122.072000	-30.379200	64.059099	4.326370
0	0	329	379.122000	-137.447000	98.183700	-75.686000	72.230158	3.851960
0	0	330	447.812000	-139.167000	32.093100	-40.055300	83.507062	4.403080
0	0	331	430.685000	-173.699000	55.051800	-43.989800	81.207309	3.468370
0	0	332	395.738000	-183.946000	16.133500	-73.172600	87.493770	3.387620
0	0	333	381.823000	-185.610000	40.182300	-109.973000	83.892333	3.308970
0	0	334	427.354000	-150.144000	16.388800	-90.270400	86.885303	4.143740
0	0	335	463.878000	-167.756000	35.033000	-68.321100	84.102136	3.665510
0	0	336	479.375000	-178.984000	1.799410	-116.401000	89.711999	3.491460
0	0	337	462.056000	-178.406000	-30.503000	-133.511000	-85.148829	3.464970
0	0	338	502.332000	-118.356000	9.349390	-160.148000	87.741684	0.000000
0	0	339	509.576000	-135.232000	-14.271000	-200.229000	-86.987943	4.601990
0	0	340	545.258000	-125.974000	-25.816600	-186.773000	-84.209198	4.884140
0	0	341	605.265000	-150.128000	0.894688	-305.750000	89.829275	4.162650
0	0	342	532.368000	-135.783000	-50.688000	-244.663000	-79.764660	4.376880
0	0	343	545.259000	-148.625000	-37.550400	-250.390000	-82.910419	4.106980
0	0	344	573.373000	-130.788000	-44.302000	-243.529000	-80.643573	4.583200
0	0	345	558.377000	-109.336000	-32.828700	-307.891000	-81.643672	0.000000
0	0	346	563.242000	-106.456000	-85.584700	-297.616000	-70.601327	4.793220
0	0	347	578.071000	-88.620000	-77.571900	-303.590000	-69.401655	0.000000
0	0	348	556.380000	-72.418800	-74.887200	-322.944000	-67.019994	0.000000
0	0	349	553.855000	-69.797100	-75.361300	-255.242000	-66.402409	0.000000
0	0	350	583.718000	-77.780200	-37.656800	-264.210000	-77.083172	0.000000
0	0	351	530.256000	-42.467400	4.160290	-269.706000	87.202455	0.000000
0	0	352	578.720000	-61.324700	-17.623900	-248.745000	-81.983028	0.000000
0	0	353	582.021000	-62.924300	1.046110	-255.383000	89.523776	0.000000
0	0	354	541.611000	-44.720300	15.333900	-256.358000	80.536975	0.000000
0	0	355	544.600000	-40.715500	0.791232	-279.605000	89.443350	0.000000
0	0	356	553.289000	-44.286400	42.358600	-231.950000	68.137293	0.000000
0	0	357	551.448000	-26.004800	21.078100	-212.927000	70.486812	0.000000
0	0	358	609.332000	0.475106	77.843200	-289.706000	44.825153	0.000000
0	0	359	549.741000	-25.396200	71.158400	-282.386000	54.820658	0.000000
0	0	360	525.592000	-44.517300	95.485400	-251.730000	57.497961	0.000000
0	0	361	525.755000	-41.810500	66.867100	-290.536000	61.008410	0.000000
0	0	362	582.461000	-75.992200	102.096000	-277.843000	63.330543	5.288340
0	0	363	559.102000	-63.471700	84.119900	-242.641000	63.517979	0.000000
0	0	364	568.603000	-44.289100	83.179000	-291.935000	59.016653	0.000000
0	0	365	563.647000	-41.968600	113.025000	-295.149000	55.185519	0.000000
0	0	366	546.539000	-53.600300	111.010000	-321.264000	57.886603	5.557010
0	0	367	558.959000	-56.009300	125.947000	-288.139000	56.987484	4.982050
0	0	368	557.578000	-6.306150	101.304000	-277.068000	46.781026	0.000000
0	0	369	577.195000	-2.656030	134.179000	-287.862000	45.567002	5.202960
0	0	370	556.223000	-62.999500	109.799000	-301.868000	59.922980	5.378530
0	0	371	540.143000	-23.259000	77.256900	-283.161000	53.377486	0.000000
0	0	372	540.327000	-73.008400	111.283000	-333.414000	61.633653	5.087040
0	0	373	532.792000	-18.038200	143.945000	-301.769000	48.571341	4.806050
0	0	374	527.037000	-70.046600	111.288000	-290.165000	61.093512	5.158190
0	0	375	526.331000	-25.339700	91.071000	-291.420000	52.774378	0.000000
0	0	376	499.210000	-19.769400	93.666500	-281.158000	50.959011	0.000000
0	0	377	539.819000	-35.967800	124.201000	-279.569000	53.075336	5.358660
0	0	378	535.633000	-58.909200	114.245000	-263.557000	58.638703	5.317780
0	0	379	515.575000	-34.016600	132.423000	-276.563000	52.203278	5.075840
0	0	380	477.561000	-32.036200	132.210000	-262.248000	51.810487	5.104750
0	0	381	495.208000	-34.852500	115.781000	-257.880000	53.376446	0.000000
0	0	382	530.133000	-27.912500	151.782000	-243.278000	50.210095	4.510030
0	0	383	465.574000	-45.184400	152.436000	-286.531000	53.255321	4.356560
0	0	384	496.137000	-71.947900	118.685000	-247.960000	60.612308	4.894880
0	0	385	499.951000	-28.850800	152.399000	-232.923000	50.359929	4.486520
0	0	386	504.043000	-76.969900	111.385000	-244.078000	62.322735	4.988900
0	0	387	386.782000	-70.086700	83.460700	-225.178000	65.011046	0.000000
0	0	388	445.638000	-48.609100	97.728900	-200.989000	58.222581	0.000000
0	0	389	434.575000	-58.983200	80.304700	-247.777000	63.148502	0.000000
0	0	390	427.200000	-71.457200	78.723700	-180.720000	66.114953	0.000000
0	0	391	453.913000	-58.900200	120.151000	-257.126000	58.057466	5.116860
0	0	392	433.355000	-52.644800	108.779000	-203.625000	57.912587	0.000000
0	0	393	421.641000	-75.644400	93.516100	-219.982000	64.484555	0.000000
0	0	394	394.317000	-44.704400	91.530600	-193.367000	58.015658	0.000000
0	0	395	389.210000	-72.219700	95.855900	-197.220000	63.497541	0.000000
0	0	396	393.976000	-84.536000	47.585000	-182.178000	75.312501	0.000000
0	0	397	366.832000	-54.062500	87.420000	-184.627000	60.866791	0.000000
0	0	398	368.718000	-40.250300	115.197000	-195.814000	54.629811	5.660170
0	0	399	363.068000	-91.385100	87.908800	-190.236000	68.055380	5.214450
0	0	400	324.977000	-69.619600	91.967300	-165.448000	63.562931	0.000000
0	0	401	373.412000	-22.214800	29.823700	-156.875000	63.340673	0.000000
0	0	402	297.154000	-50.793000	71.018300	-163.370000	62.786365	0.000000
0	0	403	342.615000	-52.647700	63.503000	-149.673000	64.830359	0.000000
0	0	404	311.063000	-83.205300	42.966300	-120.656000	76.344334	0.000000
0	0	405	340.856000	-36.612400	93.164900	-184.365000	55.727039	0.000000
0	0	406	259.854000	-41.757600	34.995500	-172.259000	70.017436	0.000000
0	0	407	308.719000	-21.553700	91.065300	-146.642000	51.657977	0.000000
0	0	408	258.865000	-65.524800	52.537700	-150.923000	70.638703	0.000000
0	0	409	283.092000	-49.049600	80.258600	-114.413000	60.715479	0.000000
0	0	410	268.330000	-50.406800	66.358100	-136.930000	63.610477	0.000000
0	0	411	285.946000	-71.592000	43.803100	-146.156000	74.269946	0.000000
0	0	412	257.833000	-31.340100	22.917900	-141.927000	71.911662	0.000000
0	0	413	240.132000	-20.770400	5.565710	-122.025000	82.499616	0.000000
0	0	414	217.193000	-29.880700	47.175000	-85.230200	61.175109	0.000000
0	0	415	231.844000	-28.941700	-0.963479	-87.060700	-89.046654	0.000000
0	0	416	206.280000	-18.127600	27.750600	-108.479000	61.576942	0.000000
0	0	417	196.508000	-2.872190	23.306000	-114.983000	48.512803	0.000000
0	0	418	203.998000	-6.585580	25.593400	-115.899000	52.215027	0.000000
0	0	419	159.014000	12.505600	-27.345600	-114.779000	-32.712295	0.000000
0	0	420	196.833000	-44.752400	-0.301426	-88.514400	-89.807047	0.000000
0	0	421	212.850000	-2.104230	5.001510	-54.613900	56.408706	0.000000
0	0	422	219.232000	5.692260	-22.938500	-34.636100	-38.031697	0.000000
0	0	423	202.585000	-7.937910	9.117270	-86.372300	65.522156	0.000000
0	0	424	180.931000	22.103100	-24.812000	-62.097200	-24.152308	0.000000
0	0	425	184.448000	-2.009520	-7.676390	-84.349500	-52.334833	0.000000
0	0	426	158.684000	-16.135500	22.670500	-74.784200	62.720488	0.000000
0	0	427	142.969000	-8.758280	-35.205500	-48.085300	-51.985107	0.000000
0	0	428	130.874000	-23.800000	2.383270	-92.350100	87.140806	0.000000
0	0	429	142.015000	-15.452200	-16.528100	-99.728900	-66.536574	0.000000
0	0	430	107.878000	10.545100	-39.401400	-18.809000	-37.508462	0.000000
0	0	431	151.265000	-10.860400	-2.531530	-40.950300	-83.439402	0.000000
0	0	432	106.083000	-12.144000	-24.041400	-76.664000	-58.399824	0.000000
0	0	433	123.742000	22.072700	-4.484490	-48.889600	-5.742208	0.000000
0	0	434	111.790000	34.728800	16.912100	-39.230400	12.982491	0.000000
0	0	435	136.923000	21.476200	73.620600	-7.059830	36.868634	0.000000
0	0	436	105.308000	15.141000	-23.371900	-33.931300	-28.531827	0.000000
0	0	437	138.782000	-5.459550	8.920660	-79.435600	60.733564	0.000000
0	0	438	114.177000	15.538000	7.207710	-38.060600	12.442734	0.000000
0	0	439	135.855000	59.549700	7.814880	-18.835100	3.738184	0.000000
0	0	440	109.686000	26.222300	-27.615700	-13.801900	-23.241281	0.000000
0	0	441	92.972400	-27.238800	-27.229300	4.862070	-67.504997	0.000000
0	0	442	100.665000	1.916050	-16.127700	-17.244400	-41.612369	0.000000
0	0	443	115.137000	15.487100	-58.406000	-14.492900	-37.574528	0.000000
0	0	444	89.817500	14.902900	3.355470	-39.313500	6.344432	0.000000
0	0	445	122.081000	-21.496700	2.381790	0.415869	86.838767	0.000000
0	0	446	96.498800	36.255800	-16.705100	19.488300	-12.369100	0.000000
0	0	447	105.199000	29.273500	43.615300	-4.916920	28.065737	0.000000
0	0	448	80.648700	24.415700	44.375400	-24.793600	30.590029	0.000000
0	0	449	130.032000	-2.257470	-13.212200	-16.448100	-49.848035	0.000000
0	0	450	107.516000	-15.457300	6.688970	-20.751700	78.300002	0.000000
0	0	451	80.108800	40.756900	-15.709600	-23.231600	-10.539488	0.000000
0	0	452	91.689400	6.896970	-15.307100	-22.344200	-32.872473	0.000000
0	0	453	90.559700	-11.798100	-48.628300	-6.168670	-51.818739	0.000000
0	0	454	118.681000	-7.792020	-18.746300	-23.581500	-56.285264	0.000000
0	0	455	117.652000	29.280400	16.850100	15.393800	14.959647	0.000000
0	0	456	88.339800	-33.752300	-30.472100	-17.201200	-68.961893	0.000000
0	0	457	116.070000	23.112000	-42.639300	-15.434800	-30.770375	0.000000
0	0	458	93.170100	-9.068570	-50.076100	4.555290	-50.132387	0.000000
0	0	459	54.728300	-1.377000	-13.845000	-18.460500	-47.839930	0.000000
0	0	460	46.707300	19.121900	-20.089700	-5.568010	-23.206929	0.000000
0	0	461	64.240300	14.910900	-36.793000	26.527100	-33.969515	0.000000
0	0	462	74.651800	-17.342500	-13.403700	-18.600900	-71.150111	0.000000
0	0	463	84.090800	-0.228464	-25.265400	-19.617000	-45.259043	0.000000
0	0	464	59.117400	1.474850	-8.285490	8.673030	-39.953420	0.000000
0	0	465	62.718500	17.914100	-24.369100	-6.151560	-26.839911	0.000000
0	0	466	84.008900	14.366800	26.157300	-6.649890	30.611186	0.000000
0	0	467	81.777500	13.744600	-43.643200	17.270000	-36.259583	0.000000
0	0	468	80.365900	25.926700	-62.201000	-2.787320	-33.686294	0.000000
0	0	469	81.732100	10.534500	-43.488700	-33.371000	-38.191614	0.000000
0	0	470	95.745000	28.090500	-28.317400	10.055000	-22.615235	0.000000
0	0	471	56.317700	5.850840	-25.321800	13.795600	-38.494800	0.000000
0	0	472	100.877000	-31.829000	-56.390900	-19.369000	-59.720953	0.000000
0	0	473	78.582800	37.558900	-13.156600	-16.146400	-9.652487	0.000000
0	0	474	82.778200	38.559300	-20.290300	-14.180600	-13.876903	0.000000
0	0	475	137.320000	30.965100	4.315410	-16.674000	3.966925	0.000000
0	0	476	56.276300	29.798600	-7.243200	-4.304230	-6.831017	0.000000
0	0	477	62.001900	2.360430	-1.267130	3.708130	-14.113934	0.000000
0	0	478	79.362800	45.577700	-32.324200	-5.342430	-17.672340	0.000000
0	0	479	93.751800	31.917400	-36.457600	-6.716730	-24.399473	0.000000
0	0	480	105.228000	53.485200	-6.348430	1.457660	-3.384528	0.000000
0	0	481	79.846100	11.778100	-50.282300	-0.617123	-38.408375	0.000000
0	0	482	64.986200	40.834800	-61.086000	-2.093920	-28.119022	0.000000
0	0	483	59.144400	18.579100	-33.586400	18.717600	-30.524901	0.000000
0	0	484	63.698800	-2.523610	-31.675000	48.731400	-47.277623	0.000000
0	0	485	58.832200	5.331210	-59.904100	-11.248500	-42.457159	0.000000
0	0	486	80.188900	30.847400	-23.368800	23.108200	-18.573082	0.000000
0	0	487	66.140200	13.920000	-20.178400	35.120800	-27.700140	0.000000
0	0	488	102.194000	28.388600	-36.627800	4.503150	-26.111154	0.000000
0	0	489	75.494000	38.288200	-31.232800	0.193629	-19.602564	0.000000
0	0	490	91.655800	40.132100	1.282150	-29.384800	0.914938	0.000000
0	0	491	57.740200	37.069500	-24.987100	-4.205160	-16.991184	0.000000
0	0	492	60.289300	30.972100	-10.886000	26.128900	-9.682717	0.000000
0	0	493	88.110700	22.349600	-11.747700	7.278000	-13.863961	0.000000
0	0	494	70.351700	13.653500	-43.158500	-23.130100	-36.222430	0.000000
0	0	495	57.167600	11.134700	-29.013400	-14.678800	-34.502152	0.000000
0	0	496	77.205300	36.125400	-1.641600	9.402600	-1.300914	0.000000
0	0	497	97.077800	0.957691	-32.864900	-12.357400	-44.165430	0.000000
0	0	498	63.288500	58.966700	2.136470	-16.202000	1.037511	0.000000
0	0	499	55.660200	22.386400	-43.032500	-5.244300	-31.257806	0.000000
0	0	500	65.924000	52.285900	-7.141910	-2.184810	-3.889046	0.000000
0	0	501	67.381100	64.432500	-4.671950	-10.439700	-2.073607	0.000000
0	0	502	88.388600	34.438100	15.459400	-18.218000	12.087751	0.000000
0	0	503	40.935300	95.104800	-13.631400	-5.309880	-4.078334	0.000000
0	0	504	59.498900	25.595300	-15.217600	21.188900	-15.366729	0.000000
0	0	505	43.229700	43.913600	2.181500	-20.552200	1.421975	0.000000
0	0	506	63.795400	78.838300	9.617700	4.933170	3.477651	0.000000
0	0	507	79.799500	32.546900	-7.344180	37.223900	-6.357890	0.000000
0	0	508	67.533700	27.048100	3.996080	-2.955810	4.202036	0.000000
0	0	509	56.154200	39.666500	-47.697900	1.884200	-25.126216	0.000000
0	0	510	67.100200	56.367000	-64.024300	3.243400	-24.319653	0.000000
0	0	511	58.085600	51.470400	-13.720700	0.713029	-7.463245	0.000000
0	0	512	84.016400	28.430200	-25.228000	-5.576740	-20.792384	0.000000
0	0	513	65.430200	64.177300	-20.674700	39.827400	-8.928166	0.000000
0	0	514	77.119000	25.412900	29.550600	4.347970	24.652578	0.000000
0	0	515	43.993000	23.131900	4.030330	-15.805800	4.941788	0.000000
0	0	516	43.921200	15.112300	-6.535050	-20.339300	-11.692613	0.000000
0	0	517	81.582300	89.589500	-17.746500	25.307200	-5.602247	0.000000
0	0	518	73.192300	17.342800	-18.402400	-19.090200	-23.348965	0.000000
0	0	519	60.158300	18.792400	7.746250	1.610070	11.200758	0.000000
0	0	520	48.706000	27.478300	20.470900	-12.081700	18.342765	0.000000
0	0	521	60.499400	18.990900	28.207600	-11.626100	28.024701	0.000000
0	0	522	91.581000	23.553800	6.478050	12.125400	7.688979	0.000000
0	0	523	74.975400	35.322300	-10.969200	-1.900720	-8.625987	0.000000
0	0	524	91.370200	11.746500	7.905170	-15.778200	16.969900	0.000000
0	0	525	72.377400	24.611000	13.059500	10.908900	13.976031	0.000000
0	0	526	59.622900	48.297600	23.506400	-18.419000	12.976073	0.000000
0	0	527	41.653300	33.176000	19.325100	64.442000	15.110452	0.000000
0	0	528	28.165600	54.524200	-2.954040	30.419400	-1.550584	0.000000
0	0	529	42.734400	50.977200	-4.749080	5.094290	-2.661181	0.000000
0	0	530	64.618700	17.628400	5.633220	3.427290	8.860736	0.000000
0	0	531	61.650400	17.400900	19.688700	12.628100	24.264853	0.000000
0	0	532	79.405500	19.948700	10.385300	-17.493800	13.750750	0.000000
0	0	533	85.055000	50.572300	-2.330110	8.070710	-1.319014	0.000000
0	0	534	67.130600	24.918400	-6.695050	26.213900	-7.519503	0.000000
0	0	535	33.254600	13.859000	-6.869930	6.178520	-13.183847	0.000000
0	0	536	47.356800	7.516680	-1.065510	42.485500	-4.034040	0.000000
0	0	537	33.458200	14.108700	-31.977900	29.365900	-33.096426	0.000000
0	0	538	88.893200	-15.941700	-18.582700	26.268600	-65.312793	0.000000
0	0	539	71.986500	53.180600	-48.572500	12.040500	-21.203507	0.000000
0	0	540	118.171000	17.028100	-11.766200	-22.722200	-17.321989	0.000000
0	0	541	69.739800	20.749500	2.720860	29.944000	3.735256	0.000000
0	0	542	39.754300	25.237700	9.740230	12.956800	10.551790	0.000000
0	0	543	-6.484870	64.656600	3.560510	9.364860	1.575990	0.000000
0	0	544	35.442100	21.002100	23.475200	4.757190	24.091288	0.000000
0	0	545	72.583100	40.386700	22.586600	-2.644750	14.608234	0.000000
0	0	546	58.539800	40.175900	2.130970	38.866700	1.518090	0.000000
0	0	547	59.559500	14.613100	41.886900	-34.561600	35.383816	0.000000
0	0	548	51.951200	-3.175870	18.931200	57.676500	49.761589	0.000000
0	0	549	46.115900	16.087200	-15.888900	21.989800	-22.322342	0.000000
0	0	550	36.884800	-3.059410	13.792700	-17.253700	51.253251	0.000000
0	0	551	74.203600	15.365900	-43.239200	-2.469840	-35.218165	0.000000
0	0	552	38.092200	1.520790	-30.615400	-4.273120	-43.578113	0.000000
0	0	553	47.786400	-27.944600	-63.876400	25.765800	-56.814190	0.000000
0	0	554	57.345100	10.029800	-12.773600	24.565600	-25.930541	0.000000
0	0	555	43.866900	44.471100	-31.786500	-11.927000	-17.777977	0.000000
0	0	556	29.561400	-0.867485	45.632700	-29.033500	45.544535	0.000000
0	0	557	37.442500	23.369400	-20.530800	7.816680	-20.650194	0.000000
0	0	558	72.469400	22.451300	4.134890	31.246700	5.217657	0.000000
0	0	559	62.100100	31.485100	8.988340	-5.443190	7.966470	0.000000
0	0	560	38.738100	54.092200	13.515800	-0.563343	7.014508	0.000000
0	0	561	71.144500	23.660400	17.170200	11.236500	17.984075	0.000000
0	0	562	45.169700	16.590000	18.313400	-3.840230	23.913378	0.000000
0	0	563	57.698400	-4.524380	40.348700	-6.345580	48.198982	0.000000
0	0	564	25.919600	12.045000	-20.912500	8.701090	-30.029646	0.000000
0	0	565	30.211900	9.065920	-24.756200	7.456530	-34.943431	0.000000
0	0	566	53.915800	27.291100	-8.306860	-5.184630	-8.464595	0.000000
0	0	567	24.180500	2.835310	-32.796300	-5.923500	-42.529472	0.000000
0	0	568	19.198100	-4.721170	-8.018550	-0.079504	-60.244384	0.000000
0	0	569	28.848300	29.030100	2.600570	9.511770	2.559499	0.000000
0	0	570	14.534300	28.785700	-38.098700	-22.934200	-26.463456	0.000000
0	0	571	71.029800	14.036400	-21.392300	-30.727800	-28.364706	0.000000
0	0	572	42.765000	18.258700	-1.361890	6.111960	-2.132855	0.000000
0	0	573	15.069500	44.923500	7.405570	2.678410	4.680466	0.000000
0	0	574	65.082800	21.612300	24.090600	34.644800	24.051950	0.000000
0	0	575	54.080600	29.164200	-16.162300	-18.423900	-14.497235	0.000000
0	0	576	10.341800	-0.380698	5.589820	-4.713440	46.948073	0.000000
0	0	577	9.666150	-6.775960	-35.423900	-7.035540	-50.414426	0.000000
0	0	578	33.645200	-13.187900	-29.437100	39.432300	-57.066254	0.000000
0	0	579	34.359800	6.454420	-38.671900	11.810400	-40.262278	0.000000
0	0	580	56.243800	15.197300	-37.310900	-8.383190	-33.919091	0.000000
0	0	581	32.786000	27.715500	-4.267070	-16.527500	-4.376259	0.000000
0	0	582	44.546300	22.947100	6.673060	1.168430	8.107265	0.000000
0	0	583	4.289290	-10.371500	-20.568400	6.210810	-58.379634	0.000000
0	0	584	55.339800	54.994400	-15.996600	2.691020	-8.109246	0.000000
0	0	585	2.490000	14.379800	33.997500	-12.071800	33.536636	0.000000
0	0	586	70.401700	45.565400	48.664000	-30.804200	23.441706	0.000000
0	0	587	52.734100	28.647700	22.867800	-10.579000	19.299170	0.000000
0	0	588	51.308300	15.510300	10.252100	29.180400	16.732084	0.000000
0	0	589	38.451000	-6.920940	-35.517400	9.467120	-50.513256	0.000000
0	0	590	54.146900	26.678200	-32.236600	-6.819060	-25.194849	0.000000
0	0	591	16.869800	36.091400	9.649020	0.519396	7.483970	0.000000
0	0	592	20.247100	-10.064000	-71.240700	1.961550	-49.020414	0.000000
0	0	593	41.556700	25.025700	-44.865400	-31.814100	-30.423718	0.000000
0	0	594	19.247000	6.512040	-26.684100	12.698500	-38.142747	0.000000
0	0	595	34.620000	54.803500	-6.701720	45.415800	-3.485938	0.000000
0	0	596	8.906280	-3.107970	-20.499100	67.114400	-49.310619	0.000000
0	0	597	25.287600	16.096000	41.859100	-9.437180	34.483423	0.000000
0	0	598	35.758200	34.044500	-8.685670	18.464400	-7.156191	0.000000
0	0	599	82.076400	2.787270	25.336200	7.911690	41.861029	0.000000
0	0	600	15.633000	-4.791960	25.589100	-26.192700	50.303342	0.000000
0	0	601	22.989000	-16.574700	29.312900	-21.730800	59.742787	0.000000
0	0	602	25.563000	-8.701620	-0.164991	-15.967400	-89.456874	0.000000
0	0	603	29.212300	53.390300	-27.462100	-3.691410	-13.609851	0.000000
0	0	604	41.042400	36.312500	13.340400	-8.294270	10.086101	0.000000
0	0	605	38.599500	7.628340	-5.760340	15.768700	-18.528658	0.000000
0	0	606	28.241800	-0.324029	3.183660	15.097600	47.905741	0.000000
0	0	607	-17.354900	8.103460	19.080100	-20.154900	33.494354	0.000000
0	0	608	31.030900	4.279150	-14.838100	11.220500	-36.956501	0.000000
0	0	609	15.480300	28.435600	-10.856700	-13.650100	-10.448418	0.000000
0	0	610	51.630400	5.672250	-4.027920	12.863000	-17.689466	0.000000
0	0	611	8.546150	4.919710	18.269200	5.184700	37.464178	0.000000
0	0	612	28.214000	-7.973790	15.358700	-12.011000	58.718513	0.000000
0	0	613	-5.298550	24.005000	-6.490360	-22.351500	-7.564809	0.000000
0	0	614	-2.355520	-7.583180	58.355900	-13.787300	48.701966	0.000000
0	0	615	25.843700	24.454500	37.027100	12.633000	28.278642	0.000000
0	0	616	22.949600	24.783400	23.421000	-21.899200	21.690541	0.000000
0	0	617	34.894900	-13.413800	20.142900	-5.748330	61.830456	0.000000
0	0	618	6.448900	-29.760400	-17.499200	25.601500	-74.772175	0.000000
0	0	619	35.401500	-67.585100	13.462600	18.018300	84.367217	0.000000
0	0	620	39.675400	-41.510000	2.436230	-1.062360	88.320576	0.000000
0	0	621	1.291380	5.293320	56.428500	-22.527100	42.320503	0.000000
0	0	622	39.738000	17.295700	-21.412400	-0.916603	-25.535362	0.000000
0	0	623	-16.852700	-0.734554	12.624000	31.060900	46.665060	0.000000
0	0	624	12.189900	3.732290	-4.676400	-2.459170	-25.703110	0.000000
0	0	625	25.981300	29.968100	46.924400	-19.975000	28.717905	0.000000
0	0	626	15.093700	-8.735570	8.403550	-5.393390	68.054899	0.000000
0	0	627	16.953800	-2.839030	-13.733500	-8.305850	-50.839916	0.000000
0	0	628	28.591500	-43.774100	-22.960300	0.194156	-76.161092	0.000000
0	0	629	27.434900	3.464520	27.678000	-4.504500	41.432631	0.000000
0	0	630	37.930200	-16.110200	8.804700	-8.884630	75.671046	0.000000
0	0	631	46.974900	-11.417300	-20.487100	-3.176840	-59.565290	0.000000
0	0	632	15.017700	3.202510	-4.944940	-26.897400	-28.535772	0.000000
0	0	633	23.059000	-26.231900	-24.423200	-27.980200	-68.522472	0.000000
0	0	634	20.659900	-39.392100	-37.376900	31.121400	-68.251840	0.000000
0	0	635	15.673100	5.175520	-7.124720	-12.711500	-27.002348	0.000000
0	0	636	20.286600	32.529800	17.214000	-0.824300	13.943367	0.000000
0	0	637	-7.285150	-16.290600	-1.892840	48.065200	-86.686199	0.000000
0	0	638	11.344300	45.913900	-22.631500	-3.997720	-13.119614	0.000000
0	0	639	66.398300	25.599000	2.505220	16.007200	2.794697	0.000000
0	0	640	46.872500	11.002800	48.463100	16.482800	38.604354	0.000000
0	0	641	1.450810	23.239200	9.465440	-17.206200	11.080654	0.000000
0	0	642	-8.478710	-3.958680	45.413000	-9.113010	47.490958	0.000000
0	0	643	32.732600	8.528450	-47.628600	-6.340240	-39.924059	0.000000
0	0	644	59.067600	19.347500	-13.994800	10.740300	-17.939840	0.000000
0	0	645	46.172400	5.264000	6.010630	-10.247200	24.394358	0.000000
0	0	646	31.055800	-12.736800	-5.693560	7.498700	-77.957284	0.000000
0	0	647	42.863800	-1.216830	-29.582200	8.949290	-46.177734	0.000000
0	0	648	36.767700	5.304790	10.126600	19.433800	31.176168	0.000000
0	0	649	45.411300	13.471200	-48.161200	3.742690	-37.186564	0.000000
0	0	650	21.165300	-0.869656	-5.947000	26.169400	-49.159822	0.000000
0	0	651	-24.580700	6.411920	-3.444670	12.901200	-14.122993	0.000000
0	0	652	64.717800	-13.548700	4.927720	-51.368200	80.006729	0.000000
0	0	653	35.122000	4.530270	12.592300	6.921720	35.106520	0.000000
0	0	654	2.991690	-15.068400	13.677400	-12.291600	68.885182	0.000000
0	0	655	30.126600	16.528200	11.442400	18.750100	17.347342	0.000000
0	0	656	37.482700	17.323000	-15.933300	-6.189260	-21.303570	0.000000
0	0	657	26.460400	-23.573600	-11.994500	16.655000	-76.516260	0.000000
0	0	658	-2.097380	15.806100	-14.724400	31.593600	-21.485426	0.000000
0	0	659	-9.845290	-37.544100	-3.509050	-15.076300	-87.330188	0.000000
0	0	660	26.013900	-34.336300	5.327310	-14.195700	85.590410	0.000000
0	0	661	46.740100	13.761700	-30.337900	-11.253100	-32.800142	0.000000
0	0	662	26.896400	-5.208370	-5.113890	-36.544200	-67.762208	0.000000
0	0	663	53.240500	-13.963300	-9.744680	19.871600	-72.544830	0.000000
0	0	664	14.396700	39.796900	12.701900	14.379500	8.850712	0.000000
0	0	665	48.157700	-2.179040	-3.552080	28.362200	-60.763614	0.000000
0	0	666	-1.525010	-32.898700	34.263000	30.993800	66.918137	0.000000
0	0	667	-2.179860	12.313400	-2.159350	25.110800	-4.973292	0.000000
0	0	668	30.006200	47.076800	49.791600	-11.241900	23.302666	0.000000
0	0	669	26.688400	29.878900	-6.468380	-23.498200	-6.107633	0.000000
0	0	670	34.828600	17.759700	-39.745200	26.668000	-32.961526	0.000000
0	0	671	32.415600	53.607400	-12.672900	19.515800	-6.650328	0.000000
0	0	672	15.463100	7.629550	-13.471500	-29.633800	-30.237531	0.000000
0	0	673	-27.136400	-5.402230	-15.134900	-17.913900	-54.821722	0.000000
0	0	674	24.268300	25.355600	-42.490200	-17.321700	-29.586892	0.000000
0	0	675	38.685700	-6.740240	-0.343581	15.119800	-88.540948	0.000000
0	0	676	5.454840	24.234800	10.881300	9.999970	12.089917	0.000000
0	0	677	7.591300	48.495300	23.550400	18.231200	12.951122	0.000000
0	0	678	43.314900	47.276800	32.000000	8.209890	17.046343	0.000000
0	0	679	16.756600	13.023100	5.023760	43.488200	10.547250	0.000000
0	0	680	-19.894700	-0.799937	43.433000	16.465500	45.527569	0.000000
0	0	681	42.823900	36.596300	4.631340	14.058500	3.606281	0.000000
0	0	682	-14.008100	24.319100	32.880200	-2.823170	26.756176	0.000000
0	0	683	4.865360	13.615000	-6.016090	33.713900	-11.919651	0.000000
0	0	684	-9.397460	8.893350	-12.134900	-32.691600	-26.881644	0.000000
0	0	685	-3.779200	4.117520	12.234800	0.711441	35.699885	0.000000
0	0	686	-5.914500	-26.770800	2.061860	-19.060900	87.797916	0.000000
0	0	687	9.762740	-4.429850	-2.940300	-64.100700	-73.212949	0.000000
0	0	688	15.609400	16.748100	5.094090	4.842270	8.458813	0.000000
0	0	689	-16.337900	-32.007800	34.681000	-4.130700	66.352273	0.000000
0	0	690	-1.237200	7.633090	-0.142772	-22.265000	-0.535778	0.000000
0	0	691	-18.516800	10.751600	4.912070	14.897300	12.277090	0.000000
0	0	692	-22.419400	-26.954500	-14.953000	-6.555560	-75.490346	0.000000
0	0	693	-4.018460	30.394200	21.118600	23.697600	17.396238	0.000000
0	0	694	-9.921120	15.454700	21.399400	10.829600	27.081545	0.000000
0	0	695	37.511400	21.975900	-1.672200	-29.630600	-2.175695	0.000000
0	0	696	-18.229700	-3.982870	41.491200	-14.913300	47.741600	0.000000
0	0	697	44.501000	34.976700	32.780900	9.677790	21.571941	0.000000
0	0	698	26.023900	-15.931800	31.979000	-24.195300	58.241144	0.000000
0	0	699	44.533500	14.600000	12.181200	-21.114900	19.919607	0.000000
0	0	700	17.788000	44.484800	15.075300	-2.325410	9.360414	0.000000
0	0	701	-24.313500	-40.121600	22.091400	-34.927000	75.581165	0.000000
0	0	702	24.137100	-0.090930	-3.885090	-4.377090	-45.670380	0.000000
0	0	703	13.436100	17.614500	28.090700	40.310200	28.954950	0.000000
0	0	704	22.873100	-40.373100	8.393360	0.939430	84.127895	0.000000
0	0	705	9.779980	41.474100	50.323500	-24.192600	25.253184	0.000000
0	0	706	-1.313570	19.988800	45.958500	-12.784200	33.247130	0.000000
0	0	707	5.150950	9.201640	25.738900	-0.139986	35.164032	0.000000
0	0	708	21.278300	-14.285900	3.380470	-2.079910	83.343493	0.000000
0	0	709	44.714800	-32.818400	34.180000	11.119900	66.917873	0.000000
0	0	710	21.459900	-9.341840	17.943400	24.351400	58.751378	0.000000
0	0	711	-3.552150	9.186490	12.749100	-0.742225	27.112496	0.000000
0	0	712	3.455950	-27.251300	67.346600	17.071300	56.015175	0.000000
0	0	713	46.199900	-22.531400	10.173600	-11.438500	77.849701	0.000000
0	0	714	24.447200	4.453260	29.317900	14.387900	40.681522	0.000000
0	0	715	4.986280	-15.513900	24.584200	2.457860	61.127021	0.000000
0	0	716	-5.917770	6.458800	0.489638	-1.032760	2.167634	0.000000
0	0	717	33.422900	17.867800	15.335600	-0.227427	20.319439	0.000000
0	0	718	31.247800	1.135180	23.496400	-26.111600	43.617012	0.000000
0	0	719	-23.221000	0.201073	4.942740	-12.554400	43.835233	0.000000
0	0	720	25.445300	12.846300	-14.034200	-27.818200	-23.765181	0.000000
0	0	721	34.555400	9.987500	59.792600	-6.400230	40.258553	0.000000
0	0	722	23.453500	-18.447200	-1.850380	26.014100	-87.136001	0.000000
0	0	723	-19.411400	6.766210	20.579000	-6.020010	35.899775	0.000000
0	0	724	16.642000	-21.732400	63.516700	-52.810700	54.444256	0.000000
0	0	725	-0.177439	18.007500	-26.027200	-13.694100	-27.660856	0.000000
0	0	726	29.518700	24.425700	25.249400	5.535830	22.974989	0.000000
0	0	727	5.793290	23.390200	24.545800	-15.865600	23.190485	0.000000
0	0	728	-44.858000	36.200200	-6.655260	-24.714000	-5.208635	0.000000
0	0	729	0.649807	-48.065600	-24.830700	2.910940	-76.339557	0.000000
0	0	730	5.113100	42.475900	11.564400	10.270000	7.615043	0.000000
0	0	731	-3.613520	16.418500	29.275800	46.557400	30.357676	0.000000
0	0	732	2.212940	-35.687500	-27.742900	-33.600900	-71.069534	0.000000
0	0	733	-12.186400	-36.662000	5.428900	-5.314440	85.788433	0.000000
0	0	734	14.664700	12.920800	-0.293114	-2.412930	-0.649778	0.000000
0	0	735	19.320300	-0.895913	31.357700	55.142500	45.818269	0.000000
0	0	736	5.288940	27.578400	12.119000	5.251050	11.861258	0.000000
0	0	737	-3.050210	14.117900	-31.704600	10.923400	-32.998414	0.000000
0	0	738	-5.462160	33.475400	-30.876300	3.899390	-21.343569	0.000000
0	0	739	-43.706000	31.936000	28.806400	-10.632400	21.025293	0.000000
0	0	740	10.472600	-2.606200	-35.576000	-13.733300	-47.094923	0.000000
0	0	741	-56.457100	-43.284700	-12.262500	34.820900	-82.091321	0.000000
0	0	742	29.089000	-14.280200	1.550980	18.085000	86.900686	0.000000
0	0	743	-8.492290	13.887900	-18.250000	-21.148500	-26.364781	0.000000
0	0	744	11.944500	-4.635770	-16.718600	7.270700	-52.748873	0.000000
0	0	745	8.251050	8.269840	-4.741600	-6.935340	-14.914129	0.000000
0	0	746	-15.457800	22.205600	-7.675370	-19.022400	-9.533859	0.000000
0	0	747	-25.485400	-25.225000	8.579050	30.518200	80.608388	0.000000
0	0	748	13.154700	-1.118630	22.170500	-29.735100	46.444227	0.000000
0	0	749	-16.692500	-24.402500	24.318100	-4.587390	67.549627	0.000000
0	0	750	-15.653400	60.197400	7.513610	-13.038700	3.557323	0.000000
0	0	751	-4.457770	23.932500	36.118700	-10.537400	28.235635	0.000000
0	0	752	-37.243800	8.067520	-3.684870	-1.845350	-12.274364	0.000000
0	0	753	38.464300	19.106500	22.962900	-22.372600	25.118764	0.000000
0	0	754	25.149300	-25.481500	16.556600	5.224150	73.493105	0.000000
0	0	755	76.510400	43.788100	-4.025880	-31.980400	-2.626504	0.000000
0	0	756	22.390100	-14.640600	-16.064600	-6.192900	-66.172362	0.000000
0	0	757	-14.354100	26.017500	-34.463800	-17.175900	-26.475011	0.000000
0	0	758	-21.905700	13.826700	-0.434219	-4.312990	-0.899374	0.000000
0	0	759	6.622490	8.055050	13.139300	-9.345800	29.244807	0.000000
0	0	760	0.459707	12.861500	29.078000	-27.047600	33.069849	0.000000
0	0	761	-38.800500	-7.227820	32.789000	-18.808600	51.215575	0.000000
0	0	762	20.840300	27.007200	-2.479580	-21.773800	-2.622861	0.000000
0	0	763	35.787500	20.193000	-6.505660	64.545200	-8.928796	0.000000
0	0	764	16.420800	57.657200	16.559500	12.451000	8.012194	0.000000
0	0	765	-19.149400	51.000400	8.992240	-11.127300	4.999724	0.000000
0	0	766	27.483800	28.448800	-8.508710	14.360600	-8.325661	0.000000
0	0	767	1.709400	30.837600	-27.228300	7.643210	-20.721573	0.000000
0	0	768	-7.255900	3.074460	1.190170	-25.672400	10.581087	0.000000
0	0	769	-7.055750	-22.055800	41.416700	6.086730	59.018409	0.000000
0	0	770	19.454800	29.211900	7.341450	-2.864210	7.053623	0.000000
0	0	771	-2.879190	7.856430	41.777200	-12.426300	39.674802	0.000000
0	0	772	21.323400	-19.178700	2.666770	-43.150300	86.041932	0.000000
0	0	773	31.612000	-7.607540	23.606100	22.198000	53.931289	0.000000
0	0	774	16.498100	22.064600	13.844600	41.380300	16.053263	0.000000
0	0	775	-0.256990	-29.637500	39.190100	11.265300	63.549191	0.000000
0	0	776	-42.023300	-10.772700	14.442200	-7.656180	63.359964	0.000000
0	0	777	-3.445330	-25.371600	3.294890	28.821200	86.300339	0.000000
0	0	778	-2.661440	19.492900	-13.701600	-10.241600	-17.551732	0.000000
0	0	779	24.283200	17.301700	6.884450	14.054300	10.848953	0.000000
0	0	780	1.754860	12.810200	3.979040	12.965500	8.627789	0.000000
0	0	781	39.236200	16.827500	1.704640	24.336400	2.892189	0.000000
0	0	782	16.892900	-22.024100	-26.904700	-5.515900	-64.651822	0.000000
0	0	783	0.222563	16.278700	25.840500	71.633500	28.895183	0.000000
0	0	784	36.325400	-33.042800	0.392620	-6.700520	89.659617	0.000000
0	0	785	14.978700	2.906100	-5.250040	-14.034900	-30.516889	0.000000
0	0	786	-7.141300	-24.320300	24.340400	-30.840000	67.488167	0.000000
0	0	787	-1.094480	-28.974200	26.171600	-69.575400	68.954681	0.000000
0	0	788	33.568000	19.020000	48.719800	-17.553700	34.337270	0.000000
0	0	789	12.884500	-5.106320	8.999910	7.690130	59.784737	0.000000
0	0	790	-14.016400	-5.920550	17.191300	42.127900	54.501655	0.000000
0	0	791	-7.755770	15.902400	3.350730	21.768700	5.949256	0.000000
0	0	792	0.332997	42.090100	0.577635	5.480540	0.393132	0.000000
0	0	793	19.151100	3.308930	15.884900	9.439760	39.116589	0.000000
0	0	794	7.211330	3.882140	3.877460	-24.514100	22.482722	0.000000
0	0	795	7.043370	8.536380	8.099140	1.453150	21.747206	0.000000
0	0	796	25.369400	-23.618900	7.684950	38.720800	80.988258	0.000000
0	0	797	-27.884000	11.155900	3.300000	-5.001500	8.239309	0.000000
0	0	798	-21.140100	-17.565900	11.545400	-31.123000	73.342299	0.000000
0	0	799	9.876800	-29.593600	-37.091000	22.750900	-64.292566	0.000000
0	0	800	18.328200	61.180400	-2.747880	4.862890	-1.285838	0.000000
0	0	801	-4.620210	-16.261900	-16.427800	3.553370	-67.354613	0.000000
0	0	802	-0.610826	19.466200	6.283490	-7.264360	8.944774	0.000000
0	0	803	-9.966420	-2.468260	10.622800	-10.528300	51.540424	0.000000
0	0	804	29.727600	3.195850	-2.240100	-7.149450	-17.514081	0.000000
0	0	805	-17.980500	11.984500	47.163800	-8.450540	37.871336	0.000000
0	0	806	42.655000	5.643130	35.288400	31.560400	40.457247	0.000000
0	0	807	-10.510800	23.515500	24.776300	-14.233100	23.247768	0.000000
0	0	808	-34.821800	34.020600	48.458300	-37.638600	27.464435	0.000000
0	0	809	-1.273100	-17.454900	11.457000	-5.996270	73.360007	0.000000
0	0	810	-24.489500	19.303700	-23.733400	12.953600	-25.438308	0.000000
0	0	811	-24.342800	4.999720	-5.370870	10.948700	-23.524834	0.000000
0	0	812	-3.680570	-26.675400	-33.176900	-2.776160	-64.400256	0.000000
0	0	813	10.040600	-35.220400	17.366700	-17.167200	76.876360	0.000000
0	0	814	-7.425460	-15.537900	-13.085900	11.145200	-69.948087	0.000000
0	0	815	1.426130	13.390100	31.757200	-7.168500	33.568887	0.000000
0	0	816	3.444320	-26.146600	12.728500	9.770550	77.021294	0.000000
0	0	817	-13.091300	22.234800	8.477440	-1.833570	10.435149	0.000000
0	0	818	3.795790	13.002000	11.207300	-0.154473	20.380133	0.000000
0	0	819	-16.303500	7.541560	-26.719300	3.687430	-37.119103	0.000000
0	0	820	8.794250	0.390413	-1.327830	-7.232550	-36.807717	0.000000
0	0	821	-12.457300	-12.701700	-17.704400	-4.721470	-62.828430	0.000000
0	0	822	12.684500	26.608600	-32.646500	-17.398200	-25.409085	0.000000
0	0	823	-4.910560	39.586900	-30.942400	23.985900	-19.006166	0.000000
0	0	824	10.123700	-23.771500	19.681400	-13.160800	70.188624	0.000000
0	0	825	-11.032000	-1.743420	-0.190830	-18.917900	-86.876714	0.000000
0	0	826	7.889870	3.572610	34.665300	-23.737300	42.057932	0.000000
0	0	827	-1.243030	-32.059300	-1.927000	-12.997100	-88.280120	0.000000
0	0	828	2.689680	-2.667160	0.815385	2.944250	81.500468	0.000000
0	0	829	-39.297900	-5.579320	27.088100	-8.609960	50.819210	0.000000
0	0	830	16.251600	1.703520	35.005800	-20.533200	43.606980	0.000000
0	0	831	25.735000	-16.825600	-5.712890	13.335300	-80.622911	0.000000
0	0	832	-37.176700	-21.501600	-10.204300	25.571400	-77.305883	0.000000
0	0	833	-8.479140	-11.553200	3.045780	-22.002400	82.615548	0.000000
0	0	834	-2.867820	-46.348900	-19.638900	10.206500	-78.518357	0.000000
0	0	835	22.082400	-10.127600	-27.911900	-7.205370	-54.971440	0.000000
0	0	836	29.831100	-38.982700	-26.426400	-14.563700	-72.933313	0.000000
0	0	837	-31.714600	-35.687900	20.792900	-6.999420	74.886784	0.000000
0	0	838	-4.807020	-29.323100	-21.358500	-21.701400	-71.965487	0.000000
0	0	839	6.460070	-10.168600	-11.708300	-8.494200	-65.487076	0.000000
0	0	840	-9.462690	-17.696300	23.545000	-17.841600	63.464167	0.000000
0	0	841	-13.793500	8.506640	-23.656800	-14.120100	-35.111078	0.000000
0	0	842	-10.357800	1.544870	17.609200	1.310500	42.493115	0.000000
0	0	843	-15.270200	-14.793000	-29.043800	-22.268400	-58.495650	0.000000
0	0	844	-6.782600	-56.048500	18.542200	4.745310	80.847268	0.000000
0	0	845	-4.254980	-58.857600	9.419700	-2.778670	85.453683	0.000000
0	0	846	-19.812600	-19.328000	12.146500	4.993240	73.926539	0.000000
0	0	847	-44.131900	-13.302300	-24.632400	3.360310	-59.185247	0.000000
0	0	848	-11.477800	-4.655560	-7.156870	-2.302980	-61.522046	0.000000
0	0	849	-1.059420	-22.119600	-18.144000	29.178900	-70.319534	0.000000
0	0	850	-26.029600	-11.756100	-8.626750	-8.080920	-71.864193	0.000000
0	0	851	17.331700	-7.171650	-40.491700	-2.168650	-50.021866	0.000000
0	0	852	-31.289300	-30.174900	-25.633500	8.463560	-69.826092	0.000000
0	0	853	-24.540900	-27.903600	-25.561600	5.312550	-68.754096	0.000000
0	0	854	-8.013340	6.118480	-5.158650	6.563160	-20.067556	0.000000
0	0	855	-23.199200	-21.586100	-21.792000	5.109350	-67.364020	0.000000
0	0	856	2.658850	-15.374400	2.246490	17.615600	85.843418	0.000000
0	0	857	-29.093000	5.702090	4.076990	17.797600	17.782370	0.000000
0	0	858	39.205200	44.790400	-22.607400	-0.594772	-13.390898	0.000000
0	0	859	-11.737100	2.435970	-9.858750	-42.295200	-38.060471	0.000000
0	0	860	-20.901000	-11.878200	-36.254200	26.045900	-54.070343	0.000000
0	0	861	34.768500	9.072530	-29.972300	15.362700	-36.579543	0.000000
0	0	862	-2.386470	-22.860300	-67.176500	-21.199100	-54.396772	0.000000
0	0	863	7.553910	-25.627700	-21.535800	-9.695180	-69.979279	0.000000
0	0	864	-3.644200	-51.994100	-23.219600	19.414700	-77.967674	0.000000
0	0	865	24.068400	-38.515400	-18.112000	8.479410	-77.407291	0.000000
0	0	866	1.007880	25.094100	-6.407470	3.614890	-7.161859	0.000000
0	0	867	-18.113800	-13.661500	0.157884	16.952500	89.668935	0.000000
0	0	868	-33.686100	-0.289030	-44.975400	-7.890120	-45.184100	0.000000
0	0	869	-4.276000	25.035800	8.320500	18.243900	9.191961	0.000000
0	0	870	31.360600	18.841300	-12.187300	-1.315740	-16.448195	0.000000
0	0	871	2.827410	2.995870	1.311360	-1.816160	11.820041	0.000000
0	0	872	10.103400	6.807590	-18.898900	-4.933560	-35.095213	0.000000
0	0	873	-13.005200	-14.343800	-18.290500	-12.804800	-64.052149	0.000000
0	0	874	0.318413	16.858400	10.541600	8.414640	16.008923	0.000000
0	0	875	1.343640	19.756800	14.723700	9.160070	18.347609	0.000000
0	0	876	27.130400	16.396500	-32.875000	43.480600	-31.746071	0.000000
0	0	877	33.022300	-13.585500	7.019010	42.388400	76.338329	0.000000
0	0	878	-8.747820	12.039700	0.858355	6.467730	2.038965	0.000000
0	0	879	-28.442600	-8.287720	-30.740600	15.426700	-52.544153	0.000000
0	0	880	12.572900	12.597300	-12.499700	13.979100	-22.388591	0.000000
0	0	881	-2.954810	-1.842240	10.037700	32.920500	50.199937	0.000000
0	0	882	1.426710	27.985300	-14.390300	8.168680	-13.606323	0.000000
0	0	883	46.125100	20.662600	6.390260	80.718200	8.592556	0.000000
0	0	884	28.692000	41.497900	-13.679800	11.192500	-9.122413	0.000000
0	0	885	-2.074460	-15.572200	-43.524100	-50.921600	-54.843183	0.000000
0	0	886	24.754200	15.639300	11.176300	-22.564200	17.775353	0.000000
0	0	887	14.686000	9.708300	-1.742590	39.590700	-5.087969	0.000000
0	0	888	-10.729400	33.752500	-24.018200	4.452030	-17.717783	0.000000
0	0	889	29.410300	-5.311710	8.253560	-11.086300	61.381976	0.000000
0	0	890	21.502600	2.707710	8.657510	15.670600	36.316241	0.000000
0	0	891	-11.939600	-16.803800	-2.592610	25.309600	-85.614579	0.000000
0	0	892	16.969600	39.829100	42.924700	-1.824340	23.571142	0.000000
0	0	893	20.539200	11.717600	35.571700	9.794770	35.883854	0.000000
0	0	894	21.086400	5.030200	11.726300	24.250700	33.391123	0.000000
0	0	895	41.971900	-27.461800	-0.134364	-13.378800	-89.859834	0.000000
0	0	896	17.097000	-15.146300	21.387700	-29.138800	62.652645	0.000000
0	0	897	-4.765830	14.019300	16.401000	25.304900	24.738366	0.000000
0	0	898	29.581200	21.602700	-7.480740	23.617200	-9.550159	0.000000
0	0	899	17.539000	-37.556600	21.316200	2.858120	75.210912	0.000000
0	0	900	17.598300	22.080300	31.181200	10.582900	27.348299	0.000000
0	0	901	47.137000	5.995970	24.753800	-3.869310	38.191915	0.000000
0	0	902	-1.010020	17.775600	22.305600	2.029070	25.724119	0.000000
0	0	903	14.686100	18.303500	-5.238230	-6.284370	-7.985226	0.000000
0	0	904	13.614400	-3.904920	15.132800	30.910400	52.234581	0.000000
0	0	905	10.712000	-6.284140	-11.353600	17.901700	-59.482114	0.000000
0	0	906	-8.590440	3.062340	0.083232	47.928800	0.778438	0.000000
0	0	907	-2.426790	-33.157600	-1.985460	35.558900	-88.286625	0.000000
0	0	908	-8.737250	-41.000100	-2.879210	30.939000	-87.991515	0.000000
0	0	909	32.886900	-1.988150	-18.074500	34.321700	-48.138579	0.000000
0	0	910	26.669100	25.171700	5.420350	32.434700	6.076115	0.000000
0	0	911	-20.613600	21.155900	-19.387600	11.865900	-21.251317	0.000000
0	0	912	-4.976760	-4.724780	-20.212600	38.957900	-51.578444	0.000000
0	0	913	39.526100	7.479440	-11.432200	7.014470	-28.402776	0.000000
0	0	914	3.576600	1.723550	-19.241700	-8.474140	-42.440733	0.000000
0	0	915	7.484330	-42.664700	-21.112600	24.248400	-76.835761	0.000000
0	0	916	20.526600	27.084500	-16.521300	-2.423140	-15.691407	0.000000
0	0	917	18.716000	-47.352200	-32.130700	-13.006400	-72.920629	0.000000
0	0	918	29.056400	-10.710700	-16.571800	67.311100	-61.437715	0.000000
0	0	919	41.877100	21.427600	-6.750410	3.665150	-8.743085	0.000000
0	0	920	19.282300	-5.061030	-0.683264	22.692300	-86.155637	0.000000
0	0	921	-0.381353	18.916100	-61.983500	25.637900	-36.514440	0.000000
0	0	922	-4.342350	22.584100	-37.547900	22.275900	-29.487085	0.000000
0	0	923	55.754400	-9.265250	-3.480300	30.559600	-79.706173	0.000000
0	0	924	9.211350	5.210690	-0.985829	-0.489587	-5.356682	0.000000
0	0	925	47.245400	51.537400	-13.536100	5.546510	-7.358069	0.000000
0	0	926	-14.996600	-0.802281	20.083000	9.557060	46.143825	0.000000
0	0	927	11.280500	22.061800	-4.737040	27.491300	-6.059186	0.000000
0	0	928	39.557100	11.509900	20.710800	46.301600	30.468576	0.000000
0	0	929	16.353400	13.397100	-23.836600	26.714800	-30.331157	0.000000
0	0	930	-6.075290	-10.092700	-10.472600	17.714000	-66.970852	0.000000
0	0	931	34.399700	-9.793170	-4.093370	6.757470	-78.657972	0.000000
0	0	932	-5.860850	9.114340	-38.874100	28.353800	-38.402443	0.000000
0	0	933	23.677800	35.328900	3.791260	13.584900	3.062578	0.000000
0	0	934	32.931000	34.691600	-2.533850	27.647300	-2.088713	0.000000
0	0	935	-15.339700	5.869200	-34.279000	9.997210	-40.142056	0.000000
0	0	936	37.573100	-10.777600	-35.687500	35.932400	-53.402140	0.000000
0	0	937	23.429400	15.834500	23.016100	-23.664500	27.736501	0.000000
0	0	938	49.745400	29.672700	-9.528360	-30.668200	-8.901311	0.000000
0	0	939	63.458500	24.123300	-1.214460	45.500500	-1.441029	0.000000
0	0	940	25.454600	-12.704800	-19.158600	8.563490	-61.774940	0.000000
0	0	941	51.414300	0.390803	-15.700100	49.117400	-44.287051	0.000000
0	0	942	49.335100	34.249400	-3.069850	11.312600	-2.560931	0.000000
0	0	943	-4.860380	32.010800	7.907000	14.502900	6.937457	0.000000
0	0	944	17.349400	41.590900	-41.068800	-17.918800	-22.319055	0.000000
0	0	945	27.680900	67.750500	6.874670	20.926000	2.896997	0.000000
0	0	946	44.441700	62.905400	-17.165400	-52.332300	-7.631536	0.000000
0	0	947	12.582500	-48.125900	-25.465400	29.759600	-76.057418	0.000000
0	0	948	50.594100	18.113300	-8.477730	-0.219167	-12.540712	0.000000
0	0	949	-9.923610	12.689500	-28.831500	45.712600	-33.122223	0.000000
0	0	950	-2.066890	17.318100	4.885760	-34.425800	7.877376	0.000000
0	0	951	28.922400	28.957000	32.027300	32.697600	23.941083	0.000000
0	0	952	9.141350	32.534600	-8.203230	-6.202270	-7.075756	0.000000
0	0	953	-30.768100	36.733500	-0.697140	22.810000	-0.543623	0.000000
0	0	954	44.551100	46.886800	18.402000	14.149900	10.714438	0.000000
0	0	955	16.044800	-8.240490	-22.290500	20.316500	-55.144329	0.000000
0	0	956	31.607800	40.348700	9.495620	-9.902780	6.621476	0.000000
0	0	957	72.801400	39.825700	-57.294200	-2.825250	-27.598249	0.000000
0	0	958	23.046800	1.233950	-53.579300	25.066800	-44.340346	0.000000
0	0	959	35.689700	42.475200	-21.839300	-22.313300	-13.605341	0.000000
0	0	960	12.723200	28.557300	9.634940	-17.683500	9.321934	0.000000
0	0	961	37.843500	-16.763500	27.279100	27.110200	60.785738	0.000000
0	0	962	59.044200	19.681700	1.359440	-4.993860	1.975608	0.000000
0	0	963	3.783930	35.628000	5.313660	2.301880	4.241363	0.000000
0	0	964	24.637700	53.162700	20.471300	0.400480	10.530071	0.000000
0	0	965	-2.814370	43.560600	24.447200	12.812400	14.651066	0.000000
0	0	966	23.529600	17.287500	49.674800	-4.297930	35.405707	0.000000
0	0	967	-27.752600	49.647600	-9.855540	8.567830	-5.613908	0.000000
0	0	968	39.184300	34.297400	-26.249500	-11.547500	-18.714310	0.000000
0	0	969	41.287100	14.357200	-27.629200	-63.773600	-31.270934	0.000000
0	0	970	16.112800	40.870700	-25.148700	-7.919940	-15.802480	0.000000
0	0	971	31.745700	57.241100	-55.168700	40.150400	-21.971904	0.000000
0	0	972	34.767200	91.875300	16.820900	-5.966230	5.187519	0.000000
0	0	973	38.864100	-13.759700	-0.641488	-24.887900	-88.665379	0.000000
0	0	974	59.246800	44.425100	-22.996400	6.614790	-13.684043	0.000000
0	0	975	15.490400	0.837364	-38.463200	-53.034100	-44.376419	0.000000
0	0	976	7.516810	20.452500	-7.072520	-37.793000	-9.537750	0.000000
0	0	977	63.135500	-33.317500	-10.868700	-30.462100	-80.966424	0.000000
0	0	978	21.931100	17.367400	-14.450300	-8.183310	-19.880836	0.000000
0	0	979	-8.745160	4.035080	-15.523200	-20.278700	-37.714538	0.000000
0	0	980	4.528380	35.363800	-15.425000	-1.796670	-11.782946	0.000000
0	0	981	40.916400	41.113900	-7.490550	9.416600	-5.162739	0.000000
0	0	982	48.426300	29.366300	-16.575600	-30.866600	-14.721124	0.000000
0	0	983	59.571400	26.205000	10.518100	-40.386300	10.934710	0.000000
0	0	984	52.957400	0.173107	-32.039400	33.663800	-44.845219	0.000000
0	0	985	53.743500	-1.646340	-13.342300	-7.247540	-48.517157	0.000000
0	0	986	28.972800	1.923370	-17.906500	-4.283330	-41.934630	0.000000
0	0	987	77.001800	11.719800	-14.848800	-27.155700	-25.858409	0.000000
0	0	988	33.345800	10.087700	5.983330	-23.889300	15.336752	0.000000
0	0	989	78.180700	-25.137700	-5.284790	10.969800	-84.063700	0.000000
0	0	990	53.209900	-3.066710	-10.949100	-23.325100	-52.823457	0.000000
0	0	991	32.661900	-0.959448	15.772800	-67.774900	46.740486	0.000000
0	0	992	45.184500	29.548500	-4.080370	-17.467300	-3.931142	0.000000
0	0	993	38.404100	40.940300	-6.294780	5.872570	-4.370533	0.000000
0	0	994	66.762100	-17.386100	2.126960	-38.309600	86.512637	0.000000
0	0	995	61.965800	32.805100	-27.014300	44.042300	-19.735364	0.000000
0	0	996	78.843500	21.871900	-12.001600	-35.923600	-14.377280	0.000000
0	0	997	43.284700	19.531800	-10.465600	-28.192900	-14.091729	0.000000
0	0	998	35.015600	-7.056410	9.305010	32.469400	63.587344	0.000000
0	0	999	83.016800	-15.104100	-5.644900	-39.962100	-79.753814	0.000000
0	0	1000	53.043500	-4.634270	-28.805100	-92.005200	-49.569818	0.000000
0	0	1001	53.411900	22.109600	-13.477500	-25.996600	-15.682759	0.000000
0	0	1002	61.497600	-0.093036	-14.152700	-16.602200	-45.188322	0.000000
0	0	1003	8.285440	8.810730	-48.383300	-22.449900	-39.839687	0.000000
0	0	1004	67.400500	20.600700	-35.084500	5.143350	-29.789830	0.000000
0	0	1005	101.854000	21.941100	-26.457700	-27.369200	-25.165715	0.000000
0	0	1006	49.778300	25.845700	-60.161000	-16.006700	-33.375605	0.000000
0	0	1007	74.074600	-35.137100	-44.892100	-15.429100	-64.025164	0.000000
0	0	1008	45.125000	32.595500	-3.304630	-62.850600	-2.894519	0.000000
0	0	1009	55.260600	27.475300	-70.106500	-21.200600	-34.299694	0.000000
0	0	1010	40.293900	15.824100	-13.423500	-38.215400	-20.153882	0.000000
0	0	1011	99.946800	10.342000	-39.935600	-47.531200	-37.740620	0.000000
0	0	1012	65.670500	-3.798680	-59.709400	-3.434660	-46.820110	0.000000
0	0	1013	59.147600	-1.740050	-91.765700	-13.297700	-45.543153	0.000000
0	0	1014	82.938000	-28.763300	-44.542800	-65.303000	-61.426080	0.000000
0	0	1015	39.389900	-18.706500	-16.093400	-65.773900	-69.647120	0.000000
0	0	1016	53.428900	9.175770	-57.703200	-19.947200	-40.482333	0.000000
0	0	1017	89.364000	40.631700	-56.879500	-18.687300	-27.229999	0.000000
0	0	1018	98.223300	-16.280800	-60.713900	-22.850400	-52.505529	0.000000
0	0	1019	61.357500	1.338960	-33.572500	-42.453600	-43.858052	0.000000
0	0	1020	92.702000	-24.063000	-14.975800	-19.912600	-74.051801	0.000000
0	0	1021	78.821200	-16.870600	-11.113000	-1.804320	-73.313154	0.000000
0	0	1022	109.149000	-43.842200	-8.338410	-29.186500	-84.615724	0.000000
0	0	1023	89.608000	4.402330	-25.689000	-56.177000	-40.137834	0.000000
