0	0	0	38.710900	23.422000	-62.370700	9.193590	-34.708696	0.000000
0	0	1	22.217800	1.283070	1.204610	0.289421	21.596761	0.000000
0	0	2	13.956400	-20.279500	-20.165300	-10.860400	-67.580890	0.000000
0	0	3	10.836700	12.890000	10.555400	15.372500	19.656729	0.000000
0	0	4	69.503900	-19.501600	8.495190	-19.311600	78.230668	0.000000
0	0	5	45.317700	-26.909900	-12.885600	-15.238600	-77.206463	0.000000
0	0	6	48.961400	-42.239000	-21.313700	-9.950700	-76.612298	0.000000
0	0	7	37.475600	-10.739600	1.989030	-23.409400	84.753707	0.000000
0	0	8	26.319600	-12.137500	19.622500	-0.426562	60.869434	0.000000
0	0	9	73.496700	-35.795800	-24.201500	13.753900	-72.968709	0.000000
0	0	10	-2.099320	-16.019800	-9.392330	-44.703000	-74.808557	0.000000
0	0	11	47.135200	20.758400	2.326260	-9.756770	3.197046	0.000000
0	0	12	49.771800	23.122100	-12.714500	27.249600	-14.402871	0.000000
0	0	13	5.513180	-29.359800	-29.559300	-0.186332	-67.402999	0.000000
0	0	14	25.607200	0.587306	-39.161200	-0.458850	-44.570396	0.000000
0	0	15	39.855600	18.034900	-11.425900	-43.097700	-16.178026	0.000000
0	0	16	51.237200	-45.028300	-17.784100	-4.830280	-79.224134	0.000000
0	0	17	5.125780	-43.879800	-2.140040	13.083400	-88.603934	0.000000
0	0	18	18.309600	5.369960	-55.477000	-16.195100	-42.235607	0.000000
0	0	19	31.179300	-54.602700	-3.929670	8.410700	-87.941805	0.000000
0	0	20	35.698000	11.141300	-38.661200	0.507798	-36.962096	0.000000
0	0	21	22.869400	11.743700	-37.680700	-32.671100	-36.344824	0.000000
0	0	22	46.644200	6.727990	-11.457600	-35.633800	-29.789110	0.000000
0	0	23	44.695600	32.092100	-31.750500	-40.350000	-22.346716	0.000000
0	0	24	29.754400	20.425400	-21.177900	-47.262200	-23.018112	0.000000
0	0	25	2.818990	-28.112900	-52.222600	-21.427600	-59.147417	0.000000
0	0	26	44.129600	-54.591600	-11.142200	-23.537100	-84.232157	0.000000
0	0	27	-51.976200	14.656500	-21.066500	-6.599910	-27.586341	0.000000
0	0	28	10.066600	12.950700	87.600300	-34.126900	40.795195	0.000000
0	0	29	16.674500	-32.721200	28.541500	2.276270	69.451503	0.000000
0	0	30	-11.853900	-18.035400	-33.244600	-6.672400	-59.240052	0.000000
0	0	31	-2.338250	-20.429600	17.392200	-2.542280	69.795733	0.000000
0	0	32	3.200780	-18.570300	-9.737160	-8.707110	-76.165079	0.000000
0	0	33	24.822000	-3.190420	2.564100	-26.862000	70.605801	0.000000
0	0	34	47.804200	-28.712900	-66.161100	16.548200	-56.730051	0.000000
0	0	35	66.585300	-15.208200	-11.749600	-49.682000	-71.155464	0.000000
0	0	36	46.858900	-6.005300	-42.447600	-32.888500	-49.026257	0.000000
0	0	37	38.928100	-23.876500	-58.571600	-55.747800	-56.089044	0.000000
0	0	38	3.319310	-9.773040	-39.999500	15.961700	-51.865015	0.000000
0	0	39	-9.249640	-32.021600	16.529700	-14.906800	76.348503	0.000000
0	0	40	-19.592000	9.710090	-30.357000	21.994600	-36.131217	0.000000
0	0	41	-25.568000	21.014800	21.681700	-2.450320	22.947431	0.000000
0	0	42	24.675400	13.444700	20.270300	24.881400	28.222421	0.000000
0	0	43	6.462890	-32.493900	-6.362820	24.270800	-84.460383	0.000000
0	0	44	32.383500	-25.361100	0.060793	-3.178800	89.931328	0.000000
0	0	45	28.967000	-48.847000	-6.570270	-11.811700	-86.169644	0.000000
0	0	46	33.861400	-10.562100	-22.079100	-37.430700	-57.782655	0.000000
0	0	47	41.828600	6.416810	3.224380	-40.835200	13.339525	0.000000
0	0	48	0.806718	-29.768000	-7.683510	-1.956850	-82.763549	0.000000
0	0	49	21.288300	-29.847100	16.273000	-46.422600	75.700124	0.000000
0	0	50	59.674200	-7.742590	-52.357800	-37.247000	-49.205924	0.000000
0	0	51	25.380200	-27.316200	-12.552800	6.091810	-77.659738	0.000000
0	0	52	38.989700	-30.855500	-23.426000	-6.020940	-71.396819	0.000000
0	0	53	70.365700	11.116200	-9.235800	-21.667400	-19.860604	0.000000
0	0	54	56.166000	-35.496500	0.916185	-15.241700	89.260746	0.000000
0	0	55	41.183600	-24.084600	-10.209100	48.986000	-78.514321	0.000000
0	0	56	-16.102000	-23.807400	10.974500	12.091000	77.625855	0.000000
0	0	57	17.286100	-25.716800	15.173200	-7.083690	74.729460	0.000000
0	0	58	-19.117100	-12.388600	-3.345610	8.702670	-82.443730	0.000000
0	0	59	-36.561900	-26.869000	-42.208400	4.230690	-61.239996	0.000000
0	0	60	-8.014840	9.629480	1.330630	-22.640100	3.933739	0.000000
0	0	61	-9.915880	-3.998060	10.987900	35.711800	54.997218	0.000000
0	0	62	-18.333900	-23.292100	-36.196800	5.826500	-61.380338	0.000000
0	0	63	2.926860	7.747020	-67.459000	-30.194400	-41.724414	0.000000
0	0	64	31.418300	-58.984000	-23.213000	-18.123000	-79.259005	0.000000
0	0	65	67.053700	-16.772500	-63.400000	3.329730	-52.409079	0.000000
0	0	66	61.560300	-9.268770	-28.843100	-1.848500	-53.907440	0.000000
0	0	67	41.100000	-11.001700	-21.089300	-32.403700	-58.774897	0.000000
0	0	68	46.330400	21.192000	-17.716800	40.250400	-19.948041	0.000000
0	0	69	5.438980	-55.362200	4.911340	-45.115500	87.465199	0.000000
0	0	70	20.349000	43.877500	16.675900	11.941400	10.404793	0.000000
0	0	71	-10.851300	3.610150	-13.501400	-3.897470	-37.514928	0.000000
0	0	72	2.707410	-15.802400	-5.191110	23.014700	-80.907289	0.000000
0	0	73	1.062740	-9.331850	14.130800	-8.170410	61.720202	0.000000
0	0	74	27.359500	-7.932460	-27.448400	12.394300	-53.059524	0.000000
0	0	75	95.642400	8.102140	-8.843400	18.049400	-23.752365	0.000000
0	0	76	9.930280	-6.364180	7.374230	17.919300	65.397585	0.000000
0	0	77	23.456900	28.681600	-11.881700	0.453330	-11.251187	0.000000
0	0	78	48.153200	-11.974100	-41.478100	-22.334600	-53.051314	0.000000
0	0	79	32.286400	-2.692860	-22.859700	-5.534700	-48.359224	0.000000
0	0	80	22.656400	6.362460	-46.556200	-27.127900	-41.109028	0.000000
0	0	81	50.645300	18.063800	-58.846100	-40.854200	-36.467626	0.000000
0	0	82	62.097400	-47.009000	-37.093400	-3.499730	-70.862041	0.000000
0	0	83	30.411900	-22.681700	-27.286800	-10.744900	-64.867246	0.000000
0	0	84	43.970700	-8.654950	-71.651200	-25.143800	-48.443775	0.000000
0	0	85	58.903300	-31.507300	-39.208300	-4.921510	-64.392462	0.000000
0	0	86	57.535700	5.679240	-18.853400	33.464100	-36.618019	0.000000
0	0	87	28.704600	-40.589700	-3.542430	-24.486300	-87.506100	0.000000
0	0	88	59.305400	24.122200	-23.037100	13.715100	-21.840950	0.000000
0	0	89	69.296100	-40.838800	-63.565000	26.108900	-61.359826	0.000000
0	0	90	36.573200	0.021283	-20.781500	1.874570	-44.970660	0.000000
0	0	91	54.066200	-25.967200	-20.695900	-15.400400	-70.722549	0.000000
0	0	92	71.642500	-0.033987	-48.511500	21.667200	-45.020071	0.000000
0	0	93	60.101600	-5.569370	-31.157300	17.224500	-50.067296	0.000000
0	0	94	37.864900	19.594200	11.077600	-12.687800	14.740845	0.000000
0	0	95	49.321900	-34.221700	-46.212100	15.477100	-63.260631	0.000000
0	0	96	69.831600	11.806000	-71.267400	29.574300	-40.296965	0.000000
0	0	97	87.115000	15.171400	-32.190900	24.550900	-32.382874	0.000000
0	0	98	53.210900	14.863100	-31.004900	18.171000	-32.193958	0.000000
0	0	99	55.721200	8.224600	-73.461000	5.522100	-41.805920	0.000000
0	0	100	18.194100	5.364560	-50.175500	27.697500	-41.948676	0.000000
0	0	101	24.577300	-11.481300	-50.742300	-24.994400	-51.374726	0.000000
0	0	102	39.722200	-19.505200	-33.857000	15.163900	-59.973238	0.000000
0	0	103	-2.239670	-6.747530	-3.129190	3.632680	-77.560163	0.000000
0	0	104	-26.709700	20.277000	15.616500	5.463510	18.800982	0.000000
0	0	105	-41.844300	2.875590	-25.547200	-17.327300	-41.788912	0.000000
0	0	106	-29.270400	4.356920	7.290050	-0.455021	29.567612	0.000000
0	0	107	-32.950000	-38.320200	-9.840950	5.054900	-82.798601	0.000000
0	0	108	-19.478200	-39.612900	-10.266800	0.835573	-82.734949	0.000000
0	0	109	62.206400	13.560500	-29.133900	7.256040	-32.520086	0.000000
0	0	110	68.218000	1.557090	-44.338600	6.133140	-43.994352	0.000000
0	0	111	97.932200	-15.041800	-12.301900	-11.831200	-70.361033	0.000000
0	0	112	55.450300	6.343990	-40.517500	-11.700900	-40.550608	0.000000
0	0	113	83.107800	33.087800	-32.822200	20.452900	-22.384557	0.000000
0	0	114	76.679800	-47.244600	-30.824400	42.614800	-73.438925	0.000000
0	0	115	59.609300	-48.518500	-41.282000	-2.938150	-69.803589	0.000000
0	0	116	80.199200	-9.096140	-41.210100	-11.030600	-51.223544	0.000000
0	0	117	95.350800	-12.340900	-52.523200	26.557000	-51.611215	0.000000
0	0	118	75.482000	-20.641200	-9.455000	24.933500	-77.694584	0.000000
0	0	119	29.603000	-13.161300	-13.864600	29.929600	-66.754659	0.000000
0	0	120	71.326900	-8.109070	-22.281200	16.338800	-54.999292	0.000000
0	0	121	35.317000	7.696460	-26.105500	21.485900	-36.786678	0.000000
0	0	122	-0.036529	25.569800	-37.663800	-16.293000	-27.913789	0.000000
0	0	123	0.985918	5.345460	3.300220	-15.819000	15.845331	0.000000
0	0	124	114.787000	-13.081400	-15.768300	28.861700	-64.839570	0.000000
0	0	125	88.668500	-10.197300	-35.536100	34.462500	-53.005577	0.000000
0	0	126	64.205800	4.600530	-10.367200	22.502900	-33.035176	0.000000
0	0	127	61.025600	-4.326790	-0.165131	8.677070	-88.907190	0.000000
0	0	128	53.715900	-56.821900	-19.394900	18.381600	-80.576897	0.000000
0	0	129	107.950000	-18.985000	-15.949900	28.147600	-69.982659	0.000000
0	0	130	77.637900	14.080900	-49.347900	35.767400	-37.037232	0.000000
0	0	131	93.147500	28.287600	-41.677300	-11.163700	-27.917058	0.000000
0	0	132	109.672000	-7.665060	-30.602100	46.905200	-52.030927	0.000000
0	0	133	65.868800	-15.638600	-41.308000	25.343400	-55.367964	0.000000
0	0	134	53.671700	-15.478200	-57.922000	18.305300	-52.480637	0.000000
0	0	135	9.261660	-4.090300	-38.031700	-12.217200	-48.069276	0.000000
0	0	136	-35.847000	-12.877700	-18.267000	21.789400	-62.591358	0.000000
0	0	137	-20.406200	-0.029840	-14.956000	-6.181670	-45.057158	0.000000
0	0	138	-39.429300	7.078020	-11.862100	8.129740	-29.587906	0.000000
0	0	139	-37.970600	1.300440	-33.992400	-24.849600	-43.904558	0.000000
0	0	140	26.025500	5.248130	-9.053670	12.264100	-29.950234	0.000000
0	0	141	95.183200	9.744000	-6.954670	55.602300	-17.758460	0.000000
0	0	142	85.002700	-21.767200	-34.028600	25.535100	-61.302989	0.000000
0	0	143	78.121100	3.149470	-43.018000	34.295000	-42.906342	0.000000
0	0	144	84.751700	-39.495600	-3.686850	20.025000	-87.333493	0.000000
0	0	145	72.153900	15.318500	-17.947800	35.089000	-24.759573	0.000000
0	0	146	87.935400	6.316440	-37.904300	10.766600	-40.269533	0.000000
0	0	147	102.651000	-13.937600	-59.623200	22.918700	-51.578639	0.000000
0	0	148	126.574000	8.331720	-55.150400	6.764770	-40.704567	0.000000
0	0	149	87.875800	1.327400	-25.121000	26.630500	-43.487645	0.000000
0	0	150	87.883900	-0.062328	-29.777600	28.400300	-45.059964	0.000000
0	0	151	109.638000	-35.099800	-42.136300	67.834800	-64.897254	0.000000
0	0	152	84.439400	-12.167900	-21.028400	2.682020	-60.027723	0.000000
0	0	153	76.162800	-33.445100	-11.152400	11.792300	-80.779416	0.000000
0	0	154	18.823000	3.750630	33.213300	-42.982800	41.778569	0.000000
0	0	155	-16.267700	-0.298677	22.898400	17.167300	45.373650	0.000000
0	0	156	54.657600	-17.238600	12.755000	-19.923700	71.750959	0.000000
0	0	157	87.058500	-22.901700	-32.768300	78.589200	-62.474812	0.000000
0	0	158	119.247000	12.979300	-34.793600	38.859800	-34.771312	0.000000
0	0	159	88.181000	-0.718172	-44.454400	28.224300	-45.462774	0.000000
0	0	160	57.706000	-7.990910	10.375900	41.867000	63.800678	0.000000
0	0	161	88.273100	-5.019480	-12.907000	20.109700	-55.625428	0.000000
0	0	162	110.747000	-18.647400	-39.607900	51.056000	-57.605529	0.000000
0	0	163	88.562200	-8.663770	-61.070500	36.320900	-49.037195	0.000000
0	0	164	86.536800	2.052000	8.573150	24.067000	38.269691	0.000000
0	0	165	70.451300	1.914130	-13.578900	32.894500	-40.988125	0.000000
0	0	166	82.803300	0.863469	-23.593000	18.390300	-43.951997	0.000000
0	0	167	45.328200	-10.883400	4.965650	12.824200	77.737363	0.000000
0	0	168	-25.091300	-9.730530	-30.089700	-41.700500	-53.960191	0.000000
0	0	169	-10.261100	-11.817600	-9.934680	2.525340	-69.973651	0.000000
0	0	170	-4.696250	-10.615300	-28.462100	-33.521700	-55.226818	0.000000
0	0	171	10.836600	-19.633800	-5.434010	1.959560	-82.264804	0.000000
0	0	172	-11.343300	11.172100	10.290500	38.409300	21.323917	0.000000
0	0	173	63.103100	20.443500	-17.418900	35.522500	-20.216341	0.000000
0	0	174	63.922900	-5.298160	-24.367400	15.220700	-51.133396	0.000000
0	0	175	151.393000	-19.798100	-38.658500	48.944000	-58.559128	0.000000
0	0	176	93.397100	4.780940	15.230500	56.961200	36.286316	0.000000
0	0	177	157.354000	-10.347300	-40.875300	38.302700	-52.102805	0.000000
0	0	178	99.766600	-34.795900	-10.018100	70.198100	-81.969171	0.000000
0	0	179	119.355000	1.782510	-0.252167	12.176000	-4.026026	0.000000
0	0	180	113.944000	-35.782000	-9.280020	33.822400	-82.730368	0.000000
0	0	181	132.993000	-25.067000	12.856500	18.671900	76.423686	0.000000
0	0	182	123.285000	11.812100	-15.824700	76.687500	-26.630538	0.000000
0	0	183	92.414800	21.363000	11.340500	52.999800	13.980748	0.000000
0	0	184	124.611000	-38.112800	14.943000	8.498590	79.295597	0.000000
0	0	185	97.872400	-12.585400	-12.056900	9.491550	-68.114313	0.000000
0	0	186	112.099000	-30.593400	-19.393800	72.559700	-73.814265	0.000000
0	0	187	126.035000	-9.274670	-12.230700	12.561500	-63.586715	0.000000
0	0	188	80.978200	-19.442500	3.467860	27.121600	84.943398	0.000000
0	0	189	133.486000	-8.238700	-18.979900	-0.572745	-56.732230	0.000000
0	0	190	100.208000	-10.225400	-3.956750	51.448200	-79.422950	0.000000
0	0	191	119.219000	14.913100	1.173040	42.802000	2.248766	0.000000
0	0	192	125.528000	-27.604900	-20.796700	13.745000	-71.503366	0.000000
0	0	193	104.420000	25.391000	-32.546000	35.601700	-26.020083	0.000000
0	0	194	149.296000	-37.554200	-11.876000	21.640200	-81.225578	0.000000
0	0	195	163.052000	-5.680900	16.308500	20.513600	54.602631	0.000000
0	0	196	122.412000	23.831000	-31.417600	1.547290	-26.409407	0.000000
0	0	197	83.124700	-16.360300	22.328100	29.411400	63.115535	0.000000
0	0	198	114.177000	10.107800	27.421900	18.637700	34.882976	0.000000
0	0	199	141.199000	12.305500	-8.188450	5.886190	-16.820495	0.000000
0	0	200	14.335200	-8.839110	10.636100	6.522420	64.864105	0.000000
0	0	201	-63.504300	-10.350200	-4.207120	-32.579300	-78.939690	0.000000
0	0	202	-7.990370	-12.593100	26.922400	9.835360	57.534050	0.000000
0	0	203	-24.533700	-21.401400	-14.978400	-24.004000	-72.506308	0.000000
0	0	204	63.230000	-6.691620	10.783300	42.194700	60.910918	0.000000
0	0	205	99.835700	32.789100	9.116560	52.956600	7.768931	0.000000
0	0	206	181.012000	-54.170600	7.880150	42.997500	85.861644	0.000000
0	0	207	146.871000	5.937090	-4.417560	34.350000	-18.325758	0.000000
0	0	208	136.985000	-22.560000	-9.036880	2.398020	-79.085198	0.000000
0	0	209	207.636000	-38.750300	31.011100	70.299600	70.665201	0.000000
0	0	210	206.832000	-43.769500	9.315930	48.395200	83.992213	0.000000
0	0	211	171.493000	-27.624000	20.437200	58.050700	71.752335	0.000000
0	0	212	151.849000	-19.357500	-20.827600	39.462800	-66.452435	0.000000
0	0	213	211.973000	-8.253150	1.362980	21.856700	85.311218	0.000000
0	0	214	233.376000	7.442780	25.177200	22.229500	36.765742	0.000000
0	0	215	194.520000	-32.154100	5.718810	8.485810	84.957520	0.000000
0	0	216	188.835000	-21.929200	-30.213400	17.115900	-62.986268	0.000000
0	0	217	117.793000	5.250480	-10.521300	21.963400	-31.739636	0.000000
0	0	218	-2.418680	20.539600	-27.981500	24.661900	-26.859881	0.000000
0	0	219	37.553800	-26.294900	23.013100	24.700300	69.403914	0.000000
0	0	220	14.177800	3.113540	12.460100	-8.939000	37.985092	0.000000
0	0	221	129.594000	42.252600	-35.041100	48.427600	-19.834868	0.000000
0	0	222	217.354000	2.578920	-25.620900	26.008900	-42.126073	0.000000
0	0	223	134.627000	27.167000	-11.435600	21.926900	-11.414017	0.000000
0	0	224	167.695000	24.416100	-15.068900	16.443400	-15.840833	0.000000
0	0	225	191.512000	58.775900	-53.042600	1.326000	-21.032414	0.000000
0	0	226	145.260000	21.720200	-30.693300	-9.277240	-27.357379	0.000000
0	0	227	186.625000	41.439400	-26.041700	-20.649000	-16.073212	0.000000
0	0	228	182.624000	1.864040	-29.290800	-28.613100	-43.179329	0.000000
0	0	229	197.626000	-4.457810	-66.782100	29.719400	-46.909459	0.000000
0	0	230	217.497000	22.861800	-20.458200	13.881100	-20.912107	0.000000
0	0	231	195.213000	24.459200	-22.547400	-14.698000	-21.335507	0.000000
0	0	232	208.202000	23.739600	-13.246400	40.106500	-14.580485	0.000000
0	0	233	168.880000	37.439600	-40.339000	35.743900	-23.567430	0.000000
0	0	234	16.594100	-21.099500	-10.094500	37.422300	-77.216222	0.000000
0	0	235	52.575100	8.904980	-35.364800	-28.866500	-37.933272	0.000000
0	0	236	40.516700	27.102500	-8.754670	-29.242900	-8.950767	0.000000
0	0	237	10.875800	-36.089300	0.410179	-3.059960	89.674412	0.000000
0	0	238	18.283000	-2.383320	-12.520300	1.954670	-50.388839	0.000000
0	0	239	129.767000	-17.806700	-56.949300	10.655100	-53.681615	0.000000
0	0	240	141.742000	-19.577600	-89.185800	37.075400	-51.190449	0.000000
0	0	241	226.784000	38.137500	-97.007000	14.085900	-34.269070	0.000000
0	0	242	224.234000	10.958800	-66.633400	-1.400030	-40.330255	0.000000
0	0	243	225.409000	6.268420	-45.648200	8.688880	-41.090517	0.000000
0	0	244	229.436000	1.443200	-46.799500	-3.083780	-44.116838	0.000000
0	0	245	237.089000	1.659340	-57.283200	-23.491500	-44.170380	0.000000
0	0	246	239.393000	21.399900	-82.908300	4.707400	-37.763489	0.000000
0	0	247	250.201000	-17.401600	-71.813400	4.785610	-51.810593	0.000000
0	0	248	203.745000	-5.620280	-30.926900	17.227000	-50.149919	0.000000
0	0	249	106.854000	21.396200	13.908100	6.364780	16.512470	0.000000
0	0	250	9.487060	-4.883810	9.461380	33.146900	58.651022	0.000000
0	0	251	5.355600	10.726700	-7.033840	35.022900	-16.627068	0.000000
0	0	252	2.335480	-46.449700	3.913270	-21.171100	87.592173	0.000000
0	0	253	121.483000	-43.913600	-51.898500	3.190940	-65.118013	0.000000
0	0	254	248.446000	-26.833200	-85.130900	38.052300	-53.747407	0.000000
0	0	255	236.881000	-13.012000	-110.986000	-20.438200	-48.343416	5.790330
0	0	256	291.739000	4.946340	-57.678900	-7.548490	-42.549254	0.000000
0	0	257	284.004000	15.505800	-38.574700	-34.707400	-34.050722	0.000000
0	0	258	244.139000	-8.034640	-50.399400	8.820870	-49.528918	0.000000
0	0	259	251.323000	3.544160	-66.456400	-30.482600	-43.473637	0.000000
0	0	260	248.343000	-10.553200	-65.486600	9.063060	-49.577270	0.000000
0	0	261	210.500000	24.892800	-71.057800	2.540210	-35.346871	0.000000
0	0	262	267.826000	13.608700	-80.478900	-25.786600	-40.201138	0.000000
0	0	263	259.450000	14.184500	-78.388200	14.698200	-39.871601	0.000000
0	0	264	247.884000	45.547900	-102.330000	24.117500	-33.002886	5.651690
0	0	265	225.622000	12.336400	-81.403000	10.350400	-40.691277	0.000000
0	0	266	252.108000	-6.378570	-61.411200	-24.120000	-47.964926	0.000000
0	0	267	270.622000	20.810400	-68.886000	22.223800	-36.595240	0.000000
0	0	268	246.062000	14.866400	-48.189000	-6.736230	-36.427452	0.000000
0	0	269	263.539000	7.756060	-64.956600	-34.931300	-41.595454	0.000000
0	0	270	213.401000	5.515300	-90.577300	21.447200	-43.257766	0.000000
0	0	271	257.288000	50.040400	-107.493000	-1.578350	-32.518483	5.328900
0	0	272	296.483000	34.411900	-128.840000	16.612500	-37.522965	4.815560
0	0	273	282.834000	-9.626630	-127.887000	28.826000	-47.152396	5.050880
0	0	274	267.187000	-3.001960	-136.110000	2.552570	-45.631738	4.761460
0	0	275	256.351000	36.212300	-109.506000	2.845530	-35.850789	5.542310
0	0	276	269.932000	53.254800	-101.195000	34.206000	-31.121999	5.493660
0	0	277	268.653000	-1.151190	-89.587200	35.436800	-45.368103	0.000000
0	0	278	229.730000	1.564770	-70.408000	60.623100	-44.363425	0.000000
0	0	279	271.864000	11.782700	-65.871100	-5.762240	-39.929234	0.000000
0	0	280	223.645000	18.571700	-69.744700	51.540200	-37.544603	0.000000
0	0	281	259.507000	19.666600	-113.777000	62.049000	-40.096602	5.591670
0	0	282	175.329000	5.127650	-22.427600	85.837700	-38.560871	0.000000
0	0	283	28.395300	-30.274200	-35.102600	23.046200	-65.388046	0.000000
0	0	284	61.811900	-3.103500	-34.964600	-18.610500	-47.536175	0.000000
0	0	285	35.158500	42.528400	7.715340	20.826900	5.141275	0.000000
0	0	286	20.258800	-42.108500	-24.039700	42.110800	-75.138999	0.000000
0	0	287	37.348300	-27.820800	-32.509800	16.783800	-65.277903	0.000000
0	0	288	124.119000	28.020000	-55.657800	100.147000	-31.638893	0.000000
0	0	289	231.787000	34.334600	-87.143700	78.434000	-34.247785	0.000000
0	0	290	245.847000	-2.866810	-0.483223	44.736700	-85.216144	0.000000
0	0	291	214.182000	33.327600	43.960100	66.469000	26.416518	0.000000
0	0	292	204.628000	11.915500	16.427500	64.660800	27.022587	0.000000
0	0	293	126.287000	34.092400	24.498200	63.948100	17.850180	0.000000
0	0	294	49.178500	-14.019300	-48.975200	8.185700	-52.986965	0.000000
0	0	295	27.128200	29.800400	-7.671960	40.302600	-7.218501	0.000000
0	0	296	-19.944000	0.062625	57.729600	-25.854900	44.968923	0.000000
0	0	297	-13.911800	30.538800	51.134600	36.870500	29.576673	0.000000
0	0	298	57.337800	48.493300	10.159900	9.242620	5.916483	0.000000
0	0	299	89.699400	1.991110	29.153700	21.450500	43.046469	0.000000
0	0	300	178.614000	33.113400	47.294900	13.577200	27.501157	0.000000
0	0	301	166.442000	29.352800	39.009200	35.585400	26.520031	0.000000
0	0	302	160.161000	57.379400	48.867900	47.578100	20.209900	0.000000
0	0	303	178.084000	45.559700	74.555900	36.311900	29.285844	0.000000
0	0	304	236.985000	48.195900	84.588200	34.776600	30.163383	0.000000
0	0	305	213.462000	32.908900	68.277800	44.536000	32.133307	0.000000
0	0	306	198.422000	29.329600	75.644900	46.627600	34.403662	0.000000
0	0	307	231.480000	36.740100	77.782100	30.014000	32.358229	0.000000
0	0	308	192.140000	12.183900	84.102100	51.081900	40.878444	0.000000
0	0	309	185.430000	5.886750	84.854700	44.465800	43.015747	0.000000
0	0	310	193.013000	56.871800	86.344400	56.385800	28.314305	0.000000
0	0	311	201.955000	43.135800	89.823200	54.681100	32.174141	0.000000
0	0	312	188.146000	7.917820	104.444000	56.087800	42.832371	0.000000
0	0	313	75.199400	-9.803890	57.247000	68.033100	49.858985	0.000000
0	0	314	19.332700	-19.223200	24.413900	29.363400	64.108227	0.000000
0	0	315	21.288600	19.532600	5.173600	49.863300	7.417634	0.000000
0	0	316	19.823600	14.906800	49.068700	24.085000	36.550754	0.000000
0	0	317	-6.977190	-4.380270	31.167400	-12.844900	48.999980	0.000000
0	0	318	184.292000	-27.505400	49.662000	87.514700	59.489983	0.000000
0	0	319	180.577000	-34.489000	74.968800	29.416400	57.352272	0.000000
0	0	320	217.845000	-9.602180	75.847300	46.043300	48.607598	0.000000
0	0	321	201.551000	-42.536700	57.460000	24.897200	63.255971	0.000000
0	0	322	183.816000	-44.610500	42.379600	27.658200	68.234527	0.000000
0	0	323	84.836500	3.009290	14.241800	10.546900	39.034455	0.000000
0	0	324	24.305600	-0.197504	7.596010	-5.348250	45.744707	0.000000
0	0	325	25.400800	21.034400	8.989970	-9.094970	11.570779	0.000000
0	0	326	6.731860	21.127600	42.045000	-2.986400	31.660243	0.000000
0	0	327	26.040000	-17.187700	34.447200	-20.087700	58.258631	0.000000
0	0	328	69.752200	-23.228900	66.640700	29.873000	54.608492	0.000000
0	0	329	155.905000	-67.265300	28.634900	53.740400	78.470250	0.000000
0	0	330	202.914000	-81.322600	8.344300	-1.305860	87.070766	0.000000
0	0	331	176.784000	-64.718100	13.144500	7.598440	84.259584	0.000000
0	0	332	165.570000	-74.619300	19.709300	-8.683780	82.602142	0.000000
0	0	333	41.397200	-27.888000	9.581060	17.421000	80.519794	0.000000
0	0	334	7.211260	-26.897900	26.222800	27.744600	67.864061	0.000000
0	0	335	-16.782000	11.433300	-27.572400	17.935200	-33.738971	0.000000
0	0	336	72.634300	-17.857400	-10.363700	11.170800	-74.935442	0.000000
0	0	337	197.061000	-20.387400	-0.105339	-31.633500	-89.851981	0.000000
0	0	338	217.761000	-66.447400	-18.021900	-17.717300	-82.412632	0.000000
0	0	339	168.094000	-74.473700	-11.755700	-49.139600	-85.514927	0.000000
0	0	340	151.067000	-80.792200	-5.486060	-41.966800	-88.057694	0.000000
0	0	341	146.577000	-28.328600	30.469700	8.762560	66.457267	0.000000
0	0	342	41.226200	-35.507800	11.534600	-7.236350	81.001885	0.000000
0	0	343	37.209800	-11.090800	-33.497400	4.281520	-54.159708	0.000000
0	0	344	20.017100	1.661570	6.044890	-9.911020	37.315288	0.000000
0	0	345	14.588600	-28.666400	-11.545300	-9.928750	-79.031524	0.000000
0	0	346	-6.591720	-18.872100	3.079360	22.233300	85.366359	0.000000
0	0	347	44.228100	-38.558800	1.924210	27.409300	88.571562	0.000000
0	0	348	158.056000	-79.007400	15.979300	-47.330500	84.283063	0.000000
0	0	349	189.070000	-55.818300	-4.328950	-27.498800	-87.782671	0.000000
0	0	350	181.333000	-58.263300	-19.051300	-63.547500	-80.946483	0.000000
0	0	351	159.151000	-56.539300	16.195700	-44.499700	82.007812	0.000000
0	0	352	119.189000	-36.989700	-3.244650	-10.551200	-87.493490	0.000000
0	0	353	131.344000	-23.715400	-3.125970	-73.974900	-86.245514	0.000000
0	0	354	166.846000	-71.369100	-10.378600	-43.797000	-85.862981	0.000000
0	0	355	176.974000	-58.679700	-2.692230	-75.918400	-88.686553	0.000000
0	0	356	194.440000	-52.344800	11.408400	-85.941300	83.852410	0.000000
0	0	357	150.179000	-62.515000	9.867910	-69.914200	85.514974	0.000000
0	0	358	130.069000	-27.200700	1.475730	-111.848000	88.447277	0.000000
0	0	359	148.116000	-23.730900	-6.717670	-39.156500	-82.097203	0.000000
0	0	360	109.462000	-39.504300	-1.394400	-52.000700	-88.989223	0.000000
0	0	361	128.632000	0.784576	51.265900	-39.156700	44.561605	0.000000
0	0	362	120.854000	-9.148580	-1.019570	-55.974400	-86.820436	0.000000
0	0	363	108.824000	-4.208240	0.294472	-53.487500	87.998623	0.000000
0	0	364	136.315000	-20.402500	-13.568100	-54.664400	-73.187621	0.000000
0	0	365	109.077000	-4.034410	-25.472500	-36.313000	-49.499959	0.000000
0	0	366	108.558000	-22.589800	26.990500	-45.689000	64.963887	0.000000
0	0	367	134.496000	-30.145600	27.423400	-71.913400	68.853632	0.000000
0	0	368	146.818000	-2.728120	-27.016600	-57.627000	-47.883074	0.000000
0	0	369	123.112000	-32.947900	10.309900	-60.180400	81.312152	0.000000
0	0	370	114.534000	-28.135700	-23.480300	-74.162800	-70.076866	0.000000
0	0	371	100.859000	-31.839300	7.416360	-41.851100	83.443921	0.000000
0	0	372	96.664000	-30.396300	5.037310	-48.304800	85.295198	0.000000
0	0	373	104.262000	14.623400	-3.675070	-52.192800	-7.053549	0.000000
0	0	374	121.448000	-35.442700	-0.817223	-39.039500	-89.339566	0.000000
0	0	375	96.721000	-27.635000	0.266171	-66.436100	89.724082	0.000000
0	0	376	80.800100	-31.903000	-25.404200	-41.858500	-70.734932	0.000000
0	0	377	119.157000	-14.293200	16.792200	-83.118600	65.201897	0.000000
0	0	378	118.269000	-48.287600	-11.169000	-67.209100	-83.488213	0.000000
0	0	379	133.427000	-28.855400	-0.609917	-50.673200	-89.394559	0.000000
0	0	380	86.475400	-1.694370	51.672500	-45.751200	45.939044	0.000000
0	0	381	90.920000	-42.205100	-16.873500	-15.741000	-79.104293	0.000000
0	0	382	121.026000	-9.643980	-10.832300	-44.764900	-65.839312	0.000000
0	0	383	102.119000	3.470170	-25.555700	-40.975800	-41.133594	0.000000
0	0	384	85.596000	-6.941830	31.832400	-19.588900	51.151069	0.000000
0	0	385	81.149600	-46.764500	13.964200	-31.438000	81.687007	0.000000
0	0	386	107.486000	-10.251700	6.916700	-75.275700	72.996464	0.000000
0	0	387	112.329000	-20.512100	15.322300	-80.011600	71.620348	0.000000
0	0	388	122.354000	-31.073900	0.107269	-18.054400	89.901106	0.000000
0	0	389	88.002500	-31.020800	2.817650	-48.722400	87.405005	0.000000
0	0	390	87.455400	-1.078420	-19.547400	-46.419100	-46.578889	0.000000
0	0	391	88.677800	-25.794600	8.277080	-78.070800	81.104692	0.000000
0	0	392	114.951000	-12.691700	28.499300	-21.391000	57.002512	0.000000
0	0	393	44.977000	12.665700	-4.852730	-25.710000	-10.481905	0.000000
0	0	394	74.570900	-44.482100	-5.360240	-16.416800	-86.564400	0.000000
0	0	395	53.782700	-8.886540	16.988300	-5.379420	58.806980	0.000000
0	0	396	79.762900	-1.278250	1.696320	-2.049870	63.499797	0.000000
0	0	397	74.887600	4.166860	30.118800	-30.234200	41.061637	0.000000
0	0	398	79.237100	-27.212900	7.278810	-18.333600	82.512637	0.000000
0	0	399	22.400900	-23.574400	-16.049900	-27.726500	-72.876111	0.000000
0	0	400	47.892400	-20.154500	18.953700	-1.843650	68.379345	0.000000
0	0	401	-0.924418	-1.444390	19.305200	0.775970	47.139412	0.000000
0	0	402	-32.818400	5.546270	18.799600	2.666080	36.781426	0.000000
0	0	403	-0.354807	26.089500	-3.590240	-1.798620	-3.917700	0.000000
0	0	404	2.844340	-38.155500	20.852700	-48.072900	75.671282	0.000000
0	0	405	-13.288100	13.414900	-8.820540	-22.909900	-16.662823	0.000000
0	0	406	66.131200	-26.586500	-15.855100	-40.247500	-74.594940	0.000000
0	0	407	140.181000	-58.677800	41.796200	-36.260200	72.268864	0.000000
0	0	408	113.016000	0.879479	-26.647700	-50.696800	-44.054850	0.000000
0	0	409	58.799800	-28.751400	15.989800	-60.465000	75.459910	0.000000
0	0	410	69.023300	-10.910400	-15.255800	-27.818600	-62.785494	0.000000
0	0	411	91.408700	4.033100	2.604840	-35.661000	16.428510	0.000000
0	0	412	92.646100	-61.552200	-22.948600	-16.180500	-79.776480	0.000000
0	0	413	50.406500	-35.001300	-38.421100	18.155000	-66.166629	0.000000
0	0	414	17.230400	-13.949600	-46.586900	7.137420	-53.334686	0.000000
0	0	415	11.737100	-7.049550	-18.468000	-1.505780	-55.446353	0.000000
0	0	416	-16.118400	-21.546300	13.482800	24.207200	73.981669	0.000000
0	0	417	-27.685800	20.559800	23.604700	5.831830	24.471994	0.000000
0	0	418	6.959520	18.106200	20.079200	10.459000	23.978892	0.000000
0	0	419	20.295100	-32.469000	-31.016700	-48.244000	-68.155235	0.000000
0	0	420	97.844300	-32.572600	7.985470	-37.508500	83.112549	0.000000
0	0	421	17.037600	-51.037300	-14.115400	-31.375100	-82.270069	0.000000
0	0	422	44.900800	4.987070	-36.745600	-24.913300	-41.135554	0.000000
0	0	423	35.898300	-36.924800	-5.291450	-11.123100	-85.922420	0.000000
0	0	424	20.413800	-25.776900	-51.625200	12.843100	-58.266673	0.000000
0	0	425	36.271600	14.021400	-0.798216	-21.643100	-1.629120	0.000000
0	0	426	34.032700	0.499486	-14.643000	-37.284400	-44.023173	0.000000
0	0	427	72.635700	-10.625800	8.621770	-6.589510	70.472069	0.000000
0	0	428	69.397400	-12.555300	-32.344900	-33.412200	-55.607344	0.000000
0	0	429	30.090900	-30.964600	-20.148900	0.265340	-73.473821	0.000000
0	0	430	80.647900	-40.499100	-28.019900	-11.680500	-72.661003	0.000000
0	0	431	-6.010400	31.499500	-19.525400	-25.332500	-15.896638	0.000000
0	0	432	7.259080	0.856951	-39.559200	-11.951400	-44.379512	0.000000
0	0	433	8.526430	-2.557200	-15.521500	-44.168200	-49.677779	0.000000
0	0	434	31.858000	17.958800	3.081090	19.875300	4.867568	0.000000
0	0	435	21.084700	2.769990	15.281000	-49.767200	39.862774	0.000000
0	0	436	23.644700	-34.237500	15.246800	-7.605250	77.997708	0.000000
0	0	437	67.772800	19.088300	-24.514500	-33.286400	-26.046884	0.000000
0	0	438	33.170300	3.250420	-30.198500	23.935100	-41.928306	0.000000
0	0	439	35.968700	-24.305000	-38.527200	21.671200	-61.122951	0.000000
0	0	440	65.007900	-8.344550	26.012300	14.537400	53.892925	0.000000
0	0	441	18.548200	-12.354500	-19.218800	11.743600	-61.367146	0.000000
0	0	442	-3.378000	-12.488500	-56.181500	6.536000	-51.266213	0.000000
0	0	443	77.457700	47.840200	22.950100	0.779925	12.814080	0.000000
0	0	444	34.961700	-2.621080	-23.115000	-8.152690	-48.234655	0.000000
0	0	445	110.853000	-35.182800	12.990400	-10.268300	79.867275	0.000000
0	0	446	34.119800	-1.369670	-31.667800	-12.979300	-46.238284	0.000000
0	0	447	28.714500	10.256200	-22.844800	-42.292800	-32.911124	0.000000
0	0	448	66.340800	-15.673400	-18.183100	-1.133810	-65.380278	0.000000
0	0	449	-1.579900	33.894400	-43.903800	-10.215700	-26.165657	0.000000
0	0	450	44.410300	4.167870	22.394300	2.640200	39.728568	0.000000
0	0	451	24.123200	19.121800	-24.533900	-19.367700	-26.033518	0.000000
0	0	452	35.845700	-18.747500	-18.454700	-15.873900	-67.725469	0.000000
0	0	453	10.750300	12.907100	13.711800	33.106200	23.365773	0.000000
0	0	454	18.512700	15.381900	34.597600	-25.568100	33.015168	0.000000
0	0	455	19.739300	-18.073600	-19.800500	5.806040	-66.194681	0.000000
0	0	456	25.916800	6.402460	-0.592178	32.430600	-2.642191	0.000000
0	0	457	30.769600	9.092740	-16.650600	-25.765700	-30.680725	0.000000
0	0	458	1.019050	-26.656600	21.422600	12.488500	70.606435	0.000000
0	0	459	35.432200	6.983940	-3.354900	-0.100155	-12.829199	0.000000
0	0	460	33.056500	-4.300150	-11.759600	-42.550200	-55.043012	0.000000
0	0	461	31.208500	-32.084900	-19.429500	6.815370	-74.401180	0.000000
0	0	462	15.808700	27.951000	-27.661500	22.447400	-22.350870	0.000000
0	0	463	14.784300	-17.707400	-13.464800	-6.706700	-71.375225	0.000000
0	0	464	-9.169330	-18.399900	15.995600	-4.112250	69.499281	0.000000
0	0	465	-1.070710	-12.803300	22.008300	-15.071500	60.094324	0.000000
0	0	466	33.893800	-25.949100	41.442600	-6.292880	61.026279	0.000000
0	0	467	22.596300	-9.939010	-9.329940	-4.198390	-68.405226	0.000000
0	0	468	-12.489000	36.823900	17.179300	26.218100	12.505133	0.000000
0	0	469	-19.081700	8.241280	5.829690	12.997300	17.637351	0.000000
0	0	470	28.079900	10.545700	-29.238300	16.213400	-35.083294	0.000000
0	0	471	-2.892660	-19.896800	-3.319610	-2.809640	-85.263969	0.000000
0	0	472	10.489900	24.288500	-30.722300	-21.128700	-25.835368	0.000000
0	0	473	32.021300	-43.452800	-43.335400	13.702600	-67.538753	0.000000
0	0	474	8.520290	7.227670	4.451890	-3.731190	15.815515	0.000000
0	0	475	22.120500	-34.291200	-16.268900	2.067550	-77.309381	0.000000
0	0	476	5.462690	4.679730	-15.299800	-25.109600	-36.496384	0.000000
0	0	477	16.103500	-53.887000	-20.859500	-5.958730	-79.419363	0.000000
0	0	478	34.133400	-6.662050	-23.610500	-7.272320	-52.878597	0.000000
0	0	479	-4.778120	20.987300	-37.733300	20.571800	-30.458572	0.000000
0	0	480	13.857100	-11.616000	-4.452700	-16.580100	-79.513468	0.000000
0	0	481	9.160410	-28.091800	15.087700	-14.228000	75.880198	0.000000
0	0	482	1.785190	-18.505100	39.478200	4.521890	57.557235	0.000000
0	0	483	-13.669000	21.692800	-35.324800	10.947900	-29.223051	0.000000
0	0	484	2.385130	-33.895800	0.781777	-21.929400	89.339379	0.000000
0	0	485	-0.783642	-12.675700	7.121340	63.949700	75.336135	0.000000
0	0	486	14.627400	14.005100	33.150500	3.647850	33.548694	0.000000
0	0	487	2.217790	0.786694	33.703500	-18.838400	44.331433	0.000000
0	0	488	-9.698970	-42.545300	-17.931600	5.995360	-78.573000	0.000000
0	0	489	-31.314900	-15.217600	-5.938700	-18.796600	-79.340841	0.000000
0	0	490	-23.352000	0.904145	12.334900	3.184640	42.903866	0.000000
0	0	491	-29.321900	-38.160100	-16.250300	28.076400	-78.466749	0.000000
0	0	492	7.662720	10.564400	-0.883891	-3.674970	-2.391312	0.000000
0	0	493	-34.603600	13.063000	-28.228200	-29.107700	-32.583495	0.000000
0	0	494	8.376310	-11.334000	9.070180	6.570500	70.665504	0.000000
0	0	495	-0.787794	41.610900	20.197900	19.433500	12.945951	0.000000
0	0	496	-27.845700	40.133500	-0.473948	-15.482200	-0.338295	0.000000
0	0	497	3.352240	12.620100	-32.246800	14.225000	-34.313312	0.000000
0	0	498	-16.773900	21.584600	6.161230	32.655900	7.965582	0.000000
0	0	499	8.379770	-6.579920	-22.805800	5.526230	-53.046943	0.000000
0	0	500	30.705100	-11.230500	12.186700	17.787300	66.330864	0.000000
0	0	501	26.664900	11.955700	-9.328940	-37.523300	-18.982320	0.000000
0	0	502	-0.351415	23.443800	-6.701510	-27.602400	-7.976405	0.000000
0	0	503	29.415700	2.756280	17.927600	-34.393700	40.629748	0.000000
0	0	504	-18.352800	0.781770	9.377590	-7.475660	42.617256	0.000000
0	0	505	12.338700	-10.348900	-41.588800	-17.069000	-51.986799	0.000000
0	0	506	-30.581500	1.617330	-30.236600	-8.644030	-43.469108	0.000000
0	0	507	-17.386400	21.103000	33.639600	1.956890	28.949439	0.000000
0	0	508	8.300170	-2.866010	-0.392661	-0.377629	-86.099348	0.000000
0	0	509	-6.006590	16.099400	20.474200	22.510100	25.910551	0.000000
0	0	510	11.567000	34.752200	-17.864200	-13.369900	-13.602605	0.000000
0	0	511	27.908700	50.569900	24.751100	2.677460	13.039564	0.000000
0	0	512	10.383600	-25.829300	-7.805810	-16.923100	-81.592393	0.000000
0	0	513	16.103200	22.821400	0.937441	27.594000	1.176116	0.000000
0	0	514	57.647500	-18.311300	10.503700	-12.509600	75.080311	0.000000
0	0	515	8.577520	-15.330900	-12.106800	-34.054900	-70.850938	0.000000
0	0	516	21.309900	-10.916200	-24.359500	-10.314700	-57.069269	0.000000
0	0	517	-16.414500	-17.586600	28.126300	-0.229384	61.008303	0.000000
0	0	518	10.740100	3.477120	-36.060500	-11.675500	-42.246152	0.000000
0	0	519	45.561300	-4.101510	6.370940	-22.065500	61.386396	0.000000
0	0	520	1.386910	-34.069300	4.764810	-19.702200	86.019229	0.000000
0	0	521	17.330200	26.025300	-6.493810	18.701100	-7.005154	0.000000
0	0	522	16.382600	22.144800	-25.034300	-9.757260	-24.252361	0.000000
0	0	523	24.859400	8.462940	8.606660	28.167400	22.741199	0.000000
0	0	524	-17.782100	-35.402300	-34.938200	-21.115500	-67.689013	0.000000
0	0	525	-7.457530	16.436900	3.721860	32.664200	6.379260	0.000000
0	0	526	-11.478800	-13.443200	2.907440	9.993030	83.898133	0.000000
0	0	527	8.806160	-25.723500	-30.370200	4.534540	-65.132267	0.000000
0	0	528	-21.918600	-31.328000	-20.558800	-16.408900	-73.362684	0.000000
0	0	529	5.420130	-10.707500	7.389530	12.796600	72.694706	0.000000
0	0	530	-45.467700	29.990600	-23.288500	-9.842760	-18.915146	0.000000
0	0	531	-11.460500	14.821900	-18.041900	6.967340	-25.297994	0.000000
0	0	532	11.991500	33.360500	13.666300	-4.681340	11.138356	0.000000
0	0	533	16.468800	-5.705020	-10.228500	-35.393100	-59.575455	0.000000
0	0	534	21.683000	27.906600	38.969100	-17.569800	27.196372	0.000000
0	0	535	16.971900	0.711770	11.890800	-7.670630	43.287213	0.000000
0	0	536	-29.488200	-22.816500	9.774070	-25.314700	78.405404	0.000000
0	0	537	0.577099	-43.807100	-0.834161	1.131860	-89.454562	0.000000
0	0	538	5.412820	-13.429700	36.804200	-32.575700	55.023408	0.000000
0	0	539	-1.954310	-47.596400	-17.885100	8.444200	-79.702748	0.000000
0	0	540	-8.981780	-9.055290	-9.971460	-17.412400	-66.121621	0.000000
0	0	541	-18.850500	35.724600	-17.980200	-9.292630	-13.358062	0.000000
0	0	542	-8.055020	-24.426300	-6.595140	-24.169700	-82.445170	0.000000
0	0	543	41.918100	-15.664000	-0.089188	15.172500	-89.836887	0.000000
0	0	544	30.965200	-21.322700	7.327100	20.637700	80.517894	0.000000
0	0	545	36.492500	34.061900	6.931660	14.458300	5.751363	0.000000
0	0	546	-1.634630	-15.697200	-3.333080	-25.415500	-84.006047	0.000000
0	0	547	17.239900	27.921300	-9.933300	11.803700	-9.791779	0.000000
0	0	548	16.239900	-11.073400	20.294800	-6.942710	59.309047	0.000000
0	0	549	-1.844060	-24.207500	-3.593670	1.950670	-85.777977	0.000000
0	0	550	-22.691300	12.293800	22.777300	30.666300	30.821264	0.000000
0	0	551	-26.148900	-3.083590	-11.064200	-14.129200	-52.786571	0.000000
0	0	552	-12.616900	25.784600	-7.102530	12.780300	-7.700277	0.000000
0	0	553	19.767500	-11.430400	26.062200	-6.566040	56.840685	0.000000
0	0	554	12.649300	-1.851980	42.883200	6.394910	46.236437	0.000000
0	0	555	29.655400	-30.560600	-12.891100	-8.954130	-78.564483	0.000000
0	0	556	-11.090000	-17.894200	7.524560	16.345000	78.596557	0.000000
0	0	557	-30.092400	7.326010	8.051370	6.815520	23.850337	0.000000
0	0	558	24.784100	-28.837000	15.264200	14.479400	76.053263	0.000000
0	0	559	1.608610	43.331100	-2.212680	-12.012900	-1.461620	0.000000
0	0	560	3.073870	5.465000	-11.953300	20.665100	-32.715157	0.000000
0	0	561	0.485189	1.130660	-14.621100	-35.630800	-42.789039	0.000000
0	0	562	-9.874350	-15.863100	0.729943	-19.977800	88.682692	0.000000
0	0	563	-25.577100	-17.563800	26.159200	-18.970700	61.939093	0.000000
0	0	564	45.917100	25.380200	10.178700	1.216410	10.926598	0.000000
0	0	565	-39.096200	-15.087000	-18.319200	10.460000	-64.736789	0.000000
0	0	566	3.035320	-17.600600	-16.776600	4.052920	-68.186541	0.000000
0	0	567	29.597500	-14.539700	-15.844900	13.562800	-66.270158	0.000000
0	0	568	24.765300	-11.230300	-20.919000	-16.518800	-59.114494	0.000000
0	0	569	-14.991000	-12.032500	-28.379500	6.526440	-56.488123	0.000000
0	0	570	-1.702290	-5.399270	-20.919300	6.123320	-52.236098	0.000000
0	0	571	15.850600	38.294900	18.834300	6.115510	13.094503	0.000000
0	0	572	9.540320	25.251900	3.063990	14.935800	3.459139	0.000000
0	0	573	-7.745140	11.314600	-3.410160	-2.119540	-8.386263	0.000000
0	0	574	19.418600	-10.902700	10.565100	10.566900	67.950476	0.000000
0	0	575	-19.429400	-34.296600	-37.150600	-7.051480	-66.356251	0.000000
0	0	576	-15.856800	-3.839190	-8.093560	3.462340	-57.688690	0.000000
0	0	577	-12.122000	-15.480400	1.463790	7.527930	87.299154	0.000000
0	0	578	-40.176000	-30.741400	46.133900	-20.068800	61.838785	0.000000
0	0	579	16.609300	14.897300	7.569710	48.767100	13.468161	0.000000
0	0	580	-5.608420	-14.501200	-0.411235	-19.963000	-89.187801	0.000000
0	0	581	3.158050	-0.460052	7.274350	6.709380	46.809370	0.000000
0	0	582	10.666000	-5.480790	16.384300	1.956760	54.247924	0.000000
0	0	583	8.085880	-30.081400	-13.642100	4.077230	-77.802708	0.000000
0	0	584	3.641000	-2.371930	-7.289880	34.344100	-54.011744	0.000000
0	0	585	31.937800	-14.105900	14.101400	4.466070	67.504570	0.000000
0	0	586	13.794100	11.428400	-1.036760	27.179200	-2.591781	0.000000
0	0	587	-4.077300	-11.807400	24.106900	3.984440	58.047653	0.000000
0	0	588	-7.912080	15.994200	29.749600	-45.764500	30.868154	0.000000
0	0	589	22.452800	29.501300	-12.090800	-30.487500	-11.142880	0.000000
0	0	590	-20.317800	20.081600	0.154205	9.089360	0.219981	0.000000
0	0	591	-19.360300	30.989800	-5.398760	-18.822900	-4.941185	0.000000
0	0	592	-35.962200	48.190200	-44.879300	-0.854322	-21.481296	0.000000
0	0	593	6.935170	-18.040800	-5.031380	12.182600	-82.208400	0.000000
0	0	594	-15.276500	-14.064200	27.270300	-5.798050	58.640831	0.000000
0	0	595	-21.010600	22.303300	-0.014388	2.747560	-0.018481	0.000000
0	0	596	-30.188300	-14.129100	-27.320500	14.185600	-58.673124	0.000000
0	0	597	3.747100	-3.519210	14.325400	6.174830	51.901045	0.000000
0	0	598	-13.144100	-1.599380	3.275740	-3.764660	58.011971	0.000000
0	0	599	-18.831600	39.080700	3.561920	-24.357000	2.603851	0.000000
0	0	600	-9.650690	26.789300	11.094700	8.076530	11.248365	0.000000
0	0	601	-1.588090	25.540700	5.495160	-23.255000	6.071131	0.000000
0	0	602	14.545600	1.595450	31.366700	32.458200	43.544095	0.000000
0	0	603	25.243900	9.728630	-5.165720	17.721400	-13.983732	0.000000
0	0	604	-0.902420	0.972194	42.121700	2.196140	44.338907	0.000000
0	0	605	11.975500	-5.336620	-6.819220	-11.986200	-64.023102	0.000000
0	0	606	-8.914370	-16.421400	5.083010	43.030500	81.400418	0.000000
0	0	607	11.282400	-21.486300	10.246700	-11.451700	77.251889	0.000000
0	0	608	32.773700	7.736240	-34.680100	11.498900	-38.712338	0.000000
0	0	609	8.753330	-33.025700	-6.780930	26.844200	-84.198562	0.000000
0	0	610	-8.801270	-10.006600	-9.092410	25.850900	-68.870209	0.000000
0	0	611	-34.868700	29.812300	-13.540300	-12.791100	-12.213419	0.000000
0	0	612	23.391400	12.017300	15.344400	-17.678000	25.966479	0.000000
0	0	613	2.042710	14.209700	-24.367700	-28.259200	-29.875985	0.000000
0	0	614	13.123400	-25.444200	-15.441900	9.008220	-74.373370	0.000000
0	0	615	-6.062700	18.447600	-29.956800	-20.734100	-29.187479	0.000000
0	0	616	-7.899760	26.897100	12.731800	15.619000	12.665317	0.000000
0	0	617	-3.811010	62.443000	25.606200	29.483600	11.148609	0.000000
0	0	618	0.362534	6.278790	-23.699200	-18.171100	-37.580578	0.000000
0	0	619	-5.872840	10.776100	-6.299340	-9.248050	-15.154549	0.000000
0	0	620	3.995130	-46.822600	4.108510	5.536730	87.492675	0.000000
0	0	621	1.766220	-5.780050	2.938370	4.634020	76.526425	0.000000
0	0	622	5.343310	-1.485670	-8.013700	8.055010	-50.251446	0.000000
0	0	623	-11.333900	-14.475900	-9.841160	0.678036	-72.895467	0.000000
0	0	624	3.224420	-6.303120	3.098110	-26.932600	76.912478	0.000000
0	0	625	-20.209500	48.012800	-10.532500	27.670800	-6.186453	0.000000
0	0	626	-9.538370	-9.052440	-3.913090	-12.403800	-78.311332	0.000000
0	0	627	-14.680800	-3.772020	-6.764470	6.182220	-59.572508	0.000000
0	0	628	-45.681200	-15.895400	-10.056000	-4.482980	-73.840544	0.000000
0	0	629	-10.273600	-12.836600	-1.909140	6.251630	-85.770310	0.000000
0	0	630	1.829150	4.466880	17.624500	13.265600	37.889008	0.000000
0	0	631	28.471400	33.303500	9.776860	-16.768000	8.180290	0.000000
0	0	632	-20.640100	-43.309900	38.938000	28.148600	69.021351	0.000000
0	0	633	-22.385900	8.880660	33.381600	8.034590	37.551200	0.000000
0	0	634	-17.821700	-19.059200	3.544960	13.839400	84.731770	0.000000
0	0	635	-17.398200	27.084100	-21.712200	-15.865800	-19.358852	0.000000
0	0	636	-0.142862	11.246300	-16.596500	-22.707000	-27.938611	0.000000
0	0	637	27.193400	-32.177500	15.654200	-16.378400	77.028650	0.000000
0	0	638	18.911700	-7.927500	-11.847700	8.977440	-61.893581	0.000000
0	0	639	56.058800	-2.760980	3.898970	7.296400	62.651739	0.000000
0	0	640	1.652970	-29.638600	-4.132260	-21.599000	-86.031448	0.000000
0	0	641	-10.327100	5.488510	15.809300	16.153800	35.427274	0.000000
0	0	642	-12.361000	-9.311390	13.557000	-41.508600	62.241275	0.000000
0	0	643	-18.137600	14.455600	-21.365300	18.502800	-27.959008	0.000000
0	0	644	-7.144620	3.917800	12.280100	30.412400	36.152710	0.000000
0	0	645	-4.410240	9.646740	3.010290	-28.334700	8.665333	0.000000
0	0	646	-12.830800	-26.740600	30.342700	-11.466300	65.694640	0.000000
0	0	647	-6.290320	4.350430	24.648700	4.218430	39.995267	0.000000
0	0	648	43.859400	25.201100	17.994600	-8.073160	17.764182	0.000000
0	0	649	4.309070	38.481400	2.411600	11.495900	1.792997	0.000000
0	0	650	9.534690	9.928930	13.575400	3.872690	26.909293	0.000000
0	0	651	6.832100	0.344150	2.151590	3.045970	40.456217	0.000000
0	0	652	-8.736980	-29.961500	18.160500	-22.028800	74.389389	0.000000
0	0	653	10.967800	-2.832680	6.221180	-19.611200	57.240561	0.000000
0	0	654	30.172100	-36.395100	-24.695700	18.072300	-72.920678	0.000000
0	0	655	45.615700	-39.982600	15.736200	8.010170	79.258291	0.000000
0	0	656	-16.769800	-2.110700	-19.992300	-63.278800	-48.013357	0.000000
0	0	657	12.705900	-3.606440	-2.999470	7.516390	-70.124880	0.000000
0	0	658	-29.255400	10.212800	10.388600	-24.238000	22.744458	0.000000
0	0	659	38.230100	22.773800	0.564308	-10.668900	0.709716	0.000000
0	0	660	16.612500	10.843600	16.035600	10.898500	27.966320	0.000000
0	0	661	26.033600	-31.023200	-20.151000	-1.544650	-73.497208	0.000000
0	0	662	7.047370	-6.134360	-1.775470	-16.184100	-81.928976	0.000000
0	0	663	13.664900	-9.391810	-37.447700	-5.124880	-52.039635	0.000000
0	0	664	-0.372648	-25.680400	3.256750	-11.724800	86.386208	0.000000
0	0	665	-5.392260	-12.742100	-14.899300	22.480000	-65.268774	0.000000
0	0	666	37.716100	-27.011600	-49.933000	17.093800	-59.205738	0.000000
0	0	667	52.814900	-12.406600	11.744000	-2.954270	68.285791	0.000000
0	0	668	13.987600	-2.436870	-17.691100	-7.980040	-48.921442	0.000000
0	0	669	-18.299200	-23.158900	42.939300	-1.440320	59.169889	0.000000
0	0	670	19.029300	9.421260	6.286180	-14.336800	16.856272	0.000000
0	0	671	2.360490	-31.937600	-29.857700	-14.722300	-68.463864	0.000000
0	0	672	26.801400	17.098800	25.120400	7.465620	27.878952	0.000000
0	0	673	40.842300	4.423150	-15.236700	30.489800	-36.906104	0.000000
0	0	674	-9.875920	-3.590920	-28.981200	0.067167	-48.531621	0.000000
0	0	675	2.398700	10.661700	-31.226100	12.683200	-35.574136	0.000000
0	0	676	14.358700	-25.926800	24.879000	-9.031190	68.090740	0.000000
0	0	677	49.103800	-15.261900	-10.773700	15.053400	-72.390459	0.000000
0	0	678	-17.778900	31.969400	9.536560	0.261048	8.304993	0.000000
0	0	679	12.596600	-14.669600	-31.174700	8.431540	-57.599925	0.000000
0	0	680	68.404700	24.875200	15.703300	-4.147200	16.131768	0.000000
0	0	681	45.929400	-31.188200	-33.731300	-20.660600	-66.378346	0.000000
0	0	682	36.505700	-45.944100	17.650000	-0.984658	79.492549	0.000000
0	0	683	9.701410	-35.919300	21.777300	10.501000	74.386117	0.000000
0	0	684	-0.026448	-25.573300	10.142000	-40.756300	79.183720	0.000000
0	0	685	14.504100	-6.819250	-21.901200	-10.919700	-53.647360	0.000000
0	0	686	44.122600	-10.625000	-8.819540	-24.817800	-70.152402	0.000000
0	0	687	-5.598020	1.603850	-30.766600	-16.134900	-43.507948	0.000000
0	0	688	32.693600	-6.765060	-19.349900	-16.189900	-54.635255	0.000000
0	0	689	13.268500	18.718500	-4.727110	3.130620	-7.086480	0.000000
0	0	690	4.080340	10.565400	18.527200	-19.234500	30.152717	0.000000
0	0	691	6.341650	2.063020	34.216800	5.336730	43.274833	0.000000
0	0	692	15.929600	13.644400	-15.497200	-46.294100	-24.318962	0.000000
0	0	693	14.854100	13.953900	-6.105830	3.751920	-11.816410	0.000000
0	0	694	36.893000	-9.584790	-28.399300	-38.732100	-54.324793	0.000000
0	0	695	34.372700	0.035717	-27.817900	-34.275600	-44.963217	0.000000
0	0	696	-21.591900	-22.883000	-15.607000	-0.959418	-72.852328	0.000000
0	0	697	7.991470	-5.324680	-29.862300	-1.233550	-50.055016	0.000000
0	0	698	39.226300	22.636600	6.727530	-21.605400	8.275896	0.000000
0	0	699	4.499720	-30.202200	-7.994910	-9.858810	-82.586574	0.000000
0	0	700	35.458400	29.872500	4.360400	-3.771220	4.152323	0.000000
0	0	701	10.900800	-16.867900	6.405700	-24.539200	79.602693	0.000000
0	0	702	9.668060	-8.010810	3.983170	-33.907200	76.781158	0.000000
0	0	703	-2.555030	-61.586900	-13.802200	-23.735900	-83.684099	0.000000
0	0	704	15.112900	-18.657200	-11.445900	28.538000	-74.235768	0.000000
0	0	705	16.786500	-19.496300	-4.833680	-10.896000	-83.037770	0.000000
0	0	706	-0.142910	42.090800	-13.680700	-9.936000	-9.002813	0.000000
0	0	707	-10.547600	0.674367	-1.818920	-1.462140	-34.828836	0.000000
0	0	708	20.749200	17.122800	-1.683150	-17.656400	-2.807034	0.000000
0	0	709	-15.527800	36.266200	1.351500	25.431800	1.067101	0.000000
0	0	710	-5.759610	20.077300	-23.523600	-26.644900	-24.759687	0.000000
0	0	711	-2.996890	-3.395990	-16.661500	-19.386800	-50.760186	0.000000
0	0	712	20.079400	9.737740	32.183900	14.528100	36.582996	0.000000
0	0	713	54.215100	-24.882700	-27.842900	-17.541700	-65.893294	0.000000
0	0	714	-4.205150	13.741300	10.467200	15.871200	18.648858	0.000000
0	0	715	18.716500	18.047500	27.804500	10.630200	28.506490	0.000000
0	0	716	14.331000	-6.816640	-16.961900	3.018760	-55.947092	0.000000
0	0	717	4.160160	-5.672610	3.125440	-33.369700	75.573269	0.000000
0	0	718	24.781900	20.520100	-11.509000	29.928800	-14.643264	0.000000
0	0	719	39.563100	-16.717800	-30.908000	-20.581000	-59.204236	0.000000
0	0	720	35.036100	-34.281200	-35.877300	-1.166460	-66.848375	0.000000
0	0	721	12.733100	-47.420000	5.752970	1.730480	86.541355	0.000000
0	0	722	21.960000	1.329710	-14.372200	19.956000	-42.357033	0.000000
0	0	723	14.206700	20.029300	8.412970	-11.496200	11.392010	0.000000
0	0	724	24.821900	-13.538600	23.549500	12.069800	59.947291	0.000000
0	0	725	-17.120400	10.852500	-46.253500	-18.449600	-38.397746	0.000000
0	0	726	-20.298200	24.585700	30.957200	15.266800	25.771987	0.000000
0	0	727	14.161600	-13.244000	9.227250	-38.978000	72.567311	0.000000
0	0	728	-13.337200	29.741200	31.636800	2.469280	23.384481	0.000000
0	0	729	21.161000	-19.124800	8.683990	-18.326500	77.789323	0.000000
0	0	730	-22.208500	10.791000	21.354500	-42.961000	31.595655	0.000000
0	0	731	17.130700	-31.338700	-7.091120	-13.133500	-83.625090	0.000000
0	0	732	58.465500	4.008380	1.949170	7.404310	12.966219	0.000000
0	0	733	9.592390	-17.452600	-33.921700	2.591960	-58.612834	0.000000
0	0	734	26.063500	-10.155700	-8.720760	-69.572000	-69.673559	0.000000
0	0	735	-6.906620	17.898500	3.581290	-21.377700	5.657413	0.000000
0	0	736	-4.008470	-14.098600	-2.128590	2.754680	-85.707197	0.000000
0	0	737	10.806400	-0.123330	-6.026900	5.897230	-45.586147	0.000000
0	0	738	8.578320	-11.830800	-40.397900	-28.797400	-53.161514	0.000000
0	0	739	0.003529	-4.630330	14.674400	57.543800	53.756231	0.000000
0	0	740	-6.629630	20.113000	-2.871840	-21.549600	-4.063033	0.000000
0	0	741	26.838700	-20.580900	-6.367920	-33.397600	-81.403726	0.000000
0	0	742	15.181300	-0.565522	-18.606600	17.385200	-45.870445	0.000000
0	0	743	1.227940	14.720100	-9.518080	4.673810	-16.443441	0.000000
0	0	744	-3.459500	9.723900	-28.315300	-41.089900	-35.523379	0.000000
0	0	745	23.863800	-16.975400	-17.945900	4.430980	-66.704050	0.000000
0	0	746	5.013400	8.237440	-5.454830	10.026800	-16.756256	0.000000
0	0	747	22.987800	39.115500	-21.188700	-33.912400	-14.222108	0.000000
0	0	748	-10.447900	-25.029700	1.325780	-17.789300	88.483987	0.000000
0	0	749	-1.818990	-5.351150	-6.416650	2.030390	-64.913168	0.000000
0	0	750	11.878800	10.841000	7.502020	22.307300	17.341703	0.000000
0	0	751	-4.868960	6.480970	11.185600	-18.878500	29.955935	0.000000
0	0	752	-3.306140	-4.083520	0.656103	10.680300	85.436122	0.000000
0	0	753	14.019900	2.818450	-4.860420	-1.055860	-29.945752	0.000000
0	0	754	36.231300	29.764800	-24.357600	-0.218097	-19.647345	0.000000
0	0	755	10.412800	5.489010	7.104820	-46.597700	26.155602	0.000000
0	0	756	47.335200	28.177800	-61.318500	-8.507390	-32.659858	0.000000
0	0	757	26.558800	32.803100	-22.842400	-26.076300	-17.425689	0.000000
0	0	758	11.985100	-13.723200	19.669600	-32.307600	62.451467	0.000000
0	0	759	-4.307860	10.037700	-19.763800	6.812150	-31.537377	0.000000
0	0	760	23.993900	0.110072	-8.253040	-1.750090	-44.617942	0.000000
0	0	761	-6.033720	-3.412250	5.595530	24.259800	60.687777	0.000000
0	0	762	-14.220800	43.820900	-4.761330	-12.440800	-3.100554	0.000000
0	0	763	13.435200	15.143300	6.898920	-3.683340	12.246429	0.000000
0	0	764	13.649900	6.292050	4.079080	-62.932100	16.477491	0.000000
0	0	765	17.301100	35.234400	14.011200	-12.400100	10.842790	0.000000
0	0	766	-12.411000	9.063720	28.135800	-1.572790	36.072038	0.000000
0	0	767	17.274800	-33.291500	-27.074000	-1.488340	-70.440295	0.000000
0	0	768	18.432100	22.243600	2.094200	38.028000	2.689227	0.000000
0	0	769	-10.546300	-13.855300	-16.422900	31.698100	-65.076449	0.000000
0	0	770	6.791620	15.442300	-19.842800	16.637000	-26.054404	0.000000
0	0	771	-7.512070	9.385510	4.252990	-0.435460	12.188692	0.000000
0	0	772	-1.996080	-26.596800	8.863590	-10.361800	80.784474	0.000000
0	0	773	9.623740	-12.861500	-9.043370	-22.827200	-72.443804	0.000000
0	0	774	5.211570	7.240720	-22.972500	-1.187760	-36.252815	0.000000
0	0	775	-4.823140	1.228840	17.201200	-30.425500	42.956889	0.000000
0	0	776	-17.375500	25.166500	-0.140276	-14.914400	-0.159679	0.000000
0	0	777	-17.891300	-4.430960	14.997200	-7.708800	53.229953	0.000000
0	0	778	6.010160	-3.673270	0.366912	-7.786010	87.147908	0.000000
0	0	779	37.404200	11.988100	-22.564400	-15.934100	-31.009508	0.000000
0	0	780	10.721000	33.013100	3.759550	-10.277100	3.248443	0.000000
0	0	781	47.670200	-10.699200	-19.561500	20.835600	-59.338269	0.000000
0	0	782	25.135900	-4.621380	-23.271900	-55.130600	-50.615895	0.000000
0	0	783	37.721200	-14.707100	-15.009900	12.732200	-67.208104	0.000000
0	0	784	33.601200	18.749000	-8.969580	0.542427	-12.783299	0.000000
0	0	785	-47.629500	-27.059700	-6.015460	12.364500	-83.733383	0.000000
0	0	786	36.172200	-5.221130	8.833200	-13.544600	60.293247	0.000000
0	0	787	1.271570	-28.791100	11.230100	28.019700	79.345751	0.000000
0	0	788	4.703380	18.853500	-1.823720	-10.366200	-2.762547	0.000000
0	0	789	21.761000	-23.275700	-9.252530	-12.113100	-79.160623	0.000000
0	0	790	-1.650030	-14.523700	20.715900	18.658300	62.516947	0.000000
0	0	791	14.873300	24.106400	24.527500	0.805036	22.748044	0.000000
0	0	792	5.588780	-37.375700	-7.513710	-25.198800	-84.316613	0.000000
0	0	793	-16.771400	-22.050900	-31.978300	-15.855900	-62.294262	0.000000
0	0	794	18.838900	10.985700	-2.543730	-20.296000	-6.518519	0.000000
0	0	795	50.986900	31.678500	-19.980500	-5.205970	-16.120378	0.000000
0	0	796	31.358000	-9.531610	22.260600	12.255100	56.589892	0.000000
0	0	797	48.219100	-13.373300	-11.201400	10.089700	-70.025325	0.000000
0	0	798	6.975690	9.071520	20.965200	23.118200	33.301073	0.000000
0	0	799	13.296600	3.707130	0.651819	0.350403	4.986148	0.000000
0	0	800	-3.771590	-15.816300	3.226900	2.131860	84.234283	0.000000
0	0	801	-7.910820	-4.115840	-25.679400	8.307210	-49.552900	0.000000
0	0	802	23.210300	27.868700	-11.235600	2.296580	-10.978709	0.000000
0	0	803	22.330900	12.799300	0.604185	-41.702000	1.351307	0.000000
0	0	804	-5.902790	-18.553000	-50.339500	-5.362710	-55.115871	0.000000
0	0	805	-0.418188	-1.036490	50.809400	-13.004600	45.584324	0.000000
0	0	806	-0.583264	-8.394970	-11.057800	-13.902000	-63.602700	0.000000
0	0	807	50.866300	5.778860	9.007890	-13.500600	28.659241	0.000000
0	0	808	24.193500	13.677700	25.163300	-24.921000	30.736689	0.000000
0	0	809	33.374400	48.109800	-8.126430	6.729390	-4.793786	0.000000
0	0	810	21.515700	6.163740	12.694200	-1.490670	32.050424	0.000000
0	0	811	0.222123	-7.356070	-3.500550	1.672950	-77.275758	0.000000
0	0	812	32.011000	-8.385200	-5.492010	5.882530	-73.388308	0.000000
0	0	813	22.890100	8.393340	29.934000	-24.296800	37.168388	0.000000
0	0	814	-1.677950	12.556800	-20.957700	7.988620	-29.536039	0.000000
0	0	815	35.671700	31.724200	2.939320	-3.057980	2.646736	0.000000
0	0	816	23.398000	22.744500	0.269738	-8.023510	0.339733	0.000000
0	0	817	24.084100	19.336200	18.162300	20.706400	21.603463	0.000000
0	0	818	9.961670	21.584100	-9.616220	-7.016890	-12.007044	0.000000
0	0	819	13.512600	31.332400	9.801110	17.165700	8.685121	0.000000
0	0	820	55.167600	1.132310	7.651340	8.695060	40.790992	0.000000
0	0	821	-15.032200	3.857470	0.244300	-29.384700	1.811899	0.000000
0	0	822	-26.566700	0.189617	-8.618600	-49.131900	-44.369822	0.000000
0	0	823	-10.953200	13.092300	27.250100	-10.937500	32.169030	0.000000
0	0	824	18.845100	-51.396400	-5.806590	1.884750	-86.777125	0.000000
0	0	825	23.773900	4.038170	-9.420640	15.631400	-33.398771	0.000000
0	0	826	-2.830750	1.210290	2.354680	5.741680	31.398567	0.000000
0	0	827	23.791600	6.061160	22.333500	-5.837900	37.408025	0.000000
0	0	828	23.153400	20.982800	17.046600	49.053200	19.545346	0.000000
0	0	829	3.634670	-23.004400	6.968910	-47.091500	81.573219	0.000000
0	0	830	6.605080	-27.070800	0.583445	-10.169500	89.382660	0.000000
0	0	831	27.114100	-5.605530	17.900600	9.166000	53.693911	0.000000
0	0	832	30.766700	7.117240	-54.906500	-4.593020	-41.307117	0.000000
0	0	833	9.201300	-32.441900	25.358700	-20.955600	70.993251	0.000000
0	0	834	10.177100	20.432700	-16.923000	-24.582600	-19.816308	0.000000
0	0	835	26.976400	-3.311190	-26.897800	10.758300	-48.508976	0.000000
0	0	836	20.548700	-12.688100	5.571170	7.718460	78.147192	0.000000
0	0	837	40.689300	13.342200	-24.897500	7.078780	-30.906902	0.000000
0	0	838	19.923400	2.073980	23.807500	5.096370	42.510636	0.000000
0	0	839	53.214700	12.028200	26.975100	7.679160	32.983951	0.000000
0	0	840	19.613700	-25.163000	12.193700	-11.189900	77.072853	0.000000
0	0	841	18.323500	-12.455700	-3.942450	-7.471160	-81.218248	0.000000
0	0	842	41.957500	26.008200	-21.256300	16.478900	-19.629431	0.000000
0	0	843	18.089100	-5.425790	25.520200	0.509126	51.001401	0.000000
0	0	844	17.351400	-5.517420	0.370731	-3.557770	88.077957	0.000000
0	0	845	-0.506432	1.066270	9.615040	-33.086500	41.835990	0.000000
0	0	846	33.505200	13.547600	21.038600	33.936900	28.610444	0.000000
0	0	847	49.479400	13.341700	-2.503470	1.001080	-5.313771	0.000000
0	0	848	57.119800	21.794200	-10.428300	-21.615400	-12.785317	0.000000
0	0	849	54.133200	15.100800	3.072290	0.670449	5.749995	0.000000
0	0	850	56.176000	13.235900	7.383050	16.389900	14.576496	0.000000
0	0	851	18.451200	17.715100	-6.596060	1.583770	-10.211184	0.000000
0	0	852	-4.484730	25.631700	-0.566831	-20.725500	-0.633429	0.000000
0	0	853	4.572170	59.394000	14.014300	6.915730	6.638192	0.000000
0	0	854	49.227600	-33.812400	-6.886500	-4.030670	-84.244070	0.000000
0	0	855	-26.758000	8.985180	9.460930	7.261330	23.238704	0.000000
0	0	856	20.123500	-5.709780	-32.120300	13.680100	-50.039871	0.000000
0	0	857	31.810700	20.173700	-14.739600	-4.911510	-18.076575	0.000000
0	0	858	38.916100	18.876300	23.146800	-0.288523	25.401315	0.000000
0	0	859	52.400700	65.244700	-16.313600	28.711200	-7.019124	0.000000
0	0	860	-1.009660	11.559800	-4.133840	8.816390	-9.838647	0.000000
0	0	861	11.719000	25.149100	0.476009	15.353900	0.542168	0.000000
0	0	862	21.553200	4.312050	18.042900	7.098940	38.279532	0.000000
0	0	863	21.764600	-18.125400	8.123630	12.605100	77.929268	0.000000
0	0	864	42.412600	16.007200	-15.542300	-1.809160	-22.077887	0.000000
0	0	865	11.553900	-6.334320	-7.550580	14.020300	-64.996952	0.000000
0	0	866	21.265200	8.578390	3.114280	8.377810	9.976406	0.000000
0	0	867	30.751600	32.722000	-13.530700	-11.786500	-11.232662	0.000000
0	0	868	-3.305950	26.703100	47.838600	11.529700	30.415058	0.000000
0	0	869	13.539400	34.299800	-38.971100	0.971257	-24.323944	0.000000
0	0	870	6.586730	-18.860900	-14.300400	17.707100	-71.415235	0.000000
0	0	871	44.151600	-39.378800	0.660158	1.000660	89.519783	0.000000
0	0	872	36.350200	-10.129000	31.732000	25.616100	53.851661	0.000000
0	0	873	30.607300	6.715340	-4.765680	-1.447260	-17.681103	0.000000
0	0	874	1.612570	19.895100	-11.624700	38.025600	-15.148865	0.000000
0	0	875	12.051000	-34.502500	16.600000	19.175300	77.153325	0.000000
0	0	876	34.688500	57.782400	-45.482600	42.708300	-19.103776	0.000000
0	0	877	50.559500	34.595200	-1.904000	31.753000	-1.575092	0.000000
0	0	878	34.987600	6.277470	-16.670800	5.202610	-34.682947	0.000000
0	0	879	45.933900	-4.388810	3.651100	23.070000	70.121276	0.000000
0	0	880	34.798800	-10.816300	1.990020	-11.147600	84.787555	0.000000
0	0	881	55.226900	12.928000	-3.173010	-6.440360	-6.894960	0.000000
0	0	882	13.696400	11.942400	-40.760000	5.224750	-36.834889	0.000000
0	0	883	-23.640500	-15.061500	24.606900	-13.884700	60.735075	0.000000
0	0	884	39.938900	25.295400	-13.652800	12.073900	-14.178634	0.000000
0	0	885	45.794300	20.530100	27.491400	25.982500	26.624132	0.000000
0	0	886	8.123680	3.422610	1.433530	-26.280700	11.362971	0.000000
0	0	887	53.390100	23.648800	-3.576890	4.673560	-4.300409	0.000000
0	0	888	6.679860	13.408900	2.292230	25.611000	4.850425	0.000000
0	0	889	7.610220	2.645870	4.417620	31.019100	29.540553	0.000000
0	0	890	37.254300	6.691080	-13.132300	-2.565390	-31.500279	0.000000
0	0	891	24.006600	47.774100	-8.307720	-40.652700	-4.932427	0.000000
0	0	892	14.062000	-18.455200	-14.599400	-25.293300	-70.826725	0.000000
0	0	893	33.154900	32.995200	14.645800	-31.038000	11.967659	0.000000
0	0	894	48.233400	15.416700	-6.425610	-14.510000	-11.313075	0.000000
0	0	895	-1.561370	-13.795300	-22.985300	-28.448000	-60.485654	0.000000
0	0	896	4.981270	-8.563730	19.567300	-12.585000	56.818420	0.000000
0	0	897	-0.104739	14.969100	-1.888880	-10.721800	-3.595937	0.000000
0	0	898	22.027500	2.896510	4.880320	-9.376690	29.655261	0.000000
0	0	899	23.583100	18.650500	-29.741400	-41.310200	-28.954317	0.000000
0	0	900	9.888830	18.559400	-12.586600	-0.852199	-17.072153	0.000000
0	0	901	46.884600	1.283370	-24.554400	32.833700	-43.504039	0.000000
0	0	902	-15.229500	8.846860	-38.717300	-11.703100	-38.564474	0.000000
0	0	903	68.090300	36.298100	9.539770	-13.745300	7.362656	0.000000
0	0	904	-8.775610	-10.288700	-27.541200	-18.377700	-55.242212	0.000000
0	0	905	7.150660	24.448300	-24.807600	-32.677300	-22.708970	0.000000
0	0	906	14.529900	-19.094000	-0.889309	4.811450	-88.666679	0.000000
0	0	907	15.779300	15.002000	-17.326000	-14.848000	-24.555907	0.000000
0	0	908	24.072500	47.281900	22.182600	13.149000	12.566958	0.000000
0	0	909	16.286800	2.132690	7.083930	-16.013200	36.622519	0.000000
0	0	910	27.220400	41.517000	-4.428700	7.383380	-3.044414	0.000000
0	0	911	38.499900	13.032800	4.232070	12.318600	8.994943	0.000000
0	0	912	32.163400	49.153000	-37.292400	-5.874700	-18.593802	0.000000
0	0	913	31.203300	2.248210	-16.240600	-8.757430	-41.059276	0.000000
0	0	914	16.954800	9.922370	-29.949800	11.540300	-35.834982	0.000000
0	0	915	61.365300	9.585200	-22.195600	3.710860	-33.321417	0.000000
0	0	916	38.476800	34.452600	9.729100	7.993230	7.884598	0.000000
0	0	917	33.417600	13.325800	-40.419200	2.614060	-35.876568	0.000000
0	0	918	45.565300	9.050460	-19.679500	6.950030	-32.651320	0.000000
0	0	919	40.395200	56.512300	-33.096100	38.583800	-15.177562	0.000000
0	0	920	24.327800	12.223700	8.147370	2.737020	16.842173	0.000000
0	0	921	14.525900	7.942540	-0.229802	-27.160700	-0.828640	0.000000
0	0	922	29.169700	-12.527600	15.515500	31.856700	64.459134	0.000000
0	0	923	17.221600	37.562700	16.149400	-1.864800	11.632204	0.000000
0	0	924	36.718400	74.747700	-15.200400	11.687100	-5.747353	0.000000
0	0	925	44.810200	6.291430	10.062400	-9.367810	28.992334	0.000000
0	0	926	31.088700	17.593400	13.059700	-8.500850	18.293375	0.000000
0	0	927	42.247900	29.919200	-18.666900	5.388430	-15.980234	0.000000
0	0	928	40.233200	16.792500	41.136800	-41.838300	33.897085	0.000000
0	0	929	44.609900	23.090400	0.059670	-2.537370	0.074031	0.000000
0	0	930	50.457900	9.546220	34.440200	5.186860	37.253779	0.000000
0	0	931	76.195800	9.204650	20.532900	-59.777500	32.926943	0.000000
0	0	932	51.372300	31.690100	21.843800	10.051000	17.289134	0.000000
0	0	933	80.546200	35.996200	-38.836100	47.676400	-23.586671	0.000000
0	0	934	30.716700	19.598300	3.240060	48.426900	4.693715	0.000000
0	0	935	21.042500	23.781100	7.079400	10.886900	8.288876	0.000000
0	0	936	34.234600	46.401100	2.465610	4.738450	1.520829	0.000000
0	0	937	61.907500	17.550400	18.760800	29.993800	23.454597	0.000000
0	0	938	19.253800	0.925590	27.652900	-27.122400	44.041464	0.000000
0	0	939	37.374200	15.747300	-6.359530	-11.615500	-10.995633	0.000000
0	0	940	20.292200	-23.557600	-10.466600	4.516460	-78.022253	0.000000
0	0	941	36.279700	57.562600	-5.730620	-34.437100	-2.842662	0.000000
0	0	942	8.449820	14.542100	-14.765100	-10.544900	-22.717979	0.000000
0	0	943	67.578700	22.598000	-17.706100	-7.421260	-19.039795	0.000000
0	0	944	48.666600	30.373400	-6.860420	0.462796	-6.363892	0.000000
0	0	945	34.956500	37.488400	1.022440	-10.657000	0.781135	0.000000
0	0	946	-8.681800	67.969300	19.028100	1.027050	7.819832	0.000000
0	0	947	-24.684600	8.268580	26.400400	-11.965800	36.304747	0.000000
0	0	948	24.278800	18.306200	-11.561800	-2.492280	-16.137810	0.000000
0	0	949	-1.432910	6.854780	26.755300	13.818800	37.814882	0.000000
0	0	950	-0.029644	35.050100	-19.299500	-9.192910	-14.419164	0.000000
0	0	951	-29.372000	-33.031700	22.105500	0.051875	73.104370	0.000000
0	0	952	18.935600	2.869850	19.923400	-28.024800	40.901628	0.000000
0	0	953	42.258000	-27.384500	-2.715470	31.489900	-87.168508	0.000000
0	0	954	-2.674710	-3.888520	28.820900	-7.322610	48.841977	0.000000
0	0	955	8.903340	30.784400	9.273130	16.211200	8.381892	0.000000
0	0	956	-9.174390	13.129800	25.723500	-21.860100	31.479652	0.000000
0	0	957	20.067400	12.273100	-11.669800	29.340400	-21.778299	0.000000
0	0	958	37.595700	37.476000	34.214900	29.865200	21.197753	0.000000
0	0	959	38.505000	27.678500	1.491460	2.622750	1.542204	0.000000
0	0	960	94.012500	-3.483660	-31.198300	24.853300	-48.185680	0.000000
0	0	961	41.806700	-1.591970	-7.771400	-9.292240	-50.788435	0.000000
0	0	962	63.519000	13.606000	-11.126000	-1.418310	-19.636905	0.000000
0	0	963	20.867300	65.187600	-12.551000	-14.060400	-5.449088	0.000000
0	0	964	38.443700	26.792700	-26.621500	33.069700	-22.408180	0.000000
0	0	965	23.587700	7.936960	-17.233400	34.426400	-32.635622	0.000000
0	0	966	16.293200	21.409300	-14.222100	-21.459700	-16.797953	0.000000
0	0	967	17.084300	-5.325930	4.130270	4.755750	71.103173	0.000000
0	0	968	15.193700	-1.045750	3.319540	-20.882200	53.742959	0.000000
0	0	969	45.037400	5.081280	-33.216700	-21.929300	-40.651339	0.000000
0	0	970	30.222000	33.083900	-3.866630	-13.194400	-3.333057	0.000000
0	0	971	20.645000	-8.485010	-5.932600	-34.099600	-72.519647	0.000000
0	0	972	30.786500	-13.562900	-8.059150	-51.284700	-74.640492	0.000000
0	0	973	25.672300	39.072800	-5.953650	-21.842900	-4.331852	0.000000
0	0	974	31.301800	-22.480400	-22.685200	-27.263200	-67.370099	0.000000
0	0	975	31.098300	25.057700	-15.356900	3.085950	-15.751265	0.000000
0	0	976	43.972200	-22.868600	32.175800	-30.342100	62.701449	0.000000
0	0	977	22.257600	14.060500	-32.280800	-41.844300	-33.231788	0.000000
0	0	978	79.558900	17.614600	-12.856000	-4.530050	-18.061902	0.000000
0	0	979	26.457900	18.249300	-15.128900	-43.631800	-19.829580	0.000000
0	0	980	25.836100	11.986900	-35.755100	-2.194980	-35.733134	0.000000
0	0	981	53.688100	-14.436000	-21.772700	-41.131200	-61.772829	0.000000
0	0	982	64.352500	37.317100	3.498940	-23.689400	2.678264	0.000000
0	0	983	35.547800	13.850700	-2.300060	-20.407600	-4.714275	0.000000
0	0	984	35.515500	9.328890	-26.948400	-52.326800	-35.452687	0.000000
0	0	985	43.883500	34.639700	-24.739500	-22.426000	-17.767118	0.000000
0	0	986	49.348800	26.085000	-22.689600	-40.471300	-20.508915	0.000000
0	0	987	46.016600	7.729060	-1.765620	-17.560800	-6.433900	0.000000
0	0	988	9.660620	19.204500	-35.587900	2.427350	-30.823559	0.000000
0	0	989	2.076160	-40.338100	-0.091398	18.482800	-89.935090	0.000000
0	0	990	24.254200	-27.188500	26.068000	9.742910	68.102654	0.000000
0	0	991	-0.939752	17.534100	-9.105750	21.769200	-13.721802	0.000000
0	0	992	5.673190	13.246000	-14.032000	9.152730	-23.325244	0.000000
0	0	993	-9.551230	49.704700	28.501500	10.015400	14.915338	0.000000
0	0	994	0.380944	1.204910	-10.405000	-21.756200	-41.697255	0.000000
0	0	995	-21.568700	-3.360380	-28.531400	28.735800	-48.358627	0.000000
0	0	996	-12.153400	-17.372700	-6.303460	-13.880300	-80.028675	0.000000
0	0	997	53.016500	-15.440500	-10.223600	-24.043700	-73.245155	0.000000
0	0	998	57.670600	22.343600	7.774050	-7.174990	9.592207	0.000000
0	0	999	6.362380	9.917040	0.900291	-27.502900	2.593610	0.000000
0	0	1000	2.632780	8.720180	-49.444900	-26.548700	-39.999039	0.000000
0	0	1001	51.730500	16.325700	-24.228900	-42.386400	-28.013738	0.000000
0	0	1002	46.593900	-53.587400	12.811200	18.851500	83.277300	0.000000
0	0	1003	-0.021036	9.220870	-27.302000	-38.902500	-35.669160	0.000000
0	0	1004	-9.906230	7.285400	28.661300	4.651500	37.869031	0.000000
0	0	1005	3.925090	-0.969978	-34.382000	40.784800	-45.807994	0.000000
0	0	1006	-10.646000	0.704432	1.062540	-16.203500	28.228411	0.000000
0	0	1007	14.028800	-23.094400	-5.668970	6.850850	-83.104163	0.000000
0	0	1008	67.328100	4.943270	-22.664400	-6.666840	-38.848031	0.000000
0	0	1009	33.385200	24.765900	-31.859600	2.328670	-26.070235	0.000000
0	0	1010	50.841900	23.181500	-10.742700	12.838300	-12.431903	0.000000
0	0	1011	3.461610	-3.891140	-27.195000	-33.203800	-49.071390	0.000000
0	0	1012	22.134900	17.706100	-19.331500	9.063860	-23.756410	0.000000
0	0	1013	27.092300	-29.246200	-27.741200	-83.885300	-68.256396	0.000000
0	0	1014	46.996000	14.373200	-9.584630	-4.149380	-16.848479	0.000000
0	0	1015	1.886250	28.472400	-8.721690	-13.984800	-8.515460	0.000000
0	0	1016	16.963700	-12.801200	28.281600	-8.788100	57.176551	0.000000
0	0	1017	-6.657130	9.984160	0.952268	-46.095400	2.724134	0.000000
0	0	1018	13.410800	3.994870	-21.139100	-12.839000	-39.649221	0.000000
0	0	1019	36.874200	-4.047720	1.682860	25.488400	78.712328	0.000000
0	0	1020	30.951900	-12.390300	-71.800700	-46.288800	-49.895415	0.000000
0	0	1021	19.999500	15.915200	-31.811900	-30.340600	-31.710811	0.000000
0	0	1022	27.186200	-16.213800	-26.824100	-20.464500	-60.575411	0.000000
0	0	1023	11.183200	31.900500	-13.820400	-20.777900	-11.711965	0.000000
