0	0	0	23.663600	-0.955351	-1.358920	-11.427600	-62.554036	0.000000
0	0	1	32.083900	3.250640	-35.697800	-5.373320	-42.398499	0.000000
0	0	2	-1.878510	-11.563600	12.293300	7.329150	66.624033	0.000000
0	0	3	1.647590	-20.838800	-48.873500	-20.628800	-56.546273	0.000000
0	0	4	58.772900	-2.598010	9.059090	-16.446600	53.001045	0.000000
0	0	5	53.306800	-17.214600	-20.102000	10.246900	-65.287756	0.000000
0	0	6	3.568950	-23.672400	-16.174000	-27.461400	-72.828717	0.000000
0	0	7	4.996120	-39.744500	-22.475400	-10.596600	-75.255983	0.000000
0	0	8	10.738300	-31.882600	-15.162200	-4.445690	-77.282973	0.000000
0	0	9	45.536300	11.162400	-20.095500	-9.960010	-30.474623	0.000000
0	0	10	7.874960	5.622470	-35.886600	-1.425620	-40.547835	0.000000
0	0	11	55.952500	-19.475400	-14.846900	-18.420800	-71.340117	0.000000
0	0	12	49.615600	-37.018600	-26.228700	1.130750	-72.340688	0.000000
0	0	13	13.684000	-33.477000	-31.188500	-19.440100	-68.513421	0.000000
0	0	14	39.981200	-2.957210	-16.968000	-6.707480	-49.943151	0.000000
0	0	15	51.819100	7.627650	-28.018100	-54.575800	-37.385433	0.000000
0	0	16	12.942900	-26.886400	-8.315500	6.046360	-81.407032	0.000000
0	0	17	12.941300	-9.361060	-9.623650	18.668500	-67.103777	0.000000
0	0	18	34.901700	-11.147300	-29.040500	29.769900	-55.499739	0.000000
0	0	19	41.761100	4.449420	-33.941900	-35.216600	-41.265861	0.000000
0	0	20	35.164800	7.449770	-18.253900	-26.268800	-33.899339	0.000000
0	0	21	34.401300	-30.560100	-37.737900	-19.337600	-64.500253	0.000000
0	0	22	-0.294771	-40.292400	-27.982000	-25.143200	-72.610525	0.000000
0	0	23	65.173300	-36.777800	-16.884700	-25.552300	-77.670065	0.000000
0	0	24	32.235900	-22.797600	6.195730	-42.784400	82.397941	0.000000
0	0	25	58.677700	-9.859080	-16.312200	-13.903400	-60.574365	0.000000
0	0	26	27.838400	-27.055700	-22.424100	-31.767700	-70.173820	0.000000
0	0	27	33.351200	6.119640	-59.343700	-54.298100	-42.056178	0.000000
0	0	28	15.270200	-2.056700	-33.923100	3.784930	-46.734750	0.000000
0	0	29	55.279600	-24.011000	-49.972400	-6.370210	-57.831799	0.000000
0	0	30	75.439000	-23.265500	-8.703090	8.072550	-79.745165	0.000000
0	0	31	53.875300	38.983200	-32.261700	-29.742300	-19.805231	0.000000
0	0	32	59.032400	-20.790400	-23.214700	-6.723560	-65.923343	0.000000
0	0	33	49.292600	-12.255900	-71.897500	-18.829400	-49.836927	0.000000
0	0	34	53.345700	-0.994333	-63.531400	-10.226700	-45.448333	0.000000
0	0	35	31.323600	-11.217700	-45.572100	-12.283900	-51.914297	0.000000
0	0	36	44.766300	-45.188900	-38.183100	-12.665500	-69.901657	0.000000
0	0	37	53.768800	-7.652400	-25.522900	-22.284900	-53.345019	0.000000
0	0	38	-2.004330	-4.999840	-17.654000	-20.744600	-52.906402	0.000000
0	0	39	13.163300	-15.953800	16.676300	2.768060	66.865778	0.000000
0	0	40	9.200850	-19.887700	-42.158600	13.689000	-57.627453	0.000000
0	0	41	-2.052660	-4.402440	5.585170	-8.960410	64.123251	0.000000
0	0	42	-1.275560	-4.102800	-14.145900	16.975100	-53.086993	0.000000
0	0	43	14.307100	-1.150470	5.257040	-9.975460	51.172105	0.000000
0	0	44	-31.324900	-29.673800	9.127520	33.063600	81.451176	0.000000
0	0	45	19.124600	12.094000	0.491860	-2.163040	1.164461	0.000000
0	0	46	-23.354200	7.577790	-21.897900	25.620900	-35.455885	0.000000
0	0	47	-34.368800	-4.237580	10.707100	15.999200	55.796158	0.000000
0	0	48	-19.010600	11.285600	-5.845820	23.526000	-13.691837	0.000000
0	0	49	14.027400	-25.538400	-17.877300	13.471500	-72.503674	0.000000
0	0	50	1.186840	11.903600	-6.682560	28.507700	-14.654706	0.000000
0	0	51	1.380890	-0.139677	10.366100	-15.012900	45.385990	0.000000
0	0	52	7.627560	7.630670	13.415800	-18.794200	30.184773	0.000000
0	0	53	-15.805200	-8.787110	13.657600	3.735120	61.378333	0.000000
0	0	54	-15.330000	-7.083590	25.875300	-40.080500	52.655056	0.000000
0	0	55	20.727200	-10.490100	-14.985700	-0.236664	-62.496151	0.000000
0	0	56	-0.229452	3.687770	18.100600	23.928200	39.242156	0.000000
0	0	57	16.897100	21.731300	16.580900	3.893630	18.671748	0.000000
0	0	58	-29.850100	10.067100	-32.789200	-9.345610	-36.466106	0.000000
0	0	59	21.623500	43.888100	-22.235500	-3.421180	-13.434316	0.000000
0	0	60	-6.310730	-18.889300	-15.530100	2.844500	-70.287096	0.000000
0	0	61	-6.983720	50.730200	6.810300	13.054600	3.822993	0.000000
0	0	62	3.863290	38.038900	15.416700	-24.029900	11.031055	0.000000
0	0	63	2.960520	-4.649240	-0.896798	29.033800	-84.541115	0.000000
0	0	64	-31.034900	-40.550300	-9.778920	-27.562500	-83.220847	0.000000
0	0	65	-2.701050	15.088800	5.158260	8.238400	9.436758	0.000000
0	0	66	29.979500	-13.606700	-10.944800	-8.409300	-70.593949	0.000000
0	0	67	19.080600	-1.234150	-1.201110	7.896020	-67.888652	0.000000
0	0	68	-4.126050	13.238600	-2.492690	-1.677890	-5.331675	0.000000
0	0	69	-30.409500	3.496810	36.101000	2.013010	42.233742	0.000000
0	0	70	20.029300	-15.916500	12.949100	-15.093000	70.434710	0.000000
0	0	71	5.386720	-1.893230	-25.244700	-7.473470	-47.144438	0.000000
0	0	72	14.222900	-21.587200	-53.879000	2.137470	-55.917019	0.000000
0	0	73	11.788100	6.249690	-14.085500	-16.033800	-33.036648	0.000000
0	0	74	-5.417170	37.849200	-2.924950	24.220400	-2.209490	0.000000
0	0	75	52.014300	-30.284700	-0.601716	5.656760	-89.430880	0.000000
0	0	76	41.986100	-31.284800	-31.356000	37.248500	-67.467438	0.000000
0	0	77	63.805400	-61.094200	-30.966600	-5.690950	-76.560540	0.000000
0	0	78	62.080000	-6.396160	-32.193800	7.860180	-50.618507	0.000000
0	0	79	50.998700	-16.958700	-52.988800	16.249100	-53.873456	0.000000
0	0	80	6.446980	-8.381160	12.475000	11.193600	61.947323	0.000000
0	0	81	-5.015910	7.240260	-26.466400	37.952300	-37.350129	0.000000
0	0	82	37.420800	2.523920	-36.858900	31.425400	-43.041388	0.000000
0	0	83	34.509100	31.582000	-6.475750	-8.809930	-5.793817	0.000000
0	0	84	24.295500	-24.046100	3.763480	-27.218800	85.552371	0.000000
0	0	85	5.239080	-8.749170	-25.138100	16.685800	-54.595078	0.000000
0	0	86	18.664600	2.714920	-3.850210	40.575700	-27.405488	0.000000
0	0	87	44.598900	9.815530	0.341447	-4.706980	0.996155	0.000000
0	0	88	-2.278290	16.828700	-44.683400	4.247570	-34.681290	0.000000
0	0	89	-9.072550	6.203590	-34.554300	-8.027970	-39.911011	0.000000
0	0	90	11.984000	-12.495200	-34.967100	-0.793797	-54.831962	0.000000
0	0	91	6.659870	-1.580210	-9.108310	9.385190	-49.921168	0.000000
0	0	92	21.634600	-12.789100	32.760900	68.972500	55.662264	0.000000
0	0	93	29.023300	-11.384500	-7.419220	-18.669600	-73.453960	0.000000
0	0	94	9.018330	-16.468600	-2.206450	-15.631300	-86.184500	0.000000
0	0	95	-5.977700	5.034960	-46.121600	27.871400	-41.884929	0.000000
0	0	96	3.354390	22.099500	-38.426600	18.603400	-30.048193	0.000000
0	0	97	83.255100	7.152700	-9.403700	-2.894440	-26.371216	0.000000
0	0	98	94.900600	11.934900	17.883100	20.323800	28.140738	0.000000
0	0	99	88.267800	-11.968800	-20.251400	-16.819700	-60.291777	0.000000
0	0	100	34.947400	7.854350	-6.792910	-18.460700	-20.427602	0.000000
0	0	101	34.908100	-36.019400	-18.819000	28.970100	-76.207176	0.000000
0	0	102	51.041300	-7.096610	0.699663	30.896400	87.184670	0.000000
0	0	103	16.778500	-9.085450	-29.395300	-1.913000	-53.587623	0.000000
0	0	104	26.229700	28.159600	38.055500	4.781170	26.749994	0.000000
0	0	105	9.345000	1.649460	30.913500	-5.023270	43.472875	0.000000
0	0	106	-3.448520	23.046600	-5.152000	21.436900	-6.300562	0.000000
0	0	107	25.471700	-7.417490	-15.315000	44.447200	-57.921113	0.000000
0	0	108	33.852500	3.801260	8.972670	6.116460	33.520059	0.000000
0	0	109	40.203200	-11.893300	-20.267700	5.190980	-60.202430	0.000000
0	0	110	24.202500	-44.302200	-15.027300	-4.927630	-80.631535	0.000000
0	0	111	31.929000	-1.897900	4.338190	43.292800	56.814367	0.000000
0	0	112	-14.778600	-10.067800	11.159000	19.651900	66.028601	0.000000
0	0	113	42.975700	19.667000	19.661000	16.225100	22.495629	0.000000
0	0	114	-10.113900	-6.436440	-1.948990	-3.458130	-81.576697	0.000000
0	0	115	-7.122250	-11.951000	-43.150700	5.606520	-52.740290	0.000000
0	0	116	11.470200	21.152000	-25.406300	8.334670	-25.110473	0.000000
0	0	117	7.369070	16.389300	3.760920	26.912300	6.462072	0.000000
0	0	118	63.765000	-15.246400	-16.446400	3.720330	-66.415809	0.000000
0	0	119	8.510680	-6.620990	16.634700	30.769000	55.851842	0.000000
0	0	120	9.649460	20.565300	2.507870	-17.788400	3.476351	0.000000
0	0	121	50.997200	-5.437750	-5.705040	49.467400	-66.812935	0.000000
0	0	122	21.899700	-36.853800	0.841313	-16.256200	89.346128	0.000000
0	0	123	35.262200	-8.207990	-16.702100	16.101700	-58.085550	0.000000
0	0	124	45.422400	-23.485700	-29.393800	12.344200	-64.312459	0.000000
0	0	125	21.557800	8.470520	8.633840	-11.491100	22.773534	0.000000
0	0	126	-11.708600	14.896400	-9.619020	41.535400	-16.425728	0.000000
0	0	127	41.930900	12.102700	-15.213100	-23.205600	-25.748093	0.000000
0	0	128	2.366590	-7.029760	4.794320	18.530300	72.852940	0.000000
0	0	129	5.811230	20.641500	12.475800	30.106700	15.574461	0.000000
0	0	130	19.157300	17.485300	-4.343430	-18.584200	-6.975091	0.000000
0	0	131	8.225350	-12.447400	-34.825400	11.525400	-54.834030	0.000000
0	0	132	41.815700	8.854250	-33.384200	-9.481090	-37.572924	0.000000
0	0	133	6.953660	-27.090100	-3.683480	8.714840	-86.128448	0.000000
0	0	134	-13.598200	27.964400	-11.300400	14.317100	-11.001804	0.000000
0	0	135	0.780117	5.671640	-31.692000	0.310738	-39.926842	0.000000
0	0	136	2.717600	28.430800	-15.131000	-0.867720	-14.011055	0.000000
0	0	137	22.857700	-33.494700	-2.846260	3.781440	-87.571439	0.000000
0	0	138	37.492600	32.491000	-1.443810	40.537000	-1.272196	0.000000
0	0	139	40.328000	-2.047150	-1.042390	-6.916910	-76.507611	0.000000
0	0	140	-4.986490	-21.049700	-5.537050	24.048000	-82.631203	0.000000
0	0	141	79.321100	10.930600	-13.457100	-13.433200	-25.457295	0.000000
0	0	142	69.526700	25.577200	-25.674100	48.184400	-22.554164	0.000000
0	0	143	105.721000	24.068100	-33.124800	41.448300	-26.999137	0.000000
0	0	144	116.544000	20.272000	-55.833600	46.185700	-35.022555	0.000000
0	0	145	182.406000	15.225000	-25.049300	-3.176370	-29.354353	0.000000
0	0	146	169.128000	30.687100	-44.927300	-0.483232	-27.832699	0.000000
0	0	147	154.228000	12.441800	-80.224400	4.095130	-40.592186	0.000000
0	0	148	173.456000	10.096900	-15.701800	17.820400	-28.628662	0.000000
0	0	149	179.526000	5.555390	-33.041700	37.476800	-40.227985	0.000000
0	0	150	152.742000	-20.888800	-60.662400	36.627900	-54.500448	0.000000
0	0	151	138.413000	44.436600	-44.234800	6.218030	-22.434803	0.000000
0	0	152	95.443000	-5.541560	9.504760	22.674600	60.121734	0.000000
0	0	153	10.353500	4.069990	-2.746400	1.970420	-17.005597	0.000000
0	0	154	41.224200	21.025000	-18.126700	-1.576570	-20.383131	0.000000
0	0	155	44.883800	11.621900	-22.052100	-18.396100	-31.104934	0.000000
0	0	156	17.050400	19.472700	31.151500	-3.970960	28.995316	0.000000
0	0	157	3.953110	4.054890	-20.680700	-14.934600	-39.453338	0.000000
0	0	158	9.926020	-24.637900	22.043200	19.830000	69.090714	0.000000
0	0	159	3.785680	-10.589300	-10.450400	19.569600	-67.689125	0.000000
0	0	160	2.274520	-14.787100	-16.203000	-12.589800	-66.192022	0.000000
0	0	161	49.183400	66.317700	50.937500	-19.651900	18.763627	0.000000
0	0	162	16.533400	-17.003100	-13.410900	1.821040	-70.868001	0.000000
0	0	163	33.085100	0.098334	10.859100	-3.825940	44.740589	0.000000
0	0	164	37.401300	-34.056500	23.344400	-29.088800	72.785443	0.000000
0	0	165	-1.187000	-1.046320	12.591800	5.470260	47.375050	0.000000
0	0	166	42.004400	-15.146600	18.470900	4.772710	64.676305	0.000000
0	0	167	41.839700	-8.548870	-19.729700	-23.811900	-56.713531	0.000000
0	0	168	42.646900	-30.328100	10.531500	2.596020	80.425164	0.000000
0	0	169	32.079100	-17.390300	-7.169770	-22.911800	-78.797176	0.000000
0	0	170	23.128000	14.636900	15.124600	-23.199600	22.969409	0.000000
0	0	171	59.721200	-7.934780	-14.081700	-70.390500	-59.700231	0.000000
0	0	172	36.588200	-8.849480	-5.334950	7.305560	-74.458066	0.000000
0	0	173	52.116300	-9.364500	-6.592580	15.859500	-72.427285	0.000000
0	0	174	52.499400	-1.244030	-11.608300	18.357200	-48.058444	0.000000
0	0	175	39.858500	-3.549350	1.783180	-29.330200	76.662610	0.000000
0	0	176	81.795000	-28.198400	-45.634700	0.445453	-60.856286	0.000000
0	0	177	45.983700	-28.125200	9.272390	20.724200	80.876755	0.000000
0	0	178	78.025300	-16.965400	-26.260800	-12.791800	-61.431941	0.000000
0	0	179	43.668100	20.387300	-14.687300	-4.680610	-17.884756	0.000000
0	0	180	79.805600	-40.399800	11.393700	20.633900	82.125146	0.000000
0	0	181	96.153600	-5.477570	26.277100	22.824500	50.887461	0.000000
0	0	182	99.796500	-9.345240	11.996500	5.144480	63.959246	0.000000
0	0	183	64.017300	-34.260600	26.097100	-14.345900	71.351314	0.000000
0	0	184	46.391000	-10.342100	4.897560	11.182900	77.329920	0.000000
0	0	185	73.418800	-36.289800	-32.387400	-44.452900	-69.126092	0.000000
0	0	186	43.807800	-3.264230	-2.858970	-24.556800	-69.393281	0.000000
0	0	187	39.767600	-11.369500	-12.490000	1.458410	-66.155613	0.000000
0	0	188	32.094100	-19.165500	47.217400	-6.576250	56.046095	0.000000
0	0	189	41.641700	-7.723410	-13.355500	6.363610	-60.020276	0.000000
0	0	190	42.582300	9.188500	-28.728600	-20.330000	-36.131872	0.000000
0	0	191	42.690200	1.662760	-2.176060	47.698700	-26.308007	0.000000
0	0	192	57.760800	-8.219260	-9.197670	-30.914300	-65.892371	0.000000
0	0	193	46.203300	3.511820	-18.099000	-7.547330	-39.509563	0.000000
0	0	194	68.662800	11.804200	-22.269400	-19.298800	-31.036781	0.000000
0	0	195	30.882300	-3.076840	-24.870000	28.757500	-48.526311	0.000000
0	0	196	92.972600	18.921600	0.821550	3.984700	1.243071	0.000000
0	0	197	111.939000	34.887800	-9.195160	6.246930	-7.382655	0.000000
0	0	198	89.424200	22.504500	-42.369800	7.457960	-31.012613	0.000000
0	0	199	88.614900	15.364800	-3.932690	-10.315000	-7.178445	0.000000
0	0	200	102.559000	18.742900	-13.169200	-23.387800	-17.546387	0.000000
0	0	201	119.441000	23.294400	15.877700	9.305390	17.139370	0.000000
0	0	202	112.152000	-48.746300	-21.371500	26.107900	-78.163124	0.000000
0	0	203	126.001000	-0.710464	-15.335700	-12.541800	-46.326236	0.000000
0	0	204	142.985000	4.985220	-29.017500	-36.881600	-40.125862	0.000000
0	0	205	122.493000	-14.128500	-13.100700	-17.758400	-68.580837	0.000000
0	0	206	123.643000	5.415100	-37.807600	-19.328700	-40.924543	0.000000
0	0	207	160.228000	43.538600	-9.960430	-5.483270	-6.442972	0.000000
0	0	208	141.168000	-10.571300	-15.659200	-21.165800	-62.011359	0.000000
0	0	209	105.876000	3.851160	-8.387820	-25.440700	-32.669193	0.000000
0	0	210	104.581000	-8.224630	-17.812100	-9.238480	-57.392424	0.000000
0	0	211	44.254500	-8.755800	-40.901300	30.593500	-51.041509	0.000000
0	0	212	60.978500	1.436980	10.376500	-48.322900	41.057797	0.000000
0	0	213	16.652400	-16.985400	25.069300	-29.856600	62.059563	0.000000
0	0	214	91.978800	21.771200	-13.398600	-5.107670	-15.804647	0.000000
0	0	215	54.272300	8.526840	-9.054350	-15.867000	-23.359300	0.000000
0	0	216	62.022000	33.436600	12.317700	-9.863000	10.111640	0.000000
0	0	217	55.572000	36.566000	-16.905700	-8.134900	-12.406350	0.000000
0	0	218	49.421000	-10.656900	-7.411700	-8.801380	-72.591009	0.000000
0	0	219	44.992800	-15.390800	18.801900	13.814800	64.651481	0.000000
0	0	220	45.908700	13.622800	-34.852200	13.021800	-34.325395	0.000000
0	0	221	132.433000	15.199600	-0.142726	-47.004200	-0.268999	0.000000
0	0	222	117.125000	35.832100	0.368895	-29.602600	0.294922	0.000000
0	0	223	143.791000	17.124300	-15.203600	-46.900000	-20.799939	0.000000
0	0	224	192.449000	4.047040	-38.100800	-19.137800	-41.968409	0.000000
0	0	225	168.798000	-5.518000	-24.705700	0.057207	-51.295165	0.000000
0	0	226	168.378000	2.386720	-28.902500	8.544520	-42.639661	0.000000
0	0	227	199.751000	18.258900	-0.261735	-16.985400	-0.410629	0.000000
0	0	228	203.781000	7.119900	-74.020700	-27.992100	-42.252869	0.000000
0	0	229	140.338000	23.148000	-40.478000	-31.447900	-30.118110	0.000000
0	0	230	142.867000	27.603600	-41.636800	-31.716000	-28.228575	0.000000
0	0	231	176.811000	-17.653900	-25.567500	-18.521900	-62.312191	0.000000
0	0	232	173.306000	-2.819650	-3.033660	-9.116380	-66.453036	0.000000
0	0	233	136.458000	36.253300	-35.481800	3.136090	-22.191908	0.000000
0	0	234	113.737000	12.376000	-16.838900	-4.448580	-26.842710	0.000000
0	0	235	119.901000	12.468000	-5.942830	4.448590	-12.742323	0.000000
0	0	236	107.281000	28.565000	-19.727000	3.898470	-17.314487	0.000000
0	0	237	106.802000	-14.297800	21.010300	-31.373600	62.117915	0.000000
0	0	238	87.038300	-8.341740	-42.136900	0.462398	-50.598959	0.000000
0	0	239	106.491000	11.606000	-11.450000	9.845190	-22.306167	0.000000
0	0	240	202.012000	7.262330	-37.255400	1.469030	-39.484727	0.000000
0	0	241	170.653000	2.725530	-21.474900	-34.029000	-41.383431	0.000000
0	0	242	130.791000	29.867300	-15.815500	-24.021400	-13.951183	0.000000
0	0	243	129.514000	38.320300	-2.427730	-42.216800	-1.812525	0.000000
0	0	244	197.503000	25.587600	-21.337200	0.739801	-19.912166	0.000000
0	0	245	209.348000	12.236700	-11.590100	-62.339900	-21.722758	0.000000
0	0	246	231.131000	10.491900	-46.303400	1.298550	-38.616460	0.000000
0	0	247	221.612000	41.138500	-21.711300	-24.644900	-13.911674	0.000000
0	0	248	269.783000	14.283900	-17.092900	-21.501000	-25.057876	0.000000
0	0	249	276.989000	3.313030	-47.121200	-23.975000	-42.989113	0.000000
0	0	250	248.578000	55.592000	-37.047800	-8.395170	-16.840205	0.000000
0	0	251	247.885000	-8.855710	-52.995200	-26.126400	-49.743350	0.000000
0	0	252	242.936000	10.223300	-22.334800	-33.508500	-32.702513	0.000000
0	0	253	215.073000	22.707900	-1.749390	22.075200	-2.202649	0.000000
0	0	254	217.874000	70.827700	-79.952900	-4.774520	-24.231650	0.000000
0	0	255	216.833000	40.269200	-42.966400	21.278200	-23.427993	0.000000
0	0	256	207.128000	51.504100	-59.698000	-10.715800	-24.607105	0.000000
0	0	257	200.841000	18.964200	-40.848300	-14.301400	-32.548240	0.000000
0	0	258	195.549000	53.925500	-25.871600	7.165960	-12.815045	0.000000
0	0	259	176.615000	39.066500	-23.092000	-11.885800	-15.293554	0.000000
0	0	260	225.006000	0.897837	-40.269600	-6.491930	-44.361382	0.000000
0	0	261	255.359000	53.698800	-8.141550	-4.599000	-4.310624	0.000000
0	0	262	238.653000	54.924300	-14.499300	16.517000	-7.393990	0.000000
0	0	263	229.026000	56.106100	-30.150500	-20.789500	-14.126428	0.000000
0	0	264	252.347000	104.015000	-10.041800	16.087800	-2.757175	0.000000
0	0	265	244.408000	86.386500	-3.110740	22.543800	-1.031152	0.000000
0	0	266	242.173000	63.616300	9.604560	-16.516500	4.292735	0.000000
0	0	267	266.275000	101.051000	-26.973100	19.518200	-7.472634	0.000000
0	0	268	275.205000	70.772900	39.824000	0.146616	14.683256	0.000000
0	0	269	215.949000	61.541300	-5.603710	10.923200	-2.601391	0.000000
0	0	270	233.491000	65.478100	-6.003250	10.660900	-2.619211	0.000000
0	0	271	203.498000	67.020000	-2.419980	-31.697600	-1.033978	0.000000
0	0	272	163.505000	77.464100	1.466190	-5.408500	0.542164	0.000000
0	0	273	169.189000	38.795500	5.514370	37.930900	4.044899	0.000000
0	0	274	186.075000	48.077900	-30.246900	40.344800	-16.087466	0.000000
0	0	275	152.107000	48.773300	-59.190300	-21.926600	-25.255597	0.000000
0	0	276	122.536000	72.136400	-29.545900	13.788100	-11.136605	0.000000
0	0	277	86.318300	67.816300	-47.635700	9.677440	-17.542535	0.000000
0	0	278	84.582200	2.408620	13.349000	-21.512700	39.885957	0.000000
0	0	279	71.407200	41.511100	-44.885000	9.168110	-23.618176	0.000000
0	0	280	108.737000	4.810090	-21.901700	5.194900	-38.806627	0.000000
0	0	281	104.523000	45.678300	-28.514200	-9.200400	-15.987020	0.000000
0	0	282	150.684000	28.870900	9.051860	12.172900	8.703856	0.000000
0	0	283	184.314000	24.946700	-28.299000	41.560800	-24.301267	0.000000
0	0	284	183.312000	5.023440	3.644700	-1.495380	17.981168	0.000000
0	0	285	123.089000	26.926500	5.211990	16.693300	5.477451	0.000000
0	0	286	184.605000	6.877770	6.175980	35.139400	20.961326	0.000000
0	0	287	216.197000	-6.114690	9.362520	55.063400	61.574337	0.000000
0	0	288	235.671000	-12.822100	77.563300	8.758280	49.693377	0.000000
0	0	289	165.224000	-15.875000	20.326200	9.276650	63.995126	0.000000
0	0	290	209.608000	-5.510790	106.651000	58.838600	46.478957	0.000000
0	0	291	226.865000	-21.986500	81.320800	27.121500	52.564599	0.000000
0	0	292	195.838000	1.358980	63.581600	30.324700	44.387779	0.000000
0	0	293	173.759000	-52.853600	59.902400	28.317900	65.711441	0.000000
0	0	294	203.040000	-1.176330	28.057500	3.501980	46.200379	0.000000
0	0	295	190.160000	-69.429100	89.538800	46.704700	63.895143	5.230550
0	0	296	228.274000	-48.015500	61.744700	26.570000	63.935134	0.000000
0	0	297	175.504000	-25.494900	38.340500	42.938500	61.811159	0.000000
0	0	298	152.941000	-54.984900	70.752000	23.574800	63.926278	0.000000
0	0	299	173.702000	-79.913800	16.845500	12.943200	84.048277	0.000000
0	0	300	197.548000	-52.664700	8.969760	16.533500	85.167116	0.000000
0	0	301	206.858000	-47.879900	27.400100	20.804700	75.109453	0.000000
0	0	302	211.023000	-40.739500	-5.916680	5.273270	-85.868297	0.000000
0	0	303	149.033000	-38.509900	-5.873230	36.440100	-85.664257	0.000000
0	0	304	146.730000	-22.310300	24.234500	7.346630	66.316347	0.000000
0	0	305	170.099000	-60.116700	-2.971810	8.390020	-88.584972	0.000000
0	0	306	169.282000	-32.425100	3.073830	-14.307900	87.292333	0.000000
0	0	307	99.390700	-13.414100	10.678100	-26.727600	70.739482	0.000000
0	0	308	111.268000	-7.340740	32.245100	-9.533090	51.412530	0.000000
0	0	309	52.438400	-7.483670	-3.756380	29.292200	-76.672966	0.000000
0	0	310	54.692000	-33.802400	4.479670	-0.372862	86.225427	0.000000
0	0	311	108.814000	-22.476300	7.061640	24.553300	81.279120	0.000000
0	0	312	191.999000	-32.185000	2.208680	-26.585100	88.037130	0.000000
0	0	313	164.126000	-44.793800	-5.513240	12.557000	-86.491650	0.000000
0	0	314	188.857000	-98.390100	-2.313560	-13.303100	-89.326493	0.000000
0	0	315	192.289000	-72.481900	-36.609600	-34.331700	-76.601147	0.000000
0	0	316	181.172000	-76.275300	-6.867270	-6.416570	-87.427689	0.000000
0	0	317	206.057000	-79.557000	13.839100	-35.510600	85.066013	0.000000
0	0	318	214.341000	-108.188000	-29.211000	-16.209300	-82.445153	5.180570
0	0	319	229.077000	-34.301000	5.709630	0.395808	85.274693	0.000000
0	0	320	195.848000	-72.943500	5.932930	-22.564000	87.675014	0.000000
0	0	321	173.294000	-44.862700	-24.524600	-29.059800	-75.668190	0.000000
0	0	322	134.237000	-13.670800	-19.299600	-8.277130	-62.655854	0.000000
0	0	323	109.465000	-34.101600	-42.357800	-20.050400	-64.418498	0.000000
0	0	324	101.341000	-51.931300	-7.891460	41.719200	-85.679730	0.000000
0	0	325	89.563500	-0.948791	25.044500	9.664080	46.084784	0.000000
0	0	326	97.370000	13.534500	-22.300300	6.818220	-29.372798	0.000000
0	0	327	66.667300	-26.532800	-37.079900	-30.654100	-62.792949	0.000000
0	0	328	58.670200	-27.535700	6.845490	-7.281540	83.019526	0.000000
0	0	329	81.501200	-35.384900	1.737460	13.714400	88.594468	0.000000
0	0	330	70.731800	-58.421300	-5.527760	11.182800	-87.297414	0.000000
0	0	331	79.380600	-41.563000	15.933000	16.809600	79.512943	0.000000
0	0	332	108.967000	-40.259000	-4.632450	-15.815500	-86.718030	0.000000
0	0	333	87.879200	-16.502700	-24.210800	-30.021100	-62.139671	0.000000
0	0	334	122.898000	-48.289500	-25.116400	-0.873903	-76.260048	0.000000
0	0	335	111.250000	-36.031800	-28.785400	2.463890	-70.689518	0.000000
0	0	336	111.463000	-14.547200	-38.363900	17.425900	-55.383109	0.000000
0	0	337	125.817000	-35.088500	-51.802600	0.660934	-62.055878	0.000000
0	0	338	126.426000	-73.089900	-24.294000	-33.482800	-80.806979	0.000000
0	0	339	169.163000	-60.442800	-48.009200	-40.922500	-70.770092	0.000000
0	0	340	133.151000	-26.623100	-8.193010	1.418660	-81.447371	0.000000
0	0	341	140.882000	4.534160	-61.438100	-9.930950	-42.889598	0.000000
0	0	342	146.709000	-39.057700	-58.532200	-65.399800	-61.857308	0.000000
0	0	343	122.856000	-3.271380	-60.688700	-13.335100	-46.542750	0.000000
0	0	344	112.256000	-25.445000	-24.392800	5.927660	-68.104738	0.000000
0	0	345	111.648000	-32.201500	-45.462000	4.778510	-62.655292	0.000000
0	0	346	77.795400	-25.033000	-38.702100	-10.419500	-61.447646	0.000000
0	0	347	120.737000	-2.019300	-57.081400	-27.043000	-46.013019	0.000000
0	0	348	106.669000	18.327800	-40.689400	-1.037280	-32.875842	0.000000
0	0	349	94.589300	-6.246920	-32.439100	-15.589900	-50.450114	0.000000
0	0	350	32.051400	4.451120	-8.524020	26.303400	-31.213544	0.000000
0	0	351	65.330700	-19.458900	-22.971300	24.762500	-65.133904	0.000000
0	0	352	83.477000	-4.302350	-44.459000	-39.747300	-47.763685	0.000000
0	0	353	70.997300	-14.245000	-11.376900	18.933500	-70.693533	0.000000
0	0	354	44.743000	15.416000	-27.881100	-2.032080	-30.530472	0.000000
0	0	355	84.690500	38.792300	-43.493900	-7.763610	-24.135081	0.000000
0	0	356	83.716200	16.327200	-28.936400	5.450260	-30.283191	0.000000
0	0	357	79.548700	-11.762000	-21.840100	-33.531200	-59.152357	0.000000
0	0	358	73.984700	20.904600	-30.219600	12.281500	-27.663103	0.000000
0	0	359	102.475000	48.555500	-42.913800	-0.737500	-20.735273	0.000000
0	0	360	110.613000	48.195700	11.677500	20.329900	6.809957	0.000000
0	0	361	43.490600	7.364320	-31.851400	7.488410	-38.490740	0.000000
0	0	362	46.935700	-5.976370	-20.751500	11.847200	-53.033121	0.000000
0	0	363	64.144800	17.480300	-32.249500	-33.897000	-30.770418	0.000000
0	0	364	90.736700	20.069900	-39.467500	-13.854700	-31.522942	0.000000
0	0	365	97.208200	34.066100	-36.296100	-28.053700	-23.407638	0.000000
0	0	366	137.051000	12.039500	-21.499800	-36.544600	-30.375980	0.000000
0	0	367	127.550000	-1.571970	-20.896900	-1.364530	-47.150987	0.000000
0	0	368	86.598400	59.865600	-45.681500	-13.324700	-18.673040	0.000000
0	0	369	89.730300	7.485360	-14.580800	14.960500	-31.412675	0.000000
0	0	370	76.023000	39.464500	-9.789300	-8.543340	-6.965610	0.000000
0	0	371	111.770000	42.233700	-38.539600	-29.951300	-21.190725	0.000000
0	0	372	97.891800	-1.753090	-17.595800	34.828300	-47.844834	0.000000
0	0	373	86.077500	8.364720	-38.351600	28.045900	-38.848061	0.000000
0	0	374	68.279700	16.991600	-16.033100	-17.026100	-21.668765	0.000000
0	0	375	81.306800	35.729200	-4.782090	33.465800	-3.811656	0.000000
0	0	376	74.520200	30.824600	-45.157500	30.859200	-27.841238	0.000000
0	0	377	14.579700	9.329070	-14.926800	-18.258500	-28.997557	0.000000
0	0	378	62.608400	36.207200	-36.197000	9.906910	-22.495964	0.000000
0	0	379	19.311800	-9.576740	-48.193000	-5.986300	-50.619600	0.000000
0	0	380	76.823400	10.338300	-30.337800	-15.997700	-35.591141	0.000000
0	0	381	59.622300	12.215000	-22.715300	-32.108300	-30.865578	0.000000
0	0	382	72.974900	0.245260	16.063900	-13.092600	44.562644	0.000000
0	0	383	81.287200	7.694820	-29.387100	-27.671700	-37.663447	0.000000
0	0	384	73.906600	14.695200	-11.232300	20.528100	-18.696273	0.000000
0	0	385	93.190100	-6.998660	14.867500	8.656870	57.604015	0.000000
0	0	386	74.737000	6.565060	-27.494300	-41.081300	-38.285218	0.000000
0	0	387	102.458000	22.926800	-56.145100	-14.364700	-33.893698	0.000000
0	0	388	106.025000	5.407530	19.817700	-29.426100	37.368804	0.000000
0	0	389	91.807600	24.773400	-13.298700	9.892920	-14.113756	0.000000
0	0	390	63.736400	6.473070	-3.136560	10.153400	-12.926376	0.000000
0	0	391	56.288500	-17.452600	-17.733300	-5.612850	-67.271463	0.000000
0	0	392	54.832800	35.943100	-21.088900	10.810000	-15.200717	0.000000
0	0	393	65.139700	22.159200	-10.222500	26.140300	-12.382429	0.000000
0	0	394	28.355700	-2.222770	4.851980	0.366666	57.306638	0.000000
0	0	395	77.213200	-8.849550	-46.393300	-43.936200	-50.399735	0.000000
0	0	396	49.893000	18.827100	7.243870	8.559860	10.522305	0.000000
0	0	397	56.562500	-16.892900	-15.587100	-22.117800	-68.651117	0.000000
0	0	398	42.571800	-11.946500	-17.975100	-2.198540	-61.804281	0.000000
0	0	399	55.611700	-38.122100	-0.180922	-19.644000	-89.864042	0.000000
0	0	400	35.688500	9.777850	0.468617	-34.065100	1.371940	0.000000
0	0	401	43.591600	43.291700	-16.256600	2.345640	-10.290907	0.000000
0	0	402	61.962600	-20.322400	10.203100	10.753400	76.670261	0.000000
0	0	403	44.220900	4.987610	-14.465600	-7.558550	-35.488131	0.000000
0	0	404	50.759800	17.451000	-27.801200	19.771000	-28.941616	0.000000
0	0	405	65.760600	50.126700	-19.129000	18.268600	-10.443752	0.000000
0	0	406	48.912300	8.847490	36.340900	-23.732400	38.158533	0.000000
0	0	407	58.439200	20.749300	-56.253900	25.098900	-34.876730	0.000000
0	0	408	63.256600	23.792100	-21.041200	-26.331900	-20.744412	0.000000
0	0	409	35.303100	-12.454800	-15.692100	40.693900	-64.219493	0.000000
0	0	410	11.511800	11.280400	-54.352500	18.390300	-39.137599	0.000000
0	0	411	34.933500	31.540800	-1.487050	15.991100	-1.349659	0.000000
0	0	412	57.673800	44.047200	-18.287200	-19.062000	-11.273448	0.000000
0	0	413	58.676300	36.607800	5.154300	22.551300	4.007220	0.000000
0	0	414	69.718400	-19.772000	10.617800	-22.077300	75.881835	0.000000
0	0	415	52.044300	-27.321300	4.224070	-31.176300	85.605623	0.000000
0	0	416	31.740100	9.845940	-10.957700	-11.310400	-24.029507	0.000000
0	0	417	65.752500	13.832700	-19.941000	2.238540	-27.625838	0.000000
0	0	418	71.082900	-5.027070	9.792580	-17.965000	58.586962	0.000000
0	0	419	45.855300	22.906000	1.985670	-27.983600	2.477229	0.000000
0	0	420	44.674500	6.783780	-3.742140	29.159800	-14.441234	0.000000
0	0	421	15.763300	24.852700	21.709200	-40.357300	20.568846	0.000000
0	0	422	12.305800	-11.096900	1.103550	-0.169112	87.160398	0.000000
0	0	423	52.428900	-0.287935	-36.259200	3.173360	-45.227489	0.000000
0	0	424	50.345600	-0.601585	-31.976600	-10.307900	-45.538897	0.000000
0	0	425	58.228200	4.542420	-4.294520	-1.927570	-21.696560	0.000000
0	0	426	14.196300	-15.396000	23.905600	9.871630	61.391440	0.000000
0	0	427	40.373400	-3.399070	1.900690	-5.764850	75.393489	0.000000
0	0	428	-7.329000	4.030120	-57.454900	-20.053600	-42.993807	0.000000
0	0	429	49.574400	28.320100	-4.101320	23.311100	-4.120146	0.000000
0	0	430	17.221300	-5.959040	-25.306700	8.719280	-51.625111	0.000000
0	0	431	39.392100	-10.717900	-10.932400	20.769000	-67.216181	0.000000
0	0	432	51.062300	8.788070	-37.420800	-18.061400	-38.391945	0.000000
0	0	433	59.762600	-10.249000	5.835410	-0.003464	75.172189	0.000000
0	0	434	18.062700	-21.862100	-7.128240	3.469440	-80.970600	0.000000
0	0	435	30.002000	17.396100	-38.509900	-1.552430	-32.844925	0.000000
0	0	436	46.699200	20.402100	-35.128000	13.241500	-29.926138	0.000000
0	0	437	56.006200	18.349800	20.769500	-10.534900	24.269743	0.000000
0	0	438	37.848300	-7.847320	-30.604900	11.063500	-52.190618	0.000000
0	0	439	33.408000	11.521500	-21.548100	11.555100	-30.933570	0.000000
0	0	440	63.601300	31.333400	-21.979900	24.983200	-17.524536	0.000000
0	0	441	51.597300	1.169850	-27.019600	-1.381500	-43.760425	0.000000
0	0	442	57.588800	20.329200	-13.653300	17.658500	-16.942858	0.000000
0	0	443	20.446700	20.028100	-2.489960	6.133610	-3.543420	0.000000
0	0	444	77.961200	1.570460	-23.882600	-12.982300	-43.118895	0.000000
0	0	445	33.011900	9.395420	-1.130410	18.955500	-3.430282	0.000000
0	0	446	21.604100	23.591000	-19.925100	-32.148400	-20.092318	0.000000
0	0	447	17.961100	10.576300	-24.933100	-50.805700	-33.506984	0.000000
0	0	448	78.823300	-14.033200	-9.893420	-9.113310	-72.408063	0.000000
0	0	449	27.146000	22.748500	-27.876300	32.162800	-25.391890	0.000000
0	0	450	26.679200	6.932480	-20.999800	16.374800	-35.865423	0.000000
0	0	451	61.022900	-15.017400	-49.240900	-28.238800	-53.480281	0.000000
0	0	452	25.248000	-3.158180	-4.377190	20.249700	-62.905385	0.000000
0	0	453	67.879000	-10.634500	19.111300	14.601500	59.546895	0.000000
0	0	454	69.649700	14.468100	-26.422900	23.052100	-30.648344	0.000000
0	0	455	45.071600	50.137000	-13.858200	-23.316500	-7.725576	0.000000
0	0	456	74.121900	21.359600	24.833500	2.742140	24.650384	0.000000
0	0	457	23.373800	35.373000	-25.336400	-5.205050	-17.806328	0.000000
0	0	458	40.488100	12.723700	-18.425900	-13.023800	-27.686812	0.000000
0	0	459	15.205200	-17.067600	8.911670	-6.438540	76.214578	0.000000
0	0	460	40.971800	-3.236380	-7.750410	40.453500	-56.332106	0.000000
0	0	461	18.706300	22.298300	-4.641850	-8.224080	-5.879676	0.000000
0	0	462	40.362600	-8.102640	36.901400	-9.761050	51.192106	0.000000
0	0	463	6.375360	-7.321380	-10.321100	22.111000	-62.675191	0.000000
0	0	464	43.363300	-7.843800	7.424700	0.499961	68.286149	0.000000
0	0	465	13.904900	-8.502730	-14.031000	-10.819000	-60.607848	0.000000
0	0	466	0.635980	39.952000	-18.693100	-7.558730	-12.537188	0.000000
0	0	467	27.373400	7.912320	-20.185500	17.495700	-34.297897	0.000000
0	0	468	62.883600	28.917500	-1.909870	9.131830	-1.889320	0.000000
0	0	469	50.143300	8.755930	-19.568800	-19.539200	-32.947094	0.000000
0	0	470	26.959200	-17.458600	5.789740	-31.326300	80.826547	0.000000
0	0	471	40.755800	-5.316820	8.209590	36.831600	61.464259	0.000000
0	0	472	54.204600	27.040500	11.780900	-9.403560	11.770803	0.000000
0	0	473	69.061000	60.051700	-5.372200	14.163900	-2.556024	0.000000
0	0	474	47.129100	13.821400	2.373880	11.186000	4.872844	0.000000
0	0	475	51.454400	-3.233910	-23.639300	-16.208800	-48.894919	0.000000
0	0	476	14.068000	1.418210	4.644030	19.844900	36.509097	0.000000
0	0	477	91.091400	-11.442400	-20.749000	-1.675960	-59.437655	0.000000
0	0	478	42.893400	-3.267870	-15.179200	5.500770	-51.074772	0.000000
0	0	479	34.184100	13.152300	7.236720	-24.831300	14.410338	0.000000
0	0	480	60.771300	-5.268110	41.828100	-14.541500	48.589208	0.000000
0	0	481	11.173300	20.184700	-46.995900	16.441500	-33.378259	0.000000
0	0	482	21.502400	15.137300	5.771910	2.887280	10.436020	0.000000
0	0	483	51.593700	-10.446400	-30.897200	33.596000	-54.340245	0.000000
0	0	484	73.300800	19.637700	-20.117500	26.127300	-22.845731	0.000000
0	0	485	2.753250	9.248960	8.417330	-6.612620	21.152413	0.000000
0	0	486	65.481400	41.138300	-17.980300	-6.184010	-11.804338	0.000000
0	0	487	41.960800	24.228300	-6.112290	-47.368900	-7.079535	0.000000
0	0	488	25.024700	5.545620	-7.466080	44.054800	-26.697973	0.000000
0	0	489	80.417500	28.135500	-14.248700	50.770200	-13.429542	0.000000
0	0	490	36.580800	12.670700	-24.406400	-11.294800	-31.281850	0.000000
0	0	491	14.559200	23.511300	-10.614400	-13.156800	-12.148624	0.000000
0	0	492	49.380300	4.458570	-24.329400	13.349500	-39.807644	0.000000
0	0	493	36.830900	1.256230	7.633470	-3.834460	40.327338	0.000000
0	0	494	24.020400	20.555000	-4.530390	-5.605050	-6.214729	0.000000
0	0	495	21.267500	-13.286600	1.327540	9.122180	87.147094	0.000000
0	0	496	27.431500	4.604710	-29.216900	15.536300	-40.521804	0.000000
0	0	497	46.456800	-19.112200	5.858890	-24.505500	81.478478	0.000000
0	0	498	46.882000	4.079190	4.572190	0.705097	24.130740	0.000000
0	0	499	48.294300	-3.829680	-36.069000	-6.735210	-48.030379	0.000000
0	0	500	39.587100	-44.872500	-14.686500	-37.059600	-80.938519	0.000000
0	0	501	15.684300	3.105270	-1.212010	35.782200	-10.660536	0.000000
0	0	502	30.072900	-9.543550	-7.075820	7.971800	-71.722932	0.000000
0	0	503	8.545230	-24.259100	-14.381400	10.545400	-74.669740	0.000000
0	0	504	7.101800	20.723000	-7.281000	-17.031600	-9.679431	0.000000
0	0	505	30.382600	-25.115200	17.255700	-4.948670	72.754260	0.000000
0	0	506	65.133800	-6.851310	16.922800	21.660400	56.020448	0.000000
0	0	507	0.503383	-26.506200	5.479820	-0.633015	84.159691	0.000000
0	0	508	52.073400	-14.674200	-15.700100	35.622100	-66.532778	0.000000
0	0	509	55.168700	18.598100	-10.423700	6.182760	-14.634688	0.000000
0	0	510	6.601790	-7.222450	20.491100	-23.945300	54.707953	0.000000
0	0	511	28.815800	23.245500	20.518500	8.359540	20.717212	0.000000
0	0	512	39.644500	29.689300	-24.620300	31.317300	-19.833866	0.000000
0	0	513	45.854300	52.663500	-28.694000	4.034260	-14.292001	0.000000
0	0	514	19.526500	17.625400	-21.312900	-20.119900	-25.204920	0.000000
0	0	515	29.991900	-14.001200	5.656960	8.820600	78.999810	0.000000
0	0	516	32.536000	5.261170	-23.249600	12.572800	-38.624622	0.000000
0	0	517	42.437000	-15.797400	-9.702340	0.170752	-74.221434	0.000000
0	0	518	22.623900	-10.818000	-22.692200	-17.966600	-57.744215	0.000000
0	0	519	17.479100	-1.471760	-26.050800	19.601400	-46.616766	0.000000
0	0	520	49.715700	-15.010800	-5.121940	-1.056180	-80.579743	0.000000
0	0	521	20.644000	35.060800	-11.271900	-13.547500	-8.911190	0.000000
0	0	522	23.045800	25.898000	-34.298100	23.451800	-26.472037	0.000000
0	0	523	73.414800	-13.411700	-20.136600	-22.747400	-61.832522	0.000000
0	0	524	24.808800	3.640630	-3.131670	3.163030	-20.351059	0.000000
0	0	525	64.111500	14.965000	-0.714147	-1.891440	-1.366074	0.000000
0	0	526	42.346900	15.183400	-3.850060	18.242900	-7.114307	0.000000
0	0	527	68.618700	-13.707400	14.327900	-20.120900	66.866045	0.000000
0	0	528	59.054000	4.702060	-2.776490	14.276700	-15.280580	0.000000
0	0	529	8.216340	-2.914160	-8.288990	-22.501100	-54.685072	0.000000
0	0	530	87.442400	-10.820500	-0.117282	-1.822900	-89.689501	0.000000
0	0	531	-13.246300	37.334700	-2.276600	11.981400	-1.744734	0.000000
0	0	532	29.456400	-42.224900	-21.404900	-27.352400	-76.559182	0.000000
0	0	533	21.277900	7.511090	-29.142300	-9.843250	-37.773613	0.000000
0	0	534	19.308000	2.928620	-12.853400	2.376480	-38.582201	0.000000
0	0	535	28.570200	26.765100	-44.963300	-8.161380	-29.618061	0.000000
0	0	536	66.435600	-12.450300	-61.209200	4.146390	-50.748718	0.000000
0	0	537	46.006100	8.059270	-4.741330	8.086400	-15.234312	0.000000
0	0	538	31.053000	-14.931500	-7.175440	7.919360	-77.166526	0.000000
0	0	539	32.708100	-2.259490	-13.997100	13.012600	-49.584950	0.000000
0	0	540	56.425700	7.129630	-15.388400	7.928580	-32.570573	0.000000
0	0	541	53.234800	-15.387600	17.985200	2.600230	65.274654	0.000000
0	0	542	29.386200	16.063100	-22.438600	-5.882760	-27.201148	0.000000
0	0	543	44.938600	-8.041090	-56.556800	-11.023100	-49.045961	0.000000
0	0	544	29.452000	21.716300	7.830380	-29.844900	9.914047	0.000000
0	0	545	64.081300	54.480600	-23.398600	33.352100	-11.621398	0.000000
0	0	546	66.139100	-31.056000	-15.306400	22.354600	-76.881474	0.000000
0	0	547	24.381600	5.047350	-0.260614	19.135100	-1.477888	0.000000
0	0	548	4.041510	32.144400	4.155150	4.611730	3.682751	0.000000
0	0	549	39.242300	10.155900	-22.098100	-23.215700	-32.658658	0.000000
0	0	550	48.091300	0.899772	1.004310	-4.606910	24.071250	0.000000
0	0	551	50.397300	36.199800	-21.041600	0.718176	-15.083924	0.000000
0	0	552	38.453200	13.337500	1.747560	-18.634200	3.732358	0.000000
0	0	553	59.596900	12.881100	15.981000	10.885500	25.565143	0.000000
0	0	554	56.597500	35.162300	-12.611100	21.370600	-9.865288	0.000000
0	0	555	59.165900	6.608010	-8.452120	1.270900	-25.990552	0.000000
0	0	556	60.415800	25.393100	-5.458180	6.649020	-6.065499	0.000000
0	0	557	42.962600	36.088300	3.717050	11.548000	2.940329	0.000000
0	0	558	70.009800	23.343500	-28.567000	-36.947900	-25.373026	0.000000
0	0	559	65.500100	16.292400	34.097700	4.753600	32.230410	0.000000
0	0	560	62.563100	-2.944010	-18.718500	-13.938000	-49.469076	0.000000
0	0	561	22.738000	9.630450	18.171200	-7.526210	31.038557	0.000000
0	0	562	18.208000	7.008600	-33.837700	0.368085	-39.149067	0.000000
0	0	563	58.788300	10.495800	-2.332970	-12.254400	-6.265886	0.000000
0	0	564	32.232400	-3.769240	10.182000	-18.376400	55.156939	0.000000
0	0	565	26.284800	-11.738200	29.462700	-11.763400	55.861387	0.000000
0	0	566	26.148900	8.199000	29.855000	-2.229040	37.321800	0.000000
0	0	567	38.556000	26.245200	7.741550	-8.350240	8.217242	0.000000
0	0	568	1.698170	-12.510000	-4.627280	-4.911500	-79.850623	0.000000
0	0	569	71.017700	4.928870	21.924300	-1.493110	38.664905	0.000000
0	0	570	-1.849760	10.360600	5.331230	-62.713000	13.614443	0.000000
0	0	571	51.438600	-4.845520	-13.113500	-26.234500	-55.139793	0.000000
0	0	572	30.234800	-22.245900	19.961800	-30.117900	69.048790	0.000000
0	0	573	42.954300	5.285360	15.158400	34.141700	35.388799	0.000000
0	0	574	34.055700	12.102000	29.545700	13.367600	33.862929	0.000000
0	0	575	20.325100	-5.403210	-0.029739	38.815300	-89.842323	0.000000
0	0	576	18.081900	-15.363200	19.065300	-13.261600	64.431281	0.000000
0	0	577	7.393710	-5.300790	-6.664470	-17.155500	-64.249029	0.000000
0	0	578	49.207400	-24.469900	-62.520600	18.817900	-55.687424	0.000000
0	0	579	26.651100	-5.387700	9.844580	10.734700	59.345410	0.000000
0	0	580	23.058800	6.312380	11.718100	-2.540220	30.844631	0.000000
0	0	581	37.383300	-23.167200	-0.032236	-4.495790	-89.960137	0.000000
0	0	582	51.032600	5.053080	-14.383900	-10.524300	-35.321784	0.000000
0	0	583	14.493200	-8.785270	-3.228540	-2.404350	-79.910944	0.000000
0	0	584	77.924200	-1.642080	3.487040	-14.158000	57.608094	0.000000
0	0	585	36.231200	-11.505800	35.294300	-21.553100	54.027880	0.000000
0	0	586	13.493000	17.611500	-38.960500	17.895700	-32.837689	0.000000
0	0	587	14.635900	-45.472600	-12.193300	-49.464200	-82.494737	0.000000
0	0	588	18.364600	5.861590	2.232160	22.073300	10.423701	0.000000
0	0	589	46.843000	37.568000	-20.441900	15.729300	-14.275983	0.000000
0	0	590	-21.400800	-18.038700	26.451800	-6.291090	62.145939	0.000000
0	0	591	52.550800	-43.091600	12.658900	5.748700	81.814470	0.000000
0	0	592	45.682800	-16.734800	-13.237200	-30.027300	-70.828030	0.000000
0	0	593	-9.177970	-17.748200	21.484800	-16.530200	64.779744	0.000000
0	0	594	28.621600	14.533400	31.977300	8.886800	32.779312	0.000000
0	0	595	58.724800	-11.707100	-10.682400	-21.044100	-68.810213	0.000000
0	0	596	25.668600	0.178695	-1.556150	2.532320	-41.724667	0.000000
0	0	597	8.559900	-16.765800	37.746600	-14.828800	56.974610	0.000000
0	0	598	56.664700	19.277900	-37.042200	-11.550300	-31.253072	0.000000
0	0	599	34.050200	-14.152500	-17.332300	5.019120	-64.616490	0.000000
0	0	600	46.759800	-18.181600	5.883230	-22.242800	81.034688	0.000000
0	0	601	25.297600	1.280610	10.125800	-6.382070	41.396035	0.000000
0	0	602	12.498500	-2.956790	-6.216860	1.522510	-57.718073	0.000000
0	0	603	35.503200	-8.357760	-30.016700	12.187800	-52.779585	0.000000
0	0	604	28.364000	12.180400	0.555167	11.082300	1.304831	0.000000
0	0	605	70.407300	-2.328210	10.911000	2.294930	51.022619	0.000000
0	0	606	22.780800	-22.875500	-2.337980	27.321500	-87.082187	0.000000
0	0	607	32.218300	5.622040	-10.665200	16.993900	-31.102274	0.000000
0	0	608	57.221400	7.884180	20.331400	-23.606300	34.402266	0.000000
0	0	609	59.346600	-7.537530	22.246800	28.656700	54.358553	0.000000
0	0	610	56.380500	22.657800	-16.430800	-21.569000	-17.974284	0.000000
0	0	611	28.883800	18.544200	-6.300390	13.929400	-9.382594	0.000000
0	0	612	55.235800	-1.517510	8.594180	-27.807100	50.006867	0.000000
0	0	613	60.085200	31.623200	9.748050	19.867300	8.566121	0.000000
0	0	614	19.307600	-4.287110	14.322600	-13.445800	53.331874	0.000000
0	0	615	45.031300	13.902400	7.695390	-42.776500	14.482913	0.000000
0	0	616	37.196600	17.200000	-4.940240	2.992160	-8.012648	0.000000
0	0	617	48.944700	10.034000	-2.177240	-9.831870	-6.121306	0.000000
0	0	618	61.209300	-4.204970	-18.863800	-35.768000	-51.283236	0.000000
0	0	619	26.163900	-3.946550	33.704300	-18.392000	48.339272	0.000000
0	0	620	44.087000	27.767600	5.328780	-0.109027	5.431676	0.000000
0	0	621	14.529700	52.676300	2.134220	14.089000	1.160056	0.000000
0	0	622	12.112600	8.796940	-17.064200	40.267100	-31.363990	0.000000
0	0	623	35.728000	-1.614640	11.067200	-14.219400	49.150279	0.000000
0	0	624	11.007900	0.655381	-6.927750	6.945220	-42.297886	0.000000
0	0	625	83.716400	15.608200	18.003800	-0.737112	24.538350	0.000000
0	0	626	46.737300	7.227870	17.755800	3.808270	33.925095	0.000000
0	0	627	50.853700	-13.074000	9.750080	-6.841010	71.642929	0.000000
0	0	628	53.016500	20.555800	10.290200	71.567900	13.296236	0.000000
0	0	629	10.665900	-13.730200	-32.197700	-23.694800	-56.547529	0.000000
0	0	630	28.776300	5.960720	2.904250	8.140460	12.988399	0.000000
0	0	631	71.401700	-3.147570	11.553000	-30.412900	52.620062	0.000000
0	0	632	90.083800	-3.828940	-39.583800	-50.568700	-47.762515	0.000000
0	0	633	50.223500	18.151500	-10.452200	-33.061700	-14.967340	0.000000
0	0	634	13.998500	13.535000	-23.733200	7.264040	-30.151984	0.000000
0	0	635	48.539400	21.534200	14.054700	-17.144600	16.565615	0.000000
0	0	636	43.960900	14.432300	-4.406140	7.461730	-8.488640	0.000000
0	0	637	64.519500	6.162700	-35.377500	6.744870	-40.059165	0.000000
0	0	638	56.224300	-1.575670	-14.873600	22.330700	-48.023605	0.000000
0	0	639	29.026100	-8.144480	-5.482200	-10.451600	-73.027387	0.000000
0	0	640	16.440500	43.626300	-13.572300	-6.019720	-8.640554	0.000000
0	0	641	34.031800	-20.444900	-12.037100	-0.021077	-74.756103	0.000000
0	0	642	18.349400	-7.761240	10.152100	0.982823	63.698884	0.000000
0	0	643	26.455500	-17.110200	-19.895800	26.359100	-65.347610	0.000000
0	0	644	43.526700	4.806240	6.623650	2.379450	27.017342	0.000000
0	0	645	8.149870	20.449300	4.536390	-20.180400	6.253858	0.000000
0	0	646	32.242900	14.323300	1.702270	30.305400	3.388798	0.000000
0	0	647	10.143200	33.351500	26.131900	-22.481500	19.039882	0.000000
0	0	648	50.617000	-15.739000	-2.829260	-10.860300	-84.904643	0.000000
0	0	649	31.226200	15.861900	17.233400	48.647800	23.686516	0.000000
0	0	650	38.131400	3.164410	9.195660	15.470200	35.505319	0.000000
0	0	651	47.079300	-6.836780	-35.712700	-13.015800	-50.418743	0.000000
0	0	652	24.613500	-1.197080	-15.223300	-2.492160	-47.248093	0.000000
0	0	653	92.027500	-0.316349	7.824120	-5.818940	46.157676	0.000000
0	0	654	-4.707240	23.956700	21.045400	3.039440	20.649274	0.000000
0	0	655	24.717000	-4.150070	10.148700	-23.497800	56.120471	0.000000
0	0	656	47.460400	-4.857220	-5.918850	17.564300	-64.686763	0.000000
0	0	657	37.824100	-12.658600	41.102800	-12.683100	53.558740	0.000000
0	0	658	50.207600	23.264400	-21.007900	1.393740	-21.041118	0.000000
0	0	659	34.788900	-11.941600	-13.340900	-4.765090	-65.916053	0.000000
0	0	660	41.809000	1.674970	1.608030	-4.236260	21.915954	0.000000
0	0	661	55.082700	-31.323200	8.105550	39.158300	82.745868	0.000000
0	0	662	41.096000	10.885600	-16.534500	30.924700	-28.320410	0.000000
0	0	663	22.470700	-2.201300	-9.274520	-19.204900	-51.676020	0.000000
0	0	664	24.109500	-16.544200	-6.209730	22.465000	-79.713393	0.000000
0	0	665	45.811600	5.408630	17.644000	-23.931700	36.478745	0.000000
0	0	666	49.940200	31.976000	-17.097000	-8.101350	-14.066313	0.000000
0	0	667	10.979200	2.848350	17.270200	-30.702000	40.317299	0.000000
0	0	668	29.459300	8.065220	-22.550500	-10.432700	-35.160167	0.000000
0	0	669	47.917000	25.134400	-5.644180	-11.705600	-6.328192	0.000000
0	0	670	59.322200	-10.331900	-2.403130	-7.368720	-83.453100	0.000000
0	0	671	16.271100	5.369470	-3.277260	-8.064310	-15.698917	0.000000
0	0	672	5.900760	-14.184400	14.523100	13.156000	67.162019	0.000000
0	0	673	50.911900	6.060330	-27.117600	-4.436010	-38.701179	0.000000
0	0	674	13.657000	26.672400	-36.961500	0.389332	-27.092392	0.000000
0	0	675	23.948800	25.503800	18.264600	-12.693800	17.804212	0.000000
0	0	676	18.075600	-6.400160	-5.925670	-16.787300	-68.602273	0.000000
0	0	677	48.747300	-12.083200	-5.641620	-16.806000	-77.486115	0.000000
0	0	678	28.374100	2.089330	-11.320900	11.241800	-39.771715	0.000000
0	0	679	15.032800	-0.488938	-31.011300	-28.335400	-45.451638	0.000000
0	0	680	35.243100	-43.588200	11.904500	4.766830	82.362159	0.000000
0	0	681	54.905000	4.804810	4.555820	23.469500	21.738154	0.000000
0	0	682	9.146770	-15.665200	-20.203700	-17.236000	-63.894337	0.000000
0	0	683	19.342200	-16.605200	7.501730	-25.387300	77.843989	0.000000
0	0	684	32.632100	26.373600	-15.990800	2.748310	-15.614603	0.000000
0	0	685	-11.591500	-14.352400	-11.101100	-11.330200	-71.139625	0.000000
0	0	686	43.838100	4.778740	37.112400	-25.465400	41.331371	0.000000
0	0	687	33.094600	9.967970	-7.640480	-19.090200	-18.735139	0.000000
0	0	688	51.661700	10.920200	-26.091300	4.014450	-33.644419	0.000000
0	0	689	6.031450	8.024150	-22.895700	26.144200	-35.343102	0.000000
0	0	690	21.592200	-11.856300	-18.431400	-15.716900	-61.375907	0.000000
0	0	691	27.163300	-12.828600	-2.940700	0.326602	-83.544572	0.000000
0	0	692	59.063600	-9.487800	-25.217100	-26.802100	-55.309271	0.000000
0	0	693	56.685300	0.834103	-9.047220	16.605900	-42.366270	0.000000
0	0	694	91.798900	5.856770	-1.593630	-23.224700	-7.610844	0.000000
0	0	695	50.089400	11.214400	-19.655700	31.049700	-30.146716	0.000000
0	0	696	30.954000	-3.107340	-11.935500	11.386900	-52.296348	0.000000
0	0	697	0.638201	13.197500	-78.761200	13.492800	-40.243845	0.000000
0	0	698	26.935100	48.298400	-13.823600	4.820550	-7.985889	0.000000
0	0	699	67.159300	-25.371600	-16.582800	17.911400	-73.415746	0.000000
0	0	700	55.866500	-3.121380	-20.032600	-11.881000	-49.428165	0.000000
0	0	701	19.574000	-9.197290	-2.096550	15.730800	-83.579338	0.000000
0	0	702	25.014300	5.532850	6.816310	2.315320	25.466751	0.000000
0	0	703	29.227100	-2.702070	0.912028	-1.537000	80.674475	0.000000
0	0	704	20.396900	-16.113300	15.932100	-5.254700	67.661987	0.000000
0	0	705	50.783300	-8.697210	23.700700	29.510900	55.075560	0.000000
0	0	706	35.011300	-2.774930	-9.101630	-12.907400	-53.477780	0.000000
0	0	707	17.910100	-0.852157	6.872940	-6.170200	48.533938	0.000000
0	0	708	45.591900	-6.962580	-1.151210	-17.727100	-85.305758	0.000000
0	0	709	7.998260	12.355400	41.066500	-3.914940	36.627695	0.000000
0	0	710	36.218800	-4.727840	-18.461900	-30.513500	-52.181989	0.000000
0	0	711	57.048600	-11.399500	-20.821700	-3.675370	-59.349949	0.000000
0	0	712	65.248100	11.725900	-43.283800	-19.932500	-37.420990	0.000000
0	0	713	54.310600	-4.856550	-18.098900	-0.127097	-52.510284	0.000000
0	0	714	11.064900	-13.495400	0.599228	23.811300	88.728800	0.000000
0	0	715	43.388400	-34.832200	-35.888500	-15.743700	-67.072141	0.000000
0	0	716	39.335700	-9.002230	15.596600	-20.017000	59.996595	0.000000
0	0	717	29.768700	18.943000	-9.782410	23.485100	-13.656207	0.000000
0	0	718	19.247500	-3.523810	-16.379600	-7.170720	-51.070611	0.000000
0	0	719	0.904095	11.522700	11.542000	-10.930000	22.523972	0.000000
0	0	720	45.877600	36.924700	20.124300	16.923400	14.295395	0.000000
0	0	721	-5.538090	4.166920	-10.596100	-8.193570	-34.266375	0.000000
0	0	722	12.341300	-11.669900	28.298600	50.714400	56.205242	0.000000
0	0	723	22.721500	16.637000	3.052910	29.219200	5.199082	0.000000
0	0	724	11.729700	10.176800	-15.661300	8.807070	-28.491982	0.000000
0	0	725	8.950630	19.996000	18.823600	6.920780	21.635061	0.000000
0	0	726	28.706400	-0.277096	-35.994700	12.125200	-45.220534	0.000000
0	0	727	11.233800	14.270400	20.229800	-20.036500	27.400146	0.000000
0	0	728	8.603420	28.731300	23.380600	-5.900190	19.568789	0.000000
0	0	729	36.729200	3.168590	29.959900	-17.939900	41.981391	0.000000
0	0	730	39.567300	34.589800	8.297090	-9.080930	6.744372	0.000000
0	0	731	-1.336720	-13.161700	-3.596000	-12.841600	-82.359384	0.000000
0	0	732	13.155800	6.305350	5.800870	-7.975860	21.306900	0.000000
0	0	733	-29.759900	-16.099700	-2.611820	-5.596500	-85.392653	0.000000
0	0	734	8.973650	14.634100	-11.475400	8.962820	-19.050970	0.000000
0	0	735	27.477600	-5.440700	-10.448900	-10.599000	-58.752905	0.000000
0	0	736	7.123850	-22.317600	9.439440	-27.151900	78.536804	0.000000
0	0	737	4.941090	15.893600	-0.112738	-0.855191	-0.203205	0.000000
0	0	738	14.056100	-5.178810	-2.761080	-5.547070	-75.967857	0.000000
0	0	739	10.021400	0.020005	-12.128800	-0.489686	-44.952748	0.000000
0	0	740	-1.665670	11.513600	-8.693580	-15.039300	-18.527689	0.000000
0	0	741	-8.259940	17.013800	0.776973	-4.765480	1.307361	0.000000
0	0	742	-7.458070	6.662310	20.735000	-5.949520	36.093701	0.000000
0	0	743	28.232600	-5.904660	-29.803800	1.874860	-50.603097	0.000000
0	0	744	-34.655400	-10.152300	8.401510	19.695200	70.195315	0.000000
0	0	745	-12.259600	-14.598300	-2.903380	-17.635300	-84.375760	0.000000
0	0	746	-3.826470	-15.134600	-9.505870	-33.246600	-73.933769	0.000000
0	0	747	-11.345400	-8.362020	-15.026200	4.674150	-59.547881	0.000000
0	0	748	45.024700	-0.556967	-21.240400	-2.560570	-45.751035	0.000000
0	0	749	24.308300	1.085300	-12.950800	-5.046870	-42.604852	0.000000
0	0	750	7.795400	14.575400	-2.563720	14.628400	-4.987959	0.000000
0	0	751	33.316000	-33.096100	0.884340	-4.964430	89.234700	0.000000
0	0	752	26.491000	-19.900500	0.762841	-0.483730	88.902385	0.000000
0	0	753	31.389900	-5.825740	-37.423500	25.086400	-49.424126	0.000000
0	0	754	12.485500	16.094500	18.999100	-3.561880	24.865714	0.000000
0	0	755	6.258680	9.307190	-26.927900	-12.188200	-35.466563	0.000000
0	0	756	-16.125200	13.216000	17.114700	-9.063490	26.162310	0.000000
0	0	757	15.095900	-6.410100	-37.355300	26.104700	-49.868508	0.000000
0	0	758	11.237500	-5.022910	-11.201800	1.012420	-57.075781	0.000000
0	0	759	29.116900	-3.777860	-14.843000	3.184210	-52.139899	0.000000
0	0	760	24.907400	6.228500	46.700700	3.492860	41.201630	0.000000
0	0	761	13.233300	-2.735150	7.529360	24.661200	54.982146	0.000000
0	0	762	30.109200	-1.339640	7.942410	51.882700	49.786961	0.000000
0	0	763	-0.654655	4.862840	7.233680	-12.188500	28.044520	0.000000
0	0	764	0.710058	-34.658500	-33.418100	-29.617400	-68.021925	0.000000
0	0	765	3.064450	15.140400	-13.632100	-5.954840	-20.999606	0.000000
0	0	766	-2.175780	27.255600	-10.642400	-43.278600	-10.664491	0.000000
0	0	767	-16.973700	11.240500	-29.633100	-14.581800	-34.613570	0.000000
0	0	768	-5.146490	-12.089200	38.165500	-3.375390	53.787989	0.000000
0	0	769	-9.250800	20.084600	-16.705400	-17.984100	-19.876024	0.000000
0	0	770	-16.063700	35.406100	12.766800	7.958690	9.914194	0.000000
0	0	771	45.755500	10.988500	7.343830	10.330700	16.877792	0.000000
0	0	772	-15.349000	-12.079400	14.700000	-12.194900	64.705450	0.000000
0	0	773	9.531560	6.092690	27.457600	4.243720	38.744544	0.000000
0	0	774	7.663370	29.662800	-9.274610	-11.473200	-8.681398	0.000000
0	0	775	26.541300	-12.097600	-13.742400	56.663600	-65.678926	0.000000
0	0	776	6.705100	-14.163300	9.169660	20.063300	73.540006	0.000000
0	0	777	-8.292050	5.620640	17.036300	-34.962300	35.870586	0.000000
0	0	778	3.733120	-11.604200	7.308310	29.523400	73.898665	0.000000
0	0	779	7.893070	33.054000	19.240100	10.752900	15.101432	0.000000
0	0	780	-4.918550	-17.615400	-23.943700	-24.259200	-63.170974	0.000000
0	0	781	6.308070	10.240800	-17.417600	4.510640	-29.773151	0.000000
0	0	782	-18.297600	-35.001200	-23.662700	-26.852600	-72.969592	0.000000
0	0	783	-7.644400	1.348000	27.543100	4.732270	43.599048	0.000000
0	0	784	-32.995700	-20.097400	-1.463230	-16.469900	-87.917909	0.000000
0	0	785	-26.074500	4.142020	23.104200	2.858380	39.918116	0.000000
0	0	786	-10.970200	-3.913080	-15.170600	-3.611830	-52.231759	0.000000
0	0	787	-37.710200	-17.685400	-4.717760	-17.822600	-82.531791	0.000000
0	0	788	-36.977000	-24.708800	-23.515800	-16.479100	-68.208559	0.000000
0	0	789	23.808200	-12.614900	9.023460	-10.902200	72.211897	0.000000
0	0	790	-31.319700	-10.901700	-19.038100	-6.918350	-59.898275	0.000000
0	0	791	5.979660	24.720500	-9.069300	4.990970	-10.073378	0.000000
0	0	792	-9.818460	-13.015000	3.562050	-24.663100	82.346828	0.000000
0	0	793	-23.602500	-10.687000	3.523490	12.854000	80.876340	0.000000
0	0	794	-29.364800	0.494682	-20.960700	-37.544300	-44.324022	0.000000
0	0	795	-12.525600	8.737690	28.377700	0.876940	36.443020	0.000000
0	0	796	-5.311160	43.238800	6.801620	8.297610	4.469790	0.000000
0	0	797	21.250700	-3.366720	-13.291300	2.911390	-52.107098	0.000000
0	0	798	-12.485400	-4.469680	-20.081600	-2.924510	-51.274058	0.000000
0	0	799	-29.002900	24.402100	44.008500	13.527300	30.496121	0.000000
0	0	800	26.214500	22.407500	-36.389000	13.894100	-29.188102	0.000000
0	0	801	-21.572500	-4.321590	-20.377000	-14.457100	-50.986985	0.000000
0	0	802	-12.025700	3.338180	-29.046500	-23.657000	-41.722012	0.000000
0	0	803	-21.426100	1.922590	61.002100	11.639500	44.097409	0.000000
0	0	804	-33.710900	-14.360400	-4.333880	13.792800	-81.603255	0.000000
0	0	805	-10.788000	3.873290	19.948800	-8.749640	39.506039	0.000000
0	0	806	-22.342000	81.462500	-13.460800	19.326600	-4.691364	0.000000
0	0	807	-21.158000	-7.296420	-2.056610	5.601140	-82.129340	0.000000
0	0	808	-24.757200	-26.729900	14.580600	29.805400	75.694230	0.000000
0	0	809	-28.907700	43.631900	0.101685	2.597570	0.066764	0.000000
0	0	810	11.011500	18.914000	-1.259240	-27.706700	-1.904484	0.000000
0	0	811	36.487200	23.086800	-2.344360	-11.415300	-2.899126	0.000000
0	0	812	27.256900	0.870927	-5.649880	-32.054800	-40.618426	0.000000
0	0	813	-31.951700	2.115150	-1.286620	1.370080	-15.655820	0.000000
0	0	814	48.816000	2.211940	19.667200	26.425100	41.791498	0.000000
0	0	815	13.474600	-23.735500	10.346000	1.338350	78.224115	0.000000
0	0	816	-14.840500	3.039280	-3.868390	11.896800	-25.922162	0.000000
0	0	817	-18.942400	-28.057900	-18.840000	-7.294340	-73.059939	0.000000
0	0	818	-13.427000	35.270500	30.358500	-31.522600	20.359840	0.000000
0	0	819	10.156000	-26.169900	12.876100	-12.973200	76.900958	0.000000
0	0	820	17.424500	-14.291400	36.171100	22.620200	55.779624	0.000000
0	0	821	-48.077300	7.265430	14.772500	24.914700	31.905529	0.000000
0	0	822	-22.431000	-20.630700	-8.415970	28.104500	-78.903884	0.000000
0	0	823	-36.697300	-4.575540	-6.997670	28.440800	-61.589658	0.000000
0	0	824	-81.989700	-2.777130	25.421400	16.322100	48.117243	0.000000
0	0	825	-3.976720	-0.615621	-13.755600	-11.020200	-46.281259	0.000000
0	0	826	-4.444330	-5.575910	8.915620	-18.130300	61.011118	0.000000
0	0	827	-34.148700	46.060000	38.615700	-12.812200	19.987868	0.000000
0	0	828	17.080000	-14.246200	26.561800	-17.204000	59.103257	0.000000
0	0	829	-23.223200	-26.945900	20.282500	-6.365150	71.515394	0.000000
0	0	830	-21.212300	-1.746260	16.579300	-13.619600	48.006332	0.000000
0	0	831	-13.557400	-25.414900	21.929000	-26.981500	69.605526	0.000000
0	0	832	-41.222400	-16.356400	-16.207900	7.665660	-67.630639	0.000000
0	0	833	-51.436100	63.246100	-6.666570	0.613604	-3.008573	0.000000
0	0	834	-7.663840	1.315400	-41.405000	17.211100	-44.090188	0.000000
0	0	835	-26.956600	-37.610200	7.809290	39.514100	84.134962	0.000000
0	0	836	-49.958700	-18.080100	2.913070	22.355800	85.423576	0.000000
0	0	837	1.659650	-10.273700	22.759800	5.280020	57.147131	0.000000
0	0	838	-12.869200	-37.018700	12.749500	9.552450	80.497966	0.000000
0	0	839	-64.302800	-24.335200	15.242200	9.112460	73.969643	0.000000
0	0	840	-30.309500	-40.514700	-70.161700	-26.115000	-60.002090	0.000000
0	0	841	8.876280	26.323600	27.366500	37.792500	23.056399	0.000000
0	0	842	-45.874800	22.569100	4.294720	-2.402660	5.387058	0.000000
0	0	843	-9.406910	-25.102900	-0.792174	14.745700	-89.096256	0.000000
0	0	844	24.006400	-43.751700	3.884670	5.454210	87.463035	0.000000
0	0	845	-37.193500	-4.986050	13.707800	-37.419600	54.994129	0.000000
0	0	846	8.997070	-30.196400	31.678200	34.104000	66.814059	0.000000
0	0	847	-18.779100	-6.976250	-18.700100	-22.584300	-55.229254	0.000000
0	0	848	-25.867500	-28.085100	2.809550	-35.934300	87.143653	0.000000
0	0	849	-40.073600	-45.872800	7.536240	-41.362100	85.335234	0.000000
0	0	850	4.574550	-0.465782	-13.240100	20.493400	-46.007407	0.000000
0	0	851	8.546390	-2.374800	-8.448310	-7.767320	-52.850274	0.000000
0	0	852	-12.672900	-20.179100	20.909500	-11.417000	66.990802	0.000000
0	0	853	3.034300	6.299150	-35.145300	-22.920000	-39.919337	0.000000
0	0	854	35.440400	13.830700	-14.075800	28.888200	-22.751605	0.000000
0	0	855	25.125700	-0.780049	-25.296600	-22.879700	-45.883110	0.000000
0	0	856	-6.638310	25.544900	-15.446500	31.248400	-15.580265	0.000000
0	0	857	41.502600	9.327410	-24.733100	-2.478810	-34.668704	0.000000
0	0	858	15.691900	-20.371700	-8.374900	23.892600	-78.826105	0.000000
0	0	859	52.868000	21.029900	-21.527300	-13.472300	-22.834816	0.000000
0	0	860	26.743600	-11.399000	-5.333010	22.638400	-77.463753	0.000000
0	0	861	49.498600	-35.815200	-5.001000	-26.014200	-86.025494	0.000000
0	0	862	14.620600	18.747300	-24.715200	6.990530	-26.409238	0.000000
0	0	863	44.309800	1.569280	2.810860	20.944200	30.412868	0.000000
0	0	864	20.262300	16.662300	27.675000	10.517300	29.474548	0.000000
0	0	865	30.946900	-39.866300	-18.331500	2.399530	-77.652936	0.000000
0	0	866	8.313000	11.118000	1.278950	7.636020	3.281065	0.000000
0	0	867	56.312700	-5.638300	25.383900	4.245190	51.261643	0.000000
0	0	868	1.199490	-5.325770	-24.240000	22.197500	-51.195784	0.000000
0	0	869	9.051880	9.576600	11.482000	31.444400	25.085046	0.000000
0	0	870	22.719900	28.224200	-7.541770	-2.755220	-7.480221	0.000000
0	0	871	23.812300	30.102900	12.426300	20.399100	11.215274	0.000000
0	0	872	14.947300	6.193690	-19.347900	-37.283500	-36.124492	0.000000
0	0	873	26.702400	-17.685600	-4.028240	31.057000	-83.584336	0.000000
0	0	874	20.166000	7.395600	-19.179000	10.470300	-34.456449	0.000000
0	0	875	5.791450	7.142980	25.842500	-32.793100	37.274484	0.000000
0	0	876	28.158600	19.961100	6.561940	-9.144500	9.098788	0.000000
0	0	877	69.395900	-9.096450	6.930500	-4.973080	71.348282	0.000000
0	0	878	26.100600	-5.893890	-21.990800	-4.882420	-52.501790	0.000000
0	0	879	52.090600	-8.653700	7.841240	17.583300	68.909915	0.000000
0	0	880	18.609500	-6.771650	-62.821000	-2.907450	-48.076158	0.000000
0	0	881	40.555800	-11.931500	-1.463950	29.221900	-86.502493	0.000000
0	0	882	57.792800	19.536800	-53.886200	20.146600	-35.035775	0.000000
0	0	883	3.672430	6.390430	9.196720	9.108640	27.603060	0.000000
0	0	884	37.031600	7.961110	5.215080	-7.495660	16.613792	0.000000
0	0	885	35.993700	27.418700	-4.591060	14.067100	-4.752788	0.000000
0	0	886	9.980570	0.899956	-33.383200	14.248000	-44.227887	0.000000
0	0	887	26.446900	46.266900	-22.519700	26.867700	-12.976894	0.000000
0	0	888	47.216900	27.637000	-25.656800	12.308300	-21.436040	0.000000
0	0	889	48.439000	2.923880	-5.119220	-3.690970	-30.133418	0.000000
0	0	890	33.906800	27.830600	-15.083300	-7.447640	-14.228142	0.000000
0	0	891	13.178100	1.286660	9.128840	-14.868200	40.988660	0.000000
0	0	892	29.642500	-11.896800	-1.947120	15.105400	-85.352476	0.000000
0	0	893	46.640600	14.046400	24.746700	3.623780	30.210226	0.000000
0	0	894	48.872800	14.973800	29.243100	-19.115000	31.442742	0.000000
0	0	895	31.407500	-34.993500	-1.509680	-19.370100	-88.764846	0.000000
0	0	896	77.318800	18.165300	-24.760500	-4.381790	-26.867364	0.000000
0	0	897	27.407500	47.333900	-1.933340	-0.111926	-1.169465	0.000000
0	0	898	69.435000	30.845000	-4.420890	49.870200	-4.078213	0.000000
0	0	899	38.894400	-20.940200	-36.753600	6.183290	-59.836068	0.000000
0	0	900	91.371600	2.238200	-43.383900	10.611600	-43.523348	0.000000
0	0	901	31.278500	23.406400	23.114700	17.809000	22.320372	0.000000
0	0	902	42.942900	18.118900	6.574680	-43.481100	9.971983	0.000000
0	0	903	43.045800	31.764600	3.883910	29.155100	3.485523	0.000000
0	0	904	55.318500	18.234700	7.897840	-8.657330	11.709236	0.000000
0	0	905	32.636600	-17.800300	-9.441090	31.761900	-76.029498	0.000000
0	0	906	58.406000	19.938200	25.447100	23.089200	25.960373	0.000000
0	0	907	32.900800	8.579700	2.569380	6.665900	8.335743	0.000000
0	0	908	19.491800	12.968200	-17.136600	30.042500	-26.441610	0.000000
0	0	909	25.422200	8.983990	-6.533520	-21.087700	-18.013080	0.000000
0	0	910	9.494580	31.412900	9.402780	7.426450	8.331973	0.000000
0	0	911	29.033400	5.640560	-20.177200	-5.435450	-37.190801	0.000000
0	0	912	40.139100	0.738996	10.013400	14.486800	42.889591	0.000000
0	0	913	1.512730	-5.793260	-32.722200	9.884370	-50.019911	0.000000
0	0	914	51.205600	9.495050	14.337700	33.237200	28.242869	0.000000
0	0	915	73.664000	11.332700	-8.453800	35.895100	-18.360829	0.000000
0	0	916	23.259300	7.396940	11.553000	17.722200	28.685066	0.000000
0	0	917	44.457800	36.726200	24.200400	-0.235521	16.691263	0.000000
0	0	918	5.100520	-4.316290	6.134270	-26.472100	62.565789	0.000000
0	0	919	33.364600	-7.036030	10.158500	-27.163400	62.353719	0.000000
0	0	920	37.378300	30.904700	4.847020	-31.201800	4.456761	0.000000
0	0	921	27.517700	-5.225400	-24.238200	-37.486200	-51.082965	0.000000
0	0	922	31.276200	9.582000	-29.648300	17.385600	-36.044873	0.000000
0	0	923	27.734100	8.473060	11.503400	-1.781180	26.812876	0.000000
0	0	924	60.136700	-2.122570	-24.787600	16.554400	-47.447158	0.000000
0	0	925	35.901400	-3.809020	-25.506200	21.002000	-49.246806	0.000000
0	0	926	36.359300	37.973100	-12.078100	3.456690	-8.822150	0.000000
0	0	927	13.125900	41.571900	-6.659120	49.343600	-4.550256	0.000000
0	0	928	23.545100	22.579800	9.366810	-17.515700	11.265104	0.000000
0	0	929	0.918549	27.309200	23.355100	-21.860600	20.268696	0.000000
0	0	930	53.340400	17.080100	26.138000	2.173530	28.418524	0.000000
0	0	931	48.875300	-25.231200	-20.905000	29.876900	-70.178486	0.000000
0	0	932	37.527800	5.790410	24.104900	-23.842200	38.246252	0.000000
0	0	933	39.460400	7.433070	2.925230	-22.331700	10.740877	0.000000
0	0	934	60.540400	29.003900	7.785870	25.289700	7.513175	0.000000
0	0	935	9.876450	29.602700	-16.351800	23.340400	-14.457588	0.000000
0	0	936	53.108100	2.323170	3.219690	3.435520	27.093818	0.000000
0	0	937	70.074800	18.287700	-2.381290	11.828300	-3.709447	0.000000
0	0	938	27.185100	-9.759840	-26.405300	7.488380	-55.142577	0.000000
0	0	939	34.564700	-16.790900	33.269800	0.889575	58.389786	0.000000
0	0	940	33.724100	39.356000	-17.451800	-4.161790	-11.957070	0.000000
0	0	941	57.117200	-7.813380	-6.409900	-14.965700	-70.317705	0.000000
0	0	942	3.146730	-20.231300	4.501460	8.613010	83.728019	0.000000
0	0	943	40.587300	6.509890	3.315950	22.555400	13.496490	0.000000
0	0	944	-1.398670	5.980950	1.560260	5.208520	7.310492	0.000000
0	0	945	24.645900	29.114800	-45.571600	19.784100	-28.713145	0.000000
0	0	946	-15.661000	5.628480	19.627100	-3.635820	36.999326	0.000000
0	0	947	50.848300	39.942400	25.830100	13.486400	16.445046	0.000000
0	0	948	6.467700	25.495900	-36.573400	18.465200	-27.559516	0.000000
0	0	949	35.677000	1.917560	-37.420300	10.830200	-43.533255	0.000000
0	0	950	58.340700	28.250100	-43.265700	-1.965810	-28.428847	0.000000
0	0	951	45.972400	22.974000	-56.242800	39.737000	-33.890509	0.000000
0	0	952	37.184100	-12.105900	-5.508300	-15.917600	-77.767006	0.000000
0	0	953	40.157000	-4.233100	-16.013100	-34.910000	-52.403773	0.000000
0	0	954	19.096700	14.058200	-3.408860	-31.805700	-6.815059	0.000000
0	0	955	49.801300	-19.684400	-12.931100	-16.853500	-73.349120	0.000000
0	0	956	25.775800	23.618800	14.640000	-2.119930	15.896253	0.000000
0	0	957	8.276880	-8.009380	-8.483140	-18.612500	-66.677294	0.000000
0	0	958	6.445190	40.769600	-2.641830	6.686050	-1.853763	0.000000
0	0	959	34.836000	26.356400	12.735600	3.971370	12.895082	0.000000
0	0	960	46.666100	15.958200	-24.276600	17.724700	-28.340559	0.000000
0	0	961	22.845000	20.574000	17.147600	20.068100	19.904922	0.000000
0	0	962	20.660200	18.568800	-18.983500	8.205060	-22.816353	0.000000
0	0	963	30.167300	16.888500	-60.325100	-14.918100	-37.179990	0.000000
0	0	964	20.168400	36.603200	-46.914600	-24.870800	-26.019160	0.000000
0	0	965	7.792560	-9.870140	1.181960	-35.284500	86.585643	0.000000
0	0	966	-6.292670	6.206110	-15.929200	-12.157300	-34.356910	0.000000
0	0	967	54.647300	26.664000	-32.967700	-2.423050	-25.517179	0.000000
0	0	968	41.931800	42.509300	-10.610200	-8.436890	-7.007259	0.000000
0	0	969	44.708100	34.285700	-8.982150	-22.397100	-7.340200	0.000000
0	0	970	37.310000	7.777430	4.412100	4.698050	14.783021	0.000000
0	0	971	43.765600	5.193140	-5.338270	-11.131100	-22.894762	0.000000
0	0	972	45.178600	37.571000	-17.530200	20.045600	-12.506610	0.000000
0	0	973	25.115500	16.502200	-23.540000	-19.027100	-27.484234	0.000000
0	0	974	38.357000	30.441200	-31.887000	19.769200	-23.164413	0.000000
0	0	975	20.007200	22.919000	-58.730600	14.775300	-34.341153	0.000000
0	0	976	52.641100	7.968350	-16.933200	21.513500	-32.399736	0.000000
0	0	977	13.024800	37.743900	-35.616600	-4.909260	-21.669504	0.000000
0	0	978	32.788500	29.523400	-3.633260	28.492400	-3.507879	0.000000
0	0	979	-3.681560	10.764900	-32.004800	-21.221600	-35.704748	0.000000
0	0	980	25.894300	24.076800	-49.166400	13.526500	-31.954498	0.000000
0	0	981	46.251700	-6.898940	-18.755900	-24.090800	-55.097461	0.000000
0	0	982	-16.125100	-12.230700	-27.965800	1.512570	-56.810959	0.000000
0	0	983	-11.776400	-6.578360	17.911300	13.229400	55.083493	0.000000
0	0	984	19.183800	1.841290	-14.046900	21.123900	-41.266078	0.000000
0	0	985	-0.474528	9.219450	1.979780	26.913800	6.059806	0.000000
0	0	986	28.010000	-3.724550	25.139100	13.033200	49.213751	0.000000
0	0	987	5.452280	-15.240800	-31.563300	18.233700	-57.887126	0.000000
0	0	988	-23.329400	1.945410	-6.343020	2.935260	-36.474588	0.000000
0	0	989	-28.049400	3.909260	-9.728850	48.535900	-34.054342	0.000000
0	0	990	38.569600	5.664970	4.965670	-3.594160	20.618209	0.000000
0	0	991	-29.317900	4.475710	23.587100	-0.763762	39.627861	0.000000
0	0	992	-18.185800	-12.851600	-1.663110	-31.156100	-86.313201	0.000000
0	0	993	-0.377343	12.277300	12.757000	-19.687700	23.048875	0.000000
0	0	994	-7.525750	-34.602100	-24.729100	-10.628300	-72.223863	0.000000
0	0	995	-6.646510	1.831380	22.149100	29.998700	42.636649	0.000000
0	0	996	-11.548100	-20.036600	-26.301700	-40.833400	-63.650051	0.000000
0	0	997	4.704300	-1.603810	0.167260	31.800600	87.023097	0.000000
0	0	998	-6.472610	11.222900	-33.962100	13.716800	-35.856837	0.000000
0	0	999	-24.536400	4.050860	-15.464100	48.677500	-37.660523	0.000000
0	0	1000	-26.945900	-23.962200	-9.338440	-11.671800	-79.354184	0.000000
0	0	1001	-10.800100	-4.109890	23.259900	30.009900	50.010203	0.000000
0	0	1002	28.483800	-44.331500	-4.142230	15.977000	-87.330959	0.000000
0	0	1003	-6.687660	-36.001000	6.645070	29.834400	84.771022	0.000000
0	0	1004	-17.307000	34.765900	15.488700	38.853800	12.006824	0.000000
0	0	1005	-1.941640	-5.741410	34.907300	7.902450	49.670075	0.000000
0	0	1006	-24.101900	-5.296510	-23.171500	-12.050400	-51.437697	0.000000
0	0	1007	21.274900	14.160000	35.893700	-7.489960	34.235427	0.000000
0	0	1008	28.277100	29.029000	0.051294	7.641970	0.050620	0.000000
0	0	1009	18.980700	-13.065400	-30.133400	-24.115000	-56.720424	0.000000
0	0	1010	22.960100	-29.635900	-44.468800	-19.818700	-61.840588	0.000000
0	0	1011	-4.413430	8.573980	-43.724600	38.488500	-39.452805	0.000000
0	0	1012	33.615600	32.847100	-5.858600	-24.423200	-5.056458	0.000000
0	0	1013	29.174500	11.441700	-44.885400	-26.830500	-37.849667	0.000000
0	0	1014	-3.684820	-13.204800	-7.105790	-42.492700	-75.857170	0.000000
0	0	1015	31.664900	27.897200	-5.725020	-13.649100	-5.798568	0.000000
0	0	1016	-11.943400	-28.694900	-4.181830	-27.876700	-85.854207	0.000000
0	0	1017	11.958300	-4.070320	36.687300	5.414800	48.165432	0.000000
0	0	1018	-2.053520	5.985800	-14.524500	-4.551860	-33.801293	0.000000
0	0	1019	21.324100	0.311956	-21.998900	-29.073800	-44.593785	0.000000
0	0	1020	12.578900	-3.900050	-0.593860	7.698090	-85.671043	0.000000
0	0	1021	-4.127520	-5.803260	21.594300	12.562900	52.521143	0.000000
0	0	1022	19.652800	-3.090780	-31.926900	-18.442800	-47.764730	0.000000
0	0	1023	9.639150	-19.620200	-18.298600	-10.682900	-68.498073	0.000000
