0	0	0	21.886600	16.418600	-16.955500	12.451000	-22.960828	0.000000
0	0	1	19.954400	-0.369317	-46.181500	4.132260	-45.229094	0.000000
0	0	2	8.565670	6.296210	1.906320	-4.488440	8.422438	0.000000
0	0	3	30.794100	-8.043920	0.512410	12.677200	88.177548	0.000000
0	0	4	14.026400	-19.631900	-8.246530	-1.517990	-78.607393	0.000000
0	0	5	-42.212100	21.909900	-4.422270	-24.243300	-5.705603	0.000000
0	0	6	13.189300	-10.795600	-42.762700	-18.547600	-52.084241	0.000000
0	0	7	7.735890	12.038700	-27.212500	9.114720	-33.067798	0.000000
0	0	8	-23.021200	8.752500	-18.161000	7.579890	-32.134377	0.000000
0	0	9	0.103531	0.776358	-3.937120	22.869400	-39.422499	0.000000
0	0	10	-21.004400	38.000700	12.738400	-11.482500	9.265959	0.000000
0	0	11	-52.031300	17.189100	5.908170	15.619000	9.484335	0.000000
0	0	12	-0.945410	47.663400	-6.234150	-29.053800	-3.725860	0.000000
0	0	13	2.356740	-11.782800	21.730300	1.380540	59.233918	0.000000
0	0	14	-0.450796	-23.894600	20.560500	14.846700	69.644556	0.000000
0	0	15	0.418965	-12.634500	15.554200	-9.392750	64.543282	0.000000
0	0	16	4.164450	52.192800	29.652900	-14.381300	14.801354	0.000000
0	0	17	15.100100	12.972200	-11.496200	3.455340	-20.773973	0.000000
0	0	18	-7.864850	-26.044100	-9.300100	-1.426580	-80.174419	0.000000
0	0	19	-20.625100	32.802300	7.854340	-16.895900	6.732826	0.000000
0	0	20	-6.753510	-16.083900	6.187790	-14.147900	79.478646	0.000000
0	0	21	-1.247600	-10.890400	6.884940	-0.677604	73.849408	0.000000
0	0	22	24.225300	-2.123790	26.855500	-4.304360	47.260831	0.000000
0	0	23	26.595600	3.571100	5.422020	-11.419500	28.314969	0.000000
0	0	24	-5.515890	9.258880	-0.098868	-51.400200	-0.305897	0.000000
0	0	25	11.847700	-20.101100	6.135540	-12.105100	81.513013	0.000000
0	0	26	26.565500	19.759000	17.191100	14.071400	20.512270	0.000000
0	0	27	10.710700	-16.270500	16.169800	2.080240	67.588927	0.000000
0	0	28	-38.522600	-25.878900	31.240200	14.743900	64.818913	0.000000
0	0	29	41.159400	-36.449500	-7.020720	-37.513500	-84.548748	0.000000
0	0	30	35.188400	24.776800	-20.754000	-11.583700	-19.975418	0.000000
0	0	31	8.970680	3.273010	28.508700	-17.229000	41.725347	0.000000
0	0	32	-19.679400	68.283400	3.468360	-7.342520	1.453880	0.000000
0	0	33	-7.802620	-7.919400	15.374100	-27.819500	58.626794	0.000000
0	0	34	22.278500	-2.088470	-1.039690	-1.873110	-76.767393	0.000000
0	0	35	20.362800	32.044400	25.287800	1.439600	19.139347	0.000000
0	0	36	0.408570	17.439400	16.430100	-25.768100	21.646555	0.000000
0	0	37	-8.604200	-4.854540	19.297600	-23.468000	52.060218	0.000000
0	0	38	9.989680	-2.569310	10.809300	-38.201500	51.685381	0.000000
0	0	39	-1.190940	-10.925900	9.218240	-11.975300	69.922748	0.000000
0	0	40	18.042200	9.919780	34.482400	8.830580	36.975355	0.000000
0	0	41	10.399300	15.381600	16.064100	3.796270	23.121678	0.000000
0	0	42	-20.018900	-8.382420	-20.581200	-18.829300	-56.080172	0.000000
0	0	43	27.372400	8.219070	-1.543770	-27.758600	-5.318899	0.000000
0	0	44	6.945360	8.437980	-9.939630	-24.318000	-24.835654	0.000000
0	0	45	3.254240	19.461100	-8.011200	-31.522400	-11.187306	0.000000
0	0	46	13.116300	15.189400	4.101240	-40.519900	7.554967	0.000000
0	0	47	8.116570	-27.398400	25.533400	-47.408700	68.508963	0.000000
0	0	48	5.165280	15.325700	1.606380	-26.454900	2.991835	0.000000
0	0	49	7.026920	-13.665500	-23.461400	-33.910300	-60.109702	0.000000
0	0	50	-12.921600	-3.754110	-33.209500	-16.292800	-48.224761	0.000000
0	0	51	10.097600	11.095600	-14.738500	15.128000	-26.513216	0.000000
0	0	52	14.368200	27.707500	-27.980700	0.591223	-22.640542	0.000000
0	0	53	65.453000	-6.049700	-39.488100	-10.989400	-49.355084	0.000000
0	0	54	-11.849600	-49.398100	6.577060	12.373200	86.208008	0.000000
0	0	55	-39.670600	-8.984240	27.188800	-15.052400	54.142785	0.000000
0	0	56	21.089000	15.901700	21.191100	-38.115000	26.557806	0.000000
0	0	57	13.606700	34.688100	9.742660	-16.421600	7.844087	0.000000
0	0	58	-7.818590	13.895200	1.806400	-11.914700	3.703505	0.000000
0	0	59	31.435200	8.233300	-18.707500	-0.320829	-33.122687	0.000000
0	0	60	56.351800	-37.506500	6.456190	2.689640	85.116547	0.000000
0	0	61	20.161400	-5.247980	25.570200	22.196800	50.799110	0.000000
0	0	62	7.072840	-23.384800	0.056822	-27.446600	89.930389	0.000000
0	0	63	18.181200	14.829900	8.046200	-6.558770	14.241377	0.000000
0	0	64	10.679800	25.247700	-26.088000	-24.732400	-22.968888	0.000000
0	0	65	7.914500	15.432600	-16.099200	-10.613500	-23.105542	0.000000
0	0	66	14.388600	17.158800	4.961310	15.727900	8.063371	0.000000
0	0	67	5.970840	-38.889600	27.083100	-11.964300	72.573134	0.000000
0	0	68	-35.217300	-3.714440	-1.236730	-26.252500	-80.792360	0.000000
0	0	69	18.553900	11.271400	3.727920	3.230550	9.150598	0.000000
0	0	70	20.324300	-37.529400	-39.542700	-36.666800	-66.751822	0.000000
0	0	71	17.186100	-6.981660	30.943300	10.127000	51.357300	0.000000
0	0	72	28.408600	27.186000	-3.715510	-4.982340	-3.891198	0.000000
0	0	73	26.538900	25.641200	14.475200	-1.480310	14.722993	0.000000
0	0	74	-43.999600	22.921400	-3.638060	-26.267700	-4.509347	0.000000
0	0	75	26.746500	-60.430000	29.296000	-19.147000	77.068124	0.000000
0	0	76	-19.239900	27.687700	-32.441600	12.407600	-24.760238	0.000000
0	0	77	12.300900	53.684400	26.813100	-51.888600	13.270100	0.000000
0	0	78	20.329000	25.597100	-39.868500	-18.800700	-28.648994	0.000000
0	0	79	7.785490	-6.064570	-29.524900	-8.765350	-50.803704	0.000000
0	0	80	7.803930	-29.346100	10.129300	-32.223000	80.478512	0.000000
0	0	81	24.875300	-34.162500	-5.201400	1.743420	-85.671468	0.000000
0	0	82	-3.938670	24.871300	-26.255800	-5.294750	-23.275583	0.000000
0	0	83	-25.920800	12.267200	25.002700	9.915320	31.932907	0.000000
0	0	84	51.616600	-21.751300	-6.899770	-23.171900	-81.200178	0.000000
0	0	85	24.730800	6.740840	-12.086200	8.132430	-30.425134	0.000000
0	0	86	17.798500	13.856700	-41.090900	8.300870	-35.682416	0.000000
0	0	87	24.162000	-19.686100	-12.784400	-4.468460	-73.499901	0.000000
0	0	88	16.445800	-31.431600	1.460280	21.410200	88.670005	0.000000
0	0	89	18.766300	-23.012000	-6.485720	-4.994050	-82.130000	0.000000
0	0	90	-15.852000	13.611700	1.121800	-6.833100	2.355675	0.000000
0	0	91	37.342400	0.638691	3.891740	-14.189900	40.340006	0.000000
0	0	92	17.194700	6.368890	-19.178300	36.733200	-35.814637	0.000000
0	0	93	6.619530	-4.653850	-32.767200	13.037900	-49.041762	0.000000
0	0	94	7.640460	-11.469800	19.405000	-1.004460	60.293125	0.000000
0	0	95	-6.983930	23.227300	-9.072300	9.128920	-10.667505	0.000000
0	0	96	50.815600	2.747900	21.944700	-13.230200	41.431306	0.000000
0	0	97	10.212500	7.256890	-3.102100	-34.497500	-11.572618	0.000000
0	0	98	20.237000	24.647500	-24.844800	-11.223400	-22.614204	0.000000
0	0	99	25.998900	10.105800	-3.838930	-18.397500	-10.400240	0.000000
0	0	100	39.721400	16.303300	9.721630	-15.347200	15.403776	0.000000
0	0	101	19.299000	-1.511950	-3.649940	-19.834300	-56.250639	0.000000
0	0	102	28.143900	2.573610	-31.750700	-4.673790	-42.682959	0.000000
0	0	103	5.181430	16.562600	-9.353720	-9.548970	-14.727784	0.000000
0	0	104	19.370200	18.786300	-18.076800	-53.092700	-21.948685	0.000000
0	0	105	51.529700	3.917440	-0.121094	-21.864900	-0.885268	0.000000
0	0	106	-15.811000	7.235790	-5.043470	37.583100	-17.438580	0.000000
0	0	107	12.230600	-6.263860	-1.443030	-6.122280	-83.513445	0.000000
0	0	108	16.980000	24.003600	-0.460063	-6.386750	-0.549010	0.000000
0	0	109	18.550100	6.438740	34.662000	-25.078000	39.738400	0.000000
0	0	110	5.739970	37.372200	9.477650	-24.947000	7.115148	0.000000
0	0	111	-15.662400	16.664800	8.474510	-8.429890	13.477295	0.000000
0	0	112	-7.226150	26.277900	-4.726000	-13.269200	-5.097740	0.000000
0	0	113	50.255400	-0.059116	-3.265760	30.063600	-45.518523	0.000000
0	0	114	20.253800	42.212200	42.479300	16.289600	22.590349	0.000000
0	0	115	10.307800	3.213840	-3.274660	-25.363900	-22.768523	0.000000
0	0	116	0.714589	22.617900	-8.465960	29.238600	-10.260526	0.000000
0	0	117	45.372800	-19.098000	-25.893800	5.226020	-63.205335	0.000000
0	0	118	4.647400	-7.699090	9.678230	18.124400	64.251230	0.000000
0	0	119	3.158560	16.462200	19.984700	-21.637100	25.260173	0.000000
0	0	120	-6.267790	16.298800	-5.513350	11.557400	-9.344497	0.000000
0	0	121	-6.178890	-22.551600	-40.513600	-10.225400	-59.551090	0.000000
0	0	122	25.874200	32.175200	12.547800	18.922400	10.652484	0.000000
0	0	123	12.571000	-11.131100	-21.028700	-10.797300	-58.946783	0.000000
0	0	124	-4.093910	14.288900	-15.398300	-1.074920	-23.570063	0.000000
0	0	125	18.423600	10.932700	21.262500	-42.624000	31.394395	0.000000
0	0	126	3.519220	18.390200	0.235510	27.617600	0.366853	0.000000
0	0	127	17.970800	-10.712600	23.099100	2.706390	57.440157	0.000000
0	0	128	27.399000	16.078700	-10.698000	-5.239820	-16.818950	0.000000
0	0	129	-22.061300	-25.976600	-12.919900	-27.339200	-76.777885	0.000000
0	0	130	23.852000	-9.046350	12.815200	-4.090330	62.609284	0.000000
0	0	131	24.986600	27.363300	8.584830	-29.346400	8.709238	0.000000
0	0	132	16.869500	4.306840	-33.132200	-0.838976	-41.296838	0.000000
0	0	133	12.464100	2.651020	2.020940	13.500900	18.659598	0.000000
0	0	134	-37.605600	-11.408700	-3.677230	-27.043600	-81.067466	0.000000
0	0	135	23.759600	2.223000	30.355400	-17.704200	42.905784	0.000000
0	0	136	39.326200	10.390200	40.214400	-15.001900	37.756645	0.000000
0	0	137	-23.507600	5.356580	-2.476800	-33.500500	-12.407547	0.000000
0	0	138	-3.349400	1.519960	-25.070600	-8.015000	-43.265282	0.000000
0	0	139	8.297190	-6.509690	32.136500	3.393820	50.725553	0.000000
0	0	140	7.916760	26.948000	19.078900	-32.492500	17.649046	0.000000
0	0	141	-21.013600	9.839760	9.551080	-25.030400	22.073538	0.000000
0	0	142	17.800700	-14.092600	18.362700	8.191770	63.752361	0.000000
0	0	143	-30.827200	-16.288500	-13.779000	10.100700	-69.885487	0.000000
0	0	144	16.716100	5.339820	-9.260300	-8.496470	-30.015357	0.000000
0	0	145	-9.128430	31.651500	-27.245700	-8.817760	-20.360981	0.000000
0	0	146	-2.617660	11.372300	-17.537300	8.253650	-28.519030	0.000000
0	0	147	50.232800	-11.807100	-8.806970	13.426000	-71.640287	0.000000
0	0	148	26.881800	9.784750	-42.702700	9.092480	-38.547115	0.000000
0	0	149	9.446250	-17.672100	-36.920500	-11.882200	-57.789119	0.000000
0	0	150	17.570000	6.550280	-26.310900	-9.857010	-38.010010	0.000000
0	0	151	-12.386700	-11.422700	-12.133000	15.853600	-66.636411	0.000000
0	0	152	9.695900	8.995880	-15.859400	3.768720	-30.218461	0.000000
0	0	153	-16.834500	-17.642600	-17.235100	-7.665580	-67.834698	0.000000
0	0	154	-14.636000	-7.535830	9.261940	-25.964900	64.566488	0.000000
0	0	155	17.772900	10.024600	26.113600	8.858500	34.499495	0.000000
0	0	156	2.782540	-7.474800	-11.118500	9.395630	-61.956173	0.000000
0	0	157	36.512100	-17.941700	-9.807400	-23.225300	-75.668918	0.000000
0	0	158	7.548010	30.559900	-2.976570	25.198700	-2.781564	0.000000
0	0	159	27.144100	2.064380	-19.798500	11.033400	-42.023654	0.000000
0	0	160	-1.670210	-21.346700	34.832300	-3.120260	60.750860	0.000000
0	0	161	22.827700	0.901248	-7.131550	-54.704000	-41.398720	0.000000
0	0	162	32.113600	27.594100	10.063800	-10.642500	10.018669	0.000000
0	0	163	23.557500	9.947210	20.488700	-1.780040	32.051774	0.000000
0	0	164	-7.617810	-7.464260	-30.321000	31.817800	-51.914886	0.000000
0	0	165	30.994400	23.055000	-23.557800	30.247900	-22.809005	0.000000
0	0	166	23.140200	-2.820210	-45.593900	21.843800	-46.769760	0.000000
0	0	167	39.813100	24.612200	-33.529000	-26.951200	-26.859603	0.000000
0	0	168	26.239100	20.754300	-10.928000	-9.437020	-13.884333	0.000000
0	0	169	45.876900	-6.641770	-8.043790	-21.482200	-64.773270	0.000000
0	0	170	42.610300	-17.303000	-9.346000	25.745000	-75.812426	0.000000
0	0	171	66.743200	-3.543680	-49.886400	9.258180	-47.031590	0.000000
0	0	172	48.268100	22.749600	-16.465100	16.639800	-17.947633	0.000000
0	0	173	125.359000	-0.507783	-39.563600	111.373000	-45.367664	0.000000
0	0	174	138.924000	-56.957700	-33.380200	87.101200	-74.813730	0.000000
0	0	175	165.776000	-0.280136	-32.038300	109.673000	-45.250485	0.000000
0	0	176	216.115000	-42.537400	-21.531500	105.332000	-76.576233	0.000000
0	0	177	221.285000	-2.677180	-49.821600	10.011600	-46.537925	0.000000
0	0	178	242.984000	-1.253510	-88.482200	74.699200	-45.405822	0.000000
0	0	179	192.142000	9.799070	-22.608100	61.315700	-33.283278	0.000000
0	0	180	210.718000	-7.704820	-54.180000	34.607800	-49.046820	0.000000
0	0	181	217.370000	-21.802000	-50.448900	37.924400	-56.686036	0.000000
0	0	182	195.205000	0.176464	-21.858300	64.102400	-44.768728	0.000000
0	0	183	212.953000	-16.201300	-24.659000	61.349800	-61.652730	0.000000
0	0	184	221.928000	-20.705600	0.429556	68.082400	89.405759	0.000000
0	0	185	237.451000	-17.320600	-20.532200	44.306400	-65.075193	0.000000
0	0	186	246.346000	-37.775800	-34.941700	23.943500	-68.615961	0.000000
0	0	187	209.043000	-0.540131	-19.115400	72.676600	-45.809269	0.000000
0	0	188	176.082000	8.999810	-26.083500	4.715210	-35.481799	0.000000
0	0	189	123.942000	8.677150	-37.589100	6.602430	-38.500707	0.000000
0	0	190	80.223200	-8.923280	-20.376200	35.543900	-56.824945	0.000000
0	0	191	51.549000	-4.471540	30.454100	-6.368570	49.176494	0.000000
0	0	192	72.714000	5.660380	-16.097200	32.762300	-35.313205	0.000000
0	0	193	65.066400	11.141100	-11.105000	15.614900	-22.453511	0.000000
0	0	194	6.914190	4.866050	-19.936100	22.340300	-38.141655	0.000000
0	0	195	26.283800	16.569300	6.176140	19.208400	10.221369	0.000000
0	0	196	27.446600	26.749100	-22.993100	9.782520	-20.340914	0.000000
0	0	197	78.225500	-18.969900	1.238320	7.313210	88.132568	0.000000
0	0	198	24.842300	21.743300	0.235173	14.182500	0.309840	0.000000
0	0	199	39.691300	-11.574800	-7.810930	10.858900	-72.993828	0.000000
0	0	200	16.034300	-10.538000	-26.305700	9.981060	-55.915460	0.000000
0	0	201	23.084600	-19.440800	-37.589700	-9.833200	-58.673646	0.000000
0	0	202	41.208200	8.558220	12.810300	-3.449520	28.127085	0.000000
0	0	203	16.618500	-17.906000	34.279300	27.818100	58.790294	0.000000
0	0	204	33.401900	6.244170	5.351880	26.629900	20.299945	0.000000
0	0	205	78.607000	6.631570	-21.882700	8.039320	-36.570262	0.000000
0	0	206	23.946300	-19.464300	5.188910	-5.696330	82.536449	0.000000
0	0	207	32.977300	6.894870	-46.779400	37.716300	-40.807738	0.000000
0	0	208	55.570600	-6.369470	-24.656900	30.998200	-52.242117	0.000000
0	0	209	97.391800	-23.003000	6.947980	17.564600	81.596616	0.000000
0	0	210	123.766000	-13.785700	-11.360800	21.721500	-70.254027	0.000000
0	0	211	106.062000	6.096120	-11.618500	55.388400	-31.157209	0.000000
0	0	212	103.553000	2.459540	-1.977110	51.021100	-19.397093	0.000000
0	0	213	135.444000	-39.505400	-26.106500	50.550000	-73.270964	0.000000
0	0	214	239.992000	-72.217400	-3.129200	130.043000	-88.759455	0.000000
0	0	215	225.307000	-53.961800	-12.149500	110.069000	-83.655718	0.000000
0	0	216	204.197000	-29.502100	-41.474700	14.363900	-62.712647	0.000000
0	0	217	178.804000	-16.164500	-39.021500	18.008700	-56.250793	0.000000
0	0	218	242.649000	-60.509600	2.897810	48.125600	88.629097	0.000000
0	0	219	233.883000	-25.667400	-15.356500	89.589200	-74.554209	0.000000
0	0	220	269.224000	-57.827200	-19.523700	58.213300	-80.672109	0.000000
0	0	221	279.931000	-47.905300	-62.389200	127.848000	-63.759357	0.000000
0	0	222	308.012000	-48.028500	-3.554740	118.099000	-87.883539	0.000000
0	0	223	309.218000	-77.960400	-37.118800	86.254200	-77.269885	0.000000
0	0	224	328.209000	-78.701700	-4.415530	85.794200	-88.394404	0.000000
0	0	225	337.141000	-119.472000	-31.137000	58.450700	-82.696211	4.618800
0	0	226	334.346000	-95.389700	-42.494700	122.828000	-77.993868	5.424200
0	0	227	332.428000	-83.980000	-101.842000	81.410000	-64.754678	4.167000
0	0	228	363.870000	-90.328800	-38.530900	100.523000	-78.449356	0.000000
0	0	229	380.842000	-77.994500	-92.388500	95.936100	-65.085552	4.552960
0	0	230	383.659000	-84.033300	-77.629900	122.493000	-68.634136	4.853400
0	0	231	398.048000	-80.785200	-72.148000	106.780000	-69.116228	5.132230
0	0	232	329.509000	-94.139100	-56.639800	127.873000	-74.483165	5.121350
0	0	233	356.276000	-95.719800	-37.900700	137.717000	-79.199340	5.512960
0	0	234	345.790000	-142.262000	-32.707900	124.382000	-83.525982	3.909970
0	0	235	365.237000	-60.105900	-59.713300	132.196000	-67.593867	0.000000
0	0	236	385.907000	-111.657000	-58.086700	114.298000	-76.257724	4.486240
0	0	237	324.379000	-131.722000	-45.804600	110.084000	-80.412775	4.077180
0	0	238	334.338000	-90.856000	-51.109100	157.945000	-75.320500	5.406660
0	0	239	355.393000	-77.822400	-18.782500	141.714000	-83.215554	0.000000
0	0	240	309.902000	-112.163000	-37.168100	122.750000	-80.833027	4.814870
0	0	241	379.456000	-102.272000	-52.758200	143.379000	-76.356264	4.907580
0	0	242	368.837000	-88.347600	-36.783600	133.999000	-78.697777	0.000000
0	0	243	369.163000	-142.684000	-27.809400	111.813000	-84.485600	3.929720
0	0	244	404.163000	-117.875000	-66.686900	129.243000	-75.250657	4.161050
0	0	245	426.674000	-145.942000	-29.699700	155.962000	-84.248593	3.834870
0	0	246	446.744000	-166.500000	-66.117700	162.704000	-79.170905	3.167980
0	0	247	449.257000	-164.524000	-13.266400	143.160000	-87.694963	3.467760
0	0	248	437.899000	-209.192000	-40.707400	139.243000	-84.494116	2.680530
0	0	249	417.704000	-230.661000	-83.045400	129.837000	-80.099744	2.318290
0	0	250	420.116000	-161.260000	-40.724000	169.050000	-82.913534	3.429410
0	0	251	410.310000	-180.926000	-54.951800	91.437000	-81.552569	3.011700
0	0	252	425.711000	-160.148000	-80.647300	128.813000	-76.635549	3.151300
0	0	253	374.279000	-142.191000	-38.024700	125.656000	-82.514150	3.873520
0	0	254	301.085000	-112.038000	-75.800400	111.802000	-72.959650	4.145970
0	0	255	276.392000	-120.552000	-87.879100	92.242700	-71.954489	3.750930
0	0	256	124.224000	-56.635200	-29.755800	17.843800	-76.141414	0.000000
0	0	257	110.996000	-43.498800	-18.296000	-3.442640	-78.593962	0.000000
0	0	258	134.983000	3.608510	-20.853400	-4.261710	-40.091326	0.000000
0	0	259	102.423000	-25.286100	-50.402700	-50.963300	-58.321036	0.000000
0	0	260	160.889000	-81.411100	-45.930500	-29.715400	-75.284593	0.000000
0	0	261	204.369000	-78.324100	-53.188700	-45.436300	-72.910086	0.000000
0	0	262	135.937000	-79.185400	-61.971000	9.631020	-70.976520	0.000000
0	0	263	213.264000	-75.380800	-80.120100	4.653970	-66.627150	5.022890
0	0	264	217.234000	-118.392000	-87.962700	20.673300	-71.694224	3.791670
0	0	265	304.855000	-121.074000	-105.779000	52.963200	-69.428594	3.460130
0	0	266	465.607000	-238.678000	-110.137000	119.591000	-77.614614	2.153430
0	0	267	395.436000	-209.130000	-62.042300	155.065000	-81.738016	2.611210
0	0	268	313.976000	-111.499000	-38.849200	112.700000	-80.395156	4.815500
0	0	269	295.187000	-130.699000	-74.148900	86.213800	-75.216322	3.749960
0	0	270	310.657000	-135.343000	-40.949800	121.120000	-81.583060	4.027490
0	0	271	381.006000	-123.193000	-60.492200	151.062000	-76.923649	4.119350
0	0	272	367.705000	-154.764000	-58.280400	204.544000	-79.682416	3.434560
0	0	273	399.646000	-120.606000	-61.167200	189.689000	-76.553725	4.177810
0	0	274	412.865000	-151.580000	-32.158400	216.617000	-84.011017	3.685090
0	0	275	450.209000	-95.271700	-76.950500	203.343000	-70.536177	4.554330
0	0	276	390.385000	-92.070000	-77.589500	270.862000	-69.939196	4.625870
0	0	277	422.476000	-77.931400	-89.411200	206.521000	-65.537812	4.646370
0	0	278	405.312000	-33.710200	-39.378800	211.430000	-65.282580	0.000000
0	0	279	398.752000	-48.505900	-89.362600	230.317000	-59.246525	5.341860
0	0	280	377.868000	-0.906148	-88.365000	195.560000	-45.293762	0.000000
0	0	281	382.538000	-30.286000	-90.630000	179.452000	-54.239090	0.000000
0	0	282	368.939000	-18.497200	-83.895800	164.694000	-51.216777	0.000000
0	0	283	380.979000	3.242770	-74.557300	199.173000	-43.754783	0.000000
0	0	284	315.588000	-3.267020	-89.328300	187.421000	-46.047278	0.000000
0	0	285	350.904000	47.797300	-117.316000	159.743000	-33.916431	4.261170
0	0	286	313.305000	75.092400	-99.584000	176.682000	-26.490741	4.397050
0	0	287	348.959000	94.904000	-87.960700	138.940000	-21.412773	4.290480
0	0	288	309.307000	83.256800	-109.096000	144.117000	-26.325437	3.997710
0	0	289	330.869000	65.777400	-146.081000	116.600000	-32.879450	3.375840
0	0	290	249.636000	61.364400	-89.459900	92.763300	-27.776047	5.040030
0	0	291	298.276000	27.714900	-71.826700	148.147000	-34.450249	0.000000
0	0	292	202.299000	17.417400	-55.817500	79.357500	-36.334945	0.000000
0	0	293	93.852800	4.616130	-39.642900	-19.190200	-41.679115	0.000000
0	0	294	97.140200	4.539740	-7.488330	25.901500	-29.386999	0.000000
0	0	295	88.426300	20.833700	-11.154600	-45.494100	-14.082552	0.000000
0	0	296	87.813000	-17.788100	-71.738800	6.406510	-51.962996	0.000000
0	0	297	74.804300	-4.781230	-50.009900	49.198600	-47.730601	0.000000
0	0	298	82.125300	-4.259240	-34.392200	-1.423020	-48.529873	0.000000
0	0	299	143.376000	42.562900	-2.714650	20.282200	-1.824683	0.000000
0	0	300	106.527000	6.226810	-24.123200	25.670200	-37.763218	0.000000
0	0	301	110.951000	7.398840	-11.908200	48.850900	-29.073180	0.000000
0	0	302	56.523600	57.186600	6.336910	-0.600280	3.161606	0.000000
0	0	303	89.030300	74.383800	-27.285800	-7.105240	-10.072137	0.000000
0	0	304	96.648300	13.280400	10.573800	-25.806000	19.263330	0.000000
0	0	305	126.976000	62.011700	8.920150	-4.672620	4.092816	0.000000
0	0	306	114.484000	46.065400	-45.754400	34.391600	-22.402968	0.000000
0	0	307	111.643000	56.065300	-28.180500	21.855200	-13.342900	0.000000
0	0	308	111.805000	36.884300	-22.457000	42.884800	-15.667569	0.000000
0	0	309	115.973000	36.319000	-66.698900	48.520500	-30.715374	0.000000
0	0	310	85.666800	22.973200	-45.435500	48.529800	-31.588912	0.000000
0	0	311	127.577000	36.745400	-34.074700	41.052900	-21.420170	0.000000
0	0	312	101.621000	38.194700	-19.913500	32.713200	-13.768051	0.000000
0	0	313	85.849000	33.298100	14.597900	16.584000	11.836332	0.000000
0	0	314	136.250000	88.542800	-48.634900	13.845500	-14.389584	5.582420
0	0	315	171.819000	48.116500	0.935628	33.816200	0.556990	0.000000
0	0	316	166.203000	46.364600	3.134300	29.238300	1.933688	0.000000
0	0	317	206.955000	8.131440	0.316109	52.200400	1.113124	0.000000
0	0	318	263.841000	63.362500	70.825300	9.474200	24.091601	0.000000
0	0	319	434.917000	77.218500	140.777000	50.640000	30.627254	3.383680
0	0	320	351.054000	30.907100	141.291000	-32.000300	38.830516	3.705790
0	0	321	269.837000	-15.792000	81.414500	-8.777710	50.488683	0.000000
0	0	322	232.940000	-6.466450	110.980000	17.361300	46.667336	4.806160
0	0	323	224.803000	-28.073900	87.623300	-24.730200	53.882550	0.000000
0	0	324	239.935000	-46.724900	56.777900	-29.465100	64.726194	0.000000
0	0	325	224.947000	-27.439500	44.989900	31.090700	60.689582	0.000000
0	0	326	256.455000	-39.072200	91.152500	-25.042900	56.601112	0.000000
0	0	327	214.367000	-65.184400	79.649300	-17.422300	64.648321	5.342960
0	0	328	214.019000	-0.944117	81.335600	-46.170600	45.332520	0.000000
0	0	329	260.710000	-64.035000	38.841500	-29.478900	74.380197	0.000000
0	0	330	265.167000	-80.891400	79.427200	-39.186400	67.761636	4.887440
0	0	331	290.432000	-51.401200	29.621500	-21.743600	75.022999	0.000000
0	0	332	282.263000	-36.513100	75.274900	-29.269700	57.938163	0.000000
0	0	333	276.249000	-25.641700	56.699600	-67.226000	57.167139	0.000000
0	0	334	238.659000	-28.126100	46.902500	-54.521300	60.474961	0.000000
0	0	335	264.689000	-44.523500	8.830900	-111.168000	84.390707	0.000000
0	0	336	293.492000	-42.693200	50.913600	-87.342600	64.990626	0.000000
0	0	337	345.953000	-29.075700	58.461300	-136.462000	58.221717	0.000000
0	0	338	436.330000	-64.338100	57.906300	-135.904000	69.005899	0.000000
0	0	339	369.657000	-83.739200	42.646000	-145.063000	76.505773	0.000000
0	0	340	371.440000	-39.633100	73.423900	-150.631000	59.179748	0.000000
0	0	341	310.227000	-22.385300	-3.239060	-124.749000	-85.883341	0.000000
0	0	342	213.980000	11.955500	-11.785800	-75.336700	-22.295232	0.000000
0	0	343	88.585600	33.244400	-29.299900	-43.193800	-20.695645	0.000000
0	0	344	132.128000	-17.014900	23.550900	6.119830	62.923556	0.000000
0	0	345	96.845200	-0.286080	-32.522700	-7.432450	-45.251989	0.000000
0	0	346	90.137000	-2.241900	-16.312400	-40.593800	-48.912720	0.000000
0	0	347	81.293300	22.943300	9.287770	-17.296400	11.019397	0.000000
0	0	348	74.369400	8.128060	-12.565500	-4.642600	-28.551489	0.000000
0	0	349	138.804000	-12.539500	-50.266000	-35.849500	-52.003637	0.000000
0	0	350	192.831000	-47.976000	-79.293400	-44.722900	-60.587893	0.000000
0	0	351	175.192000	-44.133100	-71.647200	-21.097100	-60.816078	0.000000
0	0	352	177.039000	14.724000	-42.150000	-50.849100	-35.372237	0.000000
0	0	353	168.910000	-13.637200	-43.126200	-37.859400	-53.773897	0.000000
0	0	354	157.932000	-39.069700	-2.411010	-77.391700	-88.234364	0.000000
0	0	355	119.115000	-34.345800	-31.305500	-25.269600	-68.825731	0.000000
0	0	356	115.100000	-0.419228	-23.025400	-32.442000	-45.521540	0.000000
0	0	357	110.686000	-2.163190	-46.801800	-51.301500	-46.323170	0.000000
0	0	358	115.002000	26.467300	-41.139800	-55.968500	-28.622394	0.000000
0	0	359	120.320000	14.623900	-51.498700	-37.920100	-37.073618	0.000000
0	0	360	101.258000	-14.951500	-51.426000	0.835406	-53.105582	0.000000
0	0	361	116.019000	-39.008600	-3.944860	-20.407300	-87.112713	0.000000
0	0	362	97.244100	-19.244700	-42.723600	-28.191100	-57.124510	0.000000
0	0	363	105.433000	32.815900	-30.653700	9.856200	-21.524438	0.000000
0	0	364	87.309500	-4.511740	-20.605200	0.261800	-51.175318	0.000000
0	0	365	129.954000	-27.372200	-25.432900	-34.745700	-68.551639	0.000000
0	0	366	72.659600	-6.811520	-39.816400	-8.310080	-49.853899	0.000000
0	0	367	54.920500	-13.467200	-55.049900	-63.654800	-51.873318	0.000000
0	0	368	139.309000	15.546000	-56.843100	-8.132950	-37.352116	0.000000
0	0	369	166.244000	8.975890	-44.188800	-27.972300	-39.258979	0.000000
0	0	370	130.026000	-18.242300	-24.650300	33.086400	-63.251530	0.000000
0	0	371	134.793000	-24.424000	-27.770300	-14.383200	-65.665826	0.000000
0	0	372	125.663000	1.887300	0.669011	-37.950700	9.759211	0.000000
0	0	373	119.873000	14.210500	-25.653300	-29.289500	-30.507994	0.000000
0	0	374	134.949000	29.029000	-34.740100	-66.244800	-25.058851	0.000000
0	0	375	177.701000	27.593800	-54.736800	-97.079100	-31.623255	0.000000
0	0	376	181.235000	30.404100	-8.684720	-101.788000	-7.970811	0.000000
0	0	377	263.789000	19.621500	-50.605400	-162.583000	-34.403465	0.000000
0	0	378	287.202000	49.817700	-65.094900	-130.040000	-26.286426	0.000000
0	0	379	287.135000	51.972400	-38.077200	-132.389000	-18.114049	0.000000
0	0	380	307.718000	23.506100	-2.584270	-96.927100	-3.136962	0.000000
0	0	381	279.339000	32.659600	5.859460	-141.146000	5.085614	0.000000
0	0	382	344.679000	19.261500	-8.810100	-128.166000	-12.289543	0.000000
0	0	383	352.104000	-2.303610	53.054400	-171.859000	46.243104	0.000000
0	0	384	377.098000	36.031200	15.733400	-169.782000	11.794495	0.000000
0	0	385	394.358000	40.281700	25.498900	-151.547000	16.167202	0.000000
0	0	386	385.815000	-5.720390	9.015740	-172.191000	61.197344	0.000000
0	0	387	334.385000	-44.343000	4.936740	-185.440000	86.823688	0.000000
0	0	388	354.321000	-11.182000	5.682230	-179.810000	76.531103	0.000000
0	0	389	324.669000	4.731740	37.177900	-147.745000	41.373397	0.000000
0	0	390	341.380000	30.209700	24.156000	-155.984000	19.323103	0.000000
0	0	391	304.047000	-11.544000	-10.539700	-160.953000	-68.801922	0.000000
0	0	392	300.210000	-46.253000	29.964700	-152.586000	73.531541	0.000000
0	0	393	269.956000	-2.834670	-23.489500	-121.366000	-48.440538	0.000000
0	0	394	179.828000	45.175300	-21.218800	-51.130900	-12.579702	0.000000
0	0	395	104.494000	-9.826880	-70.758700	-12.540800	-48.953296	0.000000
0	0	396	96.100200	-17.874000	-38.195600	-44.093100	-57.538849	0.000000
0	0	397	94.464300	41.270100	-11.471300	-17.218600	-7.766813	0.000000
0	0	398	67.889800	-27.119300	-30.089100	-26.965800	-66.014166	0.000000
0	0	399	90.111000	13.333900	-47.152100	-20.170000	-37.104950	0.000000
0	0	400	98.458100	-5.633060	-4.688610	-43.116400	-70.114050	0.000000
0	0	401	41.077900	-7.170230	-59.836300	-51.724800	-48.416607	0.000000
0	0	402	84.843800	11.866000	-15.813000	-7.469050	-26.557806	0.000000
0	0	403	92.919200	-16.683500	-41.076700	1.498050	-56.052384	0.000000
0	0	404	100.921000	13.495800	-62.188900	-19.164800	-38.877962	0.000000
0	0	405	66.482200	-5.480460	-35.886100	-28.222500	-49.341509	0.000000
0	0	406	121.205000	32.304100	-29.108700	-37.076600	-21.010750	0.000000
0	0	407	133.869000	-25.635300	-8.825940	-27.927600	-80.501001	0.000000
0	0	408	98.307500	0.854445	-18.673500	-25.851400	-43.690070	0.000000
0	0	409	91.425400	27.959600	-29.257700	-59.309500	-23.149829	0.000000
0	0	410	100.556000	19.549300	-24.193800	-36.645800	-25.530386	0.000000
0	0	411	65.489800	30.877800	-57.042000	-42.466200	-30.786283	0.000000
0	0	412	146.865000	8.836840	-13.138500	-51.665200	-28.037784	0.000000
0	0	413	132.020000	27.146900	-74.618700	-49.052300	-35.004097	0.000000
0	0	414	147.207000	21.006900	-31.421700	-43.588100	-28.117695	0.000000
0	0	415	150.715000	45.426800	-57.375600	-49.996000	-25.814891	0.000000
0	0	416	127.567000	-13.337500	-35.774400	-75.563700	-55.223293	0.000000
0	0	417	153.005000	1.786550	3.388120	-53.977700	31.098697	0.000000
0	0	418	81.908200	-16.204100	-48.349200	-54.978700	-54.264217	0.000000
0	0	419	150.239000	8.497780	-41.529300	-27.445200	-39.217849	0.000000
0	0	420	84.488800	35.674800	-21.237900	-35.837600	-15.383079	0.000000
0	0	421	72.607700	33.026100	-0.541377	-25.781200	-0.469566	0.000000
0	0	422	110.267000	15.135700	-46.656200	-22.958400	-36.013230	0.000000
0	0	423	84.993900	13.806400	-22.483900	-21.304600	-29.223848	0.000000
0	0	424	112.178000	64.850100	-53.043100	-6.913470	-19.640450	0.000000
0	0	425	114.636000	24.955200	-45.778700	-39.733700	-30.702006	0.000000
0	0	426	162.948000	21.988200	-21.164400	-46.196100	-21.953167	0.000000
0	0	427	215.027000	13.833700	-40.585500	-103.752000	-35.589078	0.000000
0	0	428	165.699000	31.838200	-35.449000	-68.204700	-24.035845	0.000000
0	0	429	173.517000	3.473380	-52.868300	-50.595100	-43.120571	0.000000
0	0	430	149.456000	22.763400	-10.727100	-39.729200	-12.615922	0.000000
0	0	431	128.380000	24.987200	8.640700	-56.751100	9.537822	0.000000
0	0	432	133.255000	-5.139460	-13.264900	-63.627900	-55.589381	0.000000
0	0	433	128.800000	2.386190	-12.185400	-36.596900	-39.460166	0.000000
0	0	434	118.631000	7.084110	-18.802700	-35.917900	-34.677793	0.000000
0	0	435	127.259000	28.041100	15.045300	7.350020	14.107771	0.000000
0	0	436	125.263000	-1.918080	-13.765700	-24.563900	-48.966193	0.000000
0	0	437	112.855000	9.705360	9.374240	-37.746700	22.002875	0.000000
0	0	438	107.950000	10.456600	-32.940500	-40.753800	-36.194265	0.000000
0	0	439	91.253600	13.114500	-54.749600	-16.235700	-38.264703	0.000000
0	0	440	99.212300	18.272000	-54.113000	-43.212400	-35.671019	0.000000
0	0	441	105.342000	19.053700	-34.688400	-54.815400	-30.610409	0.000000
0	0	442	112.061000	-7.581630	-42.010500	-52.848100	-50.115024	0.000000
0	0	443	97.287100	15.816000	-51.116800	-58.073000	-36.403730	0.000000
0	0	444	75.316900	-1.624350	-31.333300	-53.494700	-46.483807	0.000000
0	0	445	91.578600	-48.115300	-6.846150	7.653630	-85.950975	0.000000
0	0	446	91.390500	19.250700	-21.408800	-12.327000	-24.019130	0.000000
0	0	447	114.669000	8.876090	2.699670	-27.826300	8.458591	0.000000
0	0	448	107.730000	3.867120	20.170100	-25.658700	39.573325	0.000000
0	0	449	95.782600	5.894670	4.113060	-22.858800	17.452881	0.000000
0	0	450	98.562700	36.217600	-41.197700	-32.609400	-24.340373	0.000000
0	0	451	90.618300	22.925700	-2.362070	-29.792700	-2.941258	0.000000
0	0	452	83.789800	5.432390	13.106600	-22.387300	33.743548	0.000000
0	0	453	75.472000	-19.175400	-14.975700	-23.587200	-71.005348	0.000000
0	0	454	112.866000	45.271400	-12.568700	-14.214900	-7.758126	0.000000
0	0	455	68.847000	-3.022470	-1.051450	-5.899250	-80.409176	0.000000
0	0	456	66.895100	-5.599000	-34.481900	-24.333200	-49.611455	0.000000
0	0	457	72.905300	-9.383620	6.373780	-25.605400	72.906938	0.000000
0	0	458	77.400900	7.208460	4.831430	-45.209000	16.915875	0.000000
0	0	459	62.370300	12.160300	-25.353300	7.799020	-32.188024	0.000000
0	0	460	90.551600	24.845100	-23.730600	-10.178800	-21.842830	0.000000
0	0	461	74.868000	11.265100	8.835020	-13.913000	19.053233	0.000000
0	0	462	75.240400	18.854200	-5.418280	-28.663800	-8.016740	0.000000
0	0	463	78.005600	-5.462950	-11.973700	-39.376000	-57.262321	0.000000
0	0	464	92.689800	31.650300	-50.135700	-4.477820	-28.868041	0.000000
0	0	465	79.801000	33.173600	-13.318800	-41.234100	-10.937432	0.000000
0	0	466	77.549300	36.586400	9.278110	-38.446700	7.114957	0.000000
0	0	467	32.080100	28.552500	-40.885100	-23.677900	-27.535555	0.000000
0	0	468	59.357200	18.666300	8.082040	-45.967000	11.705701	0.000000
0	0	469	61.138400	-0.921392	-16.630100	-26.168200	-46.585617	0.000000
0	0	470	79.685000	12.166200	-25.754800	-6.166820	-32.357309	0.000000
0	0	471	71.507000	3.333360	-44.347600	-19.077700	-42.850741	0.000000
0	0	472	58.353400	26.909100	-35.818100	-32.638000	-26.541762	0.000000
0	0	473	89.242000	2.870130	-8.518960	-47.779600	-35.690385	0.000000
0	0	474	84.998700	16.973200	2.742390	-24.574900	4.589032	0.000000
0	0	475	78.039600	13.673100	-43.877300	-62.382900	-36.345927	0.000000
0	0	476	93.678300	15.613300	-25.492600	-19.478200	-29.257015	0.000000
0	0	477	95.326000	2.546890	-10.597400	-21.181500	-38.243152	0.000000
0	0	478	85.188600	16.495400	-30.051600	11.712800	-30.618752	0.000000
0	0	479	88.855700	21.290000	-30.849300	33.174700	-27.694657	0.000000
0	0	480	86.022200	10.695400	-28.314600	2.010020	-34.653361	0.000000
0	0	481	89.105600	20.048200	-43.520200	3.931000	-32.633083	0.000000
0	0	482	63.308400	17.306300	-9.748940	-62.713500	-14.696659	0.000000
0	0	483	71.877700	53.388700	-25.167500	-37.523400	-12.619624	0.000000
0	0	484	56.505700	26.219400	-12.547900	-39.321600	-12.787262	0.000000
0	0	485	99.413000	44.092900	-49.123100	-39.290500	-24.044424	0.000000
0	0	486	58.112300	3.879590	-44.188200	-49.673500	-42.491235	0.000000
0	0	487	53.707000	32.409100	-13.126700	2.266750	-11.024744	0.000000
0	0	488	42.325400	64.286000	-38.591700	-36.320000	-15.488464	0.000000
0	0	489	74.810000	2.929320	-53.533600	-24.116000	-43.433970	0.000000
0	0	490	58.441200	45.723300	-38.538200	-26.927100	-20.063048	0.000000
0	0	491	71.885700	50.471200	-11.906900	10.144400	-6.637104	0.000000
0	0	492	97.448300	25.766000	-27.638200	-5.943190	-23.503903	0.000000
0	0	493	98.818000	50.776800	-2.980010	0.248170	-1.679373	0.000000
0	0	494	73.027700	9.719850	19.581000	3.126240	31.800285	0.000000
0	0	495	99.941900	40.016900	-20.396900	-27.292800	-13.504132	0.000000
0	0	496	84.599800	56.251300	-16.807700	-19.663400	-8.317985	0.000000
0	0	497	53.090600	51.599100	-9.633550	-15.437100	-5.287683	0.000000
0	0	498	87.199100	68.449400	-51.089500	-37.120500	-18.368526	0.000000
0	0	499	84.426500	43.613100	-20.879900	-11.992800	-12.791453	0.000000
0	0	500	119.646000	26.859400	-52.366700	16.713500	-31.423131	0.000000
0	0	501	86.948900	50.196200	-35.504200	2.746660	-17.636047	0.000000
0	0	502	37.054800	-5.939900	-36.177300	-9.703240	-49.662061	0.000000
0	0	503	29.519200	19.855100	17.892900	-10.126900	21.012177	0.000000
0	0	504	63.141600	-15.296200	-28.004600	-23.160400	-59.321752	0.000000
0	0	505	66.329000	24.406100	-2.017920	-5.902360	-2.363260	0.000000
0	0	506	99.786700	19.490000	-14.696000	-10.259200	-18.508653	0.000000
0	0	507	122.345000	71.109900	-21.478100	-30.789400	-8.403232	0.000000
0	0	508	63.282700	17.410200	-19.714200	-12.140300	-24.275657	0.000000
0	0	509	54.620400	30.666500	-24.790500	-0.908617	-19.475868	0.000000
0	0	510	80.056800	5.982520	6.602930	8.770700	23.911079	0.000000
0	0	511	31.654400	1.932630	-9.553470	-12.919800	-39.281813	0.000000
0	0	512	73.699100	8.068900	-4.810900	-1.166530	-15.402279	0.000000
0	0	513	11.741100	2.028700	-16.310400	-24.713100	-41.454960	0.000000
0	0	514	57.911000	-35.731300	-15.355100	12.885100	-78.372481	0.000000
0	0	515	16.423900	5.720540	-13.279600	0.109715	-33.347378	0.000000
0	0	516	34.587400	29.900100	-30.461700	-22.026700	-22.766529	0.000000
0	0	517	45.997400	37.953100	-17.663000	12.689300	-12.478403	0.000000
0	0	518	24.590000	2.314240	-2.662050	-48.865600	-24.499048	0.000000
0	0	519	16.335100	52.888800	-31.149600	-1.910560	-15.248277	0.000000
0	0	520	33.739600	15.038800	-3.079430	-20.868500	-5.786121	0.000000
0	0	521	-5.073040	-13.663400	-35.616700	37.052700	-55.493991	0.000000
0	0	522	6.796910	14.137800	2.734990	22.753400	5.474378	0.000000
0	0	523	29.936700	-6.558090	-28.856500	21.391100	-51.401939	0.000000
0	0	524	-20.329600	21.924500	-0.614470	1.558430	-0.802694	0.000000
0	0	525	13.446300	-6.322530	7.721240	7.980900	64.656150	0.000000
0	0	526	30.618100	-25.927900	-39.595000	14.938500	-61.608944	0.000000
0	0	527	36.822700	-24.503500	11.410200	35.078700	77.515340	0.000000
0	0	528	16.526100	2.382590	-8.666520	27.754100	-37.314035	0.000000
0	0	529	-15.144000	20.214000	-9.683550	-3.608580	-12.798414	0.000000
0	0	530	56.409500	-13.512400	35.228900	21.007300	55.492410	0.000000
0	0	531	29.650600	-23.417400	-14.876100	-15.473400	-73.786952	0.000000
0	0	532	19.128300	14.575000	-20.569700	14.820100	-27.339946	0.000000
0	0	533	46.130600	-21.181800	17.493000	42.819800	70.224193	0.000000
0	0	534	23.119900	11.206800	-39.373500	20.287000	-37.056082	0.000000
0	0	535	11.675200	14.430300	-6.905530	-13.234500	-12.786577	0.000000
0	0	536	35.375000	-12.074100	16.965600	-9.216510	62.719373	0.000000
0	0	537	13.275400	22.481300	-34.343600	19.240500	-28.395633	0.000000
0	0	538	-22.190200	4.031040	-8.229390	-8.935980	-31.951394	0.000000
0	0	539	-9.550050	18.937800	1.177230	7.627530	1.778550	0.000000
0	0	540	-13.898900	-31.944900	9.744260	2.804170	81.518273	0.000000
0	0	541	-7.767420	1.498050	22.489900	56.995600	43.094582	0.000000
0	0	542	1.933180	28.235000	-19.453900	41.892000	-17.283411	0.000000
0	0	543	-9.409640	-26.083500	15.343500	33.893400	74.767012	0.000000
0	0	544	-7.426510	12.126000	-7.190900	2.754040	-15.334289	0.000000
0	0	545	14.001100	7.961900	-13.008300	37.789900	-29.265369	0.000000
0	0	546	-11.038500	-15.593100	9.019800	14.489500	74.976422	0.000000
0	0	547	30.209600	37.024000	-30.417900	27.046500	-19.702792	0.000000
0	0	548	16.852900	-10.475300	19.549300	25.229100	59.092097	0.000000
0	0	549	-0.167292	1.233290	-3.055920	5.650890	-34.011138	0.000000
0	0	550	12.122700	-4.370670	-2.425200	59.308500	-75.487478	0.000000
0	0	551	-16.223500	5.438100	35.212600	13.157900	40.610408	0.000000
0	0	552	2.867570	43.639700	-14.285000	28.926200	-9.062659	0.000000
0	0	553	-33.290900	10.049000	4.920110	12.834900	13.043460	0.000000
0	0	554	32.162200	-14.577300	3.656010	-6.585480	82.960269	0.000000
0	0	555	14.529300	-20.002800	20.190900	-17.931400	67.365933	0.000000
0	0	556	-5.950330	11.884500	14.449400	51.649500	25.281507	0.000000
0	0	557	-10.099600	3.411300	-22.056400	12.708200	-40.604073	0.000000
0	0	558	2.423830	-20.610900	-23.462500	9.062750	-65.649028	0.000000
0	0	559	-20.165200	10.702400	-13.332300	23.779800	-25.622258	0.000000
0	0	560	56.740300	18.695200	4.089430	-11.796000	6.169332	0.000000
0	0	561	-4.343380	12.097300	17.113600	-14.052700	27.372094	0.000000
0	0	562	-14.261200	-6.474920	28.088500	5.918000	51.490489	0.000000
0	0	563	42.691300	-7.500150	7.524200	-38.968800	67.454142	0.000000
0	0	564	3.922630	10.580500	3.407920	20.965100	8.926730	0.000000
0	0	565	13.622000	14.551900	-6.378650	21.883500	-11.834832	0.000000
0	0	566	7.541710	27.687800	8.158740	-14.258200	8.209309	0.000000
0	0	567	23.342300	-8.713530	-11.036500	-4.983900	-64.145887	0.000000
0	0	568	-17.413500	-8.129210	-28.664100	10.201400	-52.916734	0.000000
0	0	569	-35.232400	-4.565980	-13.451100	-33.086900	-54.374898	0.000000
0	0	570	4.173250	16.112400	-9.458930	49.666800	-15.207725	0.000000
0	0	571	-5.596700	13.115200	-13.905100	24.717200	-23.337242	0.000000
0	0	572	-3.520070	17.870500	18.781100	-0.578599	23.211603	0.000000
0	0	573	31.618600	-41.674400	-8.399910	3.138430	-84.302063	0.000000
0	0	574	25.538500	0.017714	-28.055400	9.358740	-44.981912	0.000000
0	0	575	14.482700	-21.004300	-2.091900	23.615100	-87.156223	0.000000
0	0	576	37.328700	12.836700	-7.191500	53.524800	-14.629421	0.000000
0	0	577	21.165400	15.029100	-1.955420	7.784330	-3.706525	0.000000
0	0	578	8.791020	2.836580	-9.306140	-35.966000	-36.524196	0.000000
0	0	579	4.879880	-22.333200	-18.643400	-11.600600	-70.072704	0.000000
0	0	580	-25.869300	-22.520500	-9.297160	3.555330	-78.783824	0.000000
0	0	581	9.618520	-19.530100	-7.273130	-13.918000	-79.787179	0.000000
0	0	582	52.727500	21.722400	22.920700	17.026900	23.268776	0.000000
0	0	583	3.546740	-47.227800	-4.684880	-16.305500	-87.167467	0.000000
0	0	584	15.932200	-30.366200	54.230700	2.937190	59.623210	0.000000
0	0	585	24.227400	-3.642700	8.530290	18.338500	56.561997	0.000000
0	0	586	12.539400	-22.550400	-13.324900	19.169200	-74.710703	0.000000
0	0	587	1.580300	47.743600	7.974510	-20.635000	4.741228	0.000000
0	0	588	-4.146130	-18.705400	0.504921	56.655700	89.226886	0.000000
0	0	589	11.163400	0.994629	36.110300	26.515200	44.211117	0.000000
0	0	590	-12.993800	-9.637830	9.732550	-9.504020	67.359915	0.000000
0	0	591	15.602200	-5.733100	-2.421400	27.344600	-78.551511	0.000000
0	0	592	26.367400	17.635200	39.714300	-10.868100	33.028154	0.000000
0	0	593	33.773700	-12.198100	3.296580	15.650200	82.438442	0.000000
0	0	594	0.214683	-5.285940	-13.276000	28.574500	-55.855175	0.000000
0	0	595	-8.575230	-19.852600	-38.318900	37.004800	-58.694088	0.000000
0	0	596	-9.258420	-10.080200	-10.129800	29.708600	-67.429692	0.000000
0	0	597	8.384160	-15.713300	10.292900	-9.543280	73.386722	0.000000
0	0	598	-1.712880	-6.357300	-28.636900	4.377610	-51.258249	0.000000
0	0	599	0.208787	-30.489500	-1.291720	-9.813330	-88.787027	0.000000
0	0	600	12.616700	-0.785377	-26.137200	24.071400	-45.860560	0.000000
0	0	601	12.136400	-2.659670	-25.933600	25.621300	-47.927803	0.000000
0	0	602	31.715300	-33.085300	19.462000	20.572500	74.767190	0.000000
0	0	603	-23.030700	0.166914	-18.112500	-27.070700	-44.736006	0.000000
0	0	604	75.607000	-25.365900	-29.487600	-23.525400	-65.351431	0.000000
0	0	605	44.046700	-14.915700	6.230150	-18.718500	78.665079	0.000000
0	0	606	8.950900	10.497700	11.540000	15.512200	23.853928	0.000000
0	0	607	19.759200	21.074200	-15.051500	-8.587850	-17.767489	0.000000
0	0	608	43.877800	-14.129000	-19.456200	-7.571440	-62.993487	0.000000
0	0	609	39.303900	-5.387620	10.195200	11.300200	58.927033	0.000000
0	0	610	43.733700	13.216200	8.384130	10.148300	16.195170	0.000000
0	0	611	-15.653100	-24.012400	-16.608900	9.055160	-72.664580	0.000000
0	0	612	13.171300	-7.589050	-7.928270	5.687360	-66.873836	0.000000
0	0	613	11.482600	-21.819300	-24.057500	-15.923900	-66.103457	0.000000
0	0	614	10.580900	0.932586	-22.853800	33.975700	-43.831625	0.000000
0	0	615	38.707500	-4.208270	10.210000	35.373400	56.200028	0.000000
0	0	616	63.521900	-59.309800	12.661200	-4.921090	83.974812	0.000000
0	0	617	37.740500	13.758700	-28.471200	15.163000	-32.103928	0.000000
0	0	618	-14.941800	4.778530	10.644900	10.081800	32.912267	0.000000
0	0	619	39.640100	12.319600	18.291700	0.213018	28.019716	0.000000
0	0	620	10.958000	10.861900	-34.308700	25.118100	-36.216284	0.000000
0	0	621	60.958600	-19.534100	-28.295100	35.997800	-62.310026	0.000000
0	0	622	-0.771131	-11.816000	14.875100	-21.668900	64.230894	0.000000
0	0	623	63.728200	-10.377900	-40.668700	-1.802570	-52.157658	0.000000
0	0	624	25.989200	16.519900	-22.693500	9.287630	-26.973490	0.000000
0	0	625	27.607600	-23.032300	2.210340	17.026800	87.259142	0.000000
0	0	626	34.744000	-24.481900	20.642200	-12.825000	69.931848	0.000000
0	0	627	37.530300	11.622000	-28.021100	25.882500	-33.736668	0.000000
0	0	628	17.947400	10.288100	-30.566100	14.520300	-35.698762	0.000000
0	0	629	13.599500	-6.594890	-13.109100	-4.537660	-58.352964	0.000000
0	0	630	32.099900	15.979800	19.382400	19.218700	25.248079	0.000000
0	0	631	-0.072143	-5.897700	-22.612800	8.368180	-52.308905	0.000000
0	0	632	49.301900	-33.072000	18.126400	24.773400	75.636668	0.000000
0	0	633	7.476670	23.336900	-1.588330	3.706900	-1.946798	0.000000
0	0	634	61.278600	30.093700	6.792300	41.680000	6.359414	0.000000
0	0	635	31.843500	-7.950100	-34.282100	-33.218400	-51.528121	0.000000
0	0	636	30.156500	-40.933900	-32.613400	-39.583400	-70.727251	0.000000
0	0	637	66.793100	-4.040770	-69.481100	-3.562740	-46.664183	0.000000
0	0	638	51.198800	-50.933600	-2.346260	-14.717100	-88.681265	0.000000
0	0	639	48.269100	-6.828340	-29.719000	-47.543400	-51.469946	0.000000
0	0	640	51.023100	5.870650	-2.865880	-21.007400	-13.010140	0.000000
0	0	641	21.351400	-9.913510	-15.063100	-32.395900	-61.675099	0.000000
0	0	642	52.155400	33.546000	14.509800	-19.147300	11.695072	0.000000
0	0	643	-18.902800	-5.814920	29.602100	13.625700	50.556727	0.000000
0	0	644	20.949700	-27.338300	-12.348800	-7.130760	-77.845575	0.000000
0	0	645	1.675350	-17.110300	10.735900	-5.340700	73.946841	0.000000
0	0	646	45.102900	-3.228360	-19.208200	46.449900	-49.770323	0.000000
0	0	647	22.551600	8.379310	28.416200	-21.806500	36.785188	0.000000
0	0	648	24.695200	19.883600	40.621300	-11.403100	31.959425	0.000000
0	0	649	46.842700	-34.778400	3.743440	15.395400	86.928256	0.000000
0	0	650	16.242000	-20.000500	34.022500	-7.429570	60.224804	0.000000
0	0	651	18.131600	25.310200	11.798500	2.069550	12.496430	0.000000
0	0	652	22.050700	-42.144900	-31.336600	-6.981730	-71.683781	0.000000
0	0	653	27.805900	25.437800	-12.714400	10.911800	-13.278471	0.000000
0	0	654	35.939900	-37.792500	24.917900	22.208600	73.300878	0.000000
0	0	655	29.005200	-31.668500	7.938590	-3.191470	82.963606	0.000000
0	0	656	31.504600	29.668700	8.985930	-4.943990	8.425144	0.000000
0	0	657	42.018700	-4.315570	17.196600	-0.434423	52.043861	0.000000
0	0	658	27.699900	3.185480	-10.097600	-0.455217	-36.245564	0.000000
0	0	659	40.570600	-6.124580	-8.738910	1.788660	-62.512159	0.000000
0	0	660	-19.209600	-8.735770	-7.770170	3.900300	-69.173998	0.000000
0	0	661	4.976960	2.199270	-11.913200	-5.393920	-39.770255	0.000000
0	0	662	11.241100	-20.334700	27.866700	39.077900	63.059362	0.000000
0	0	663	-8.564630	-22.696000	13.334100	-6.264390	74.782694	0.000000
0	0	664	-2.387920	-29.399400	-12.367400	1.182530	-78.592523	0.000000
0	0	665	24.258900	-19.190000	2.644680	-20.795500	86.076591	0.000000
0	0	666	-13.006900	-7.157430	4.182690	11.561800	74.849327	0.000000
0	0	667	-7.769390	0.175034	3.652590	3.366330	43.628228	0.000000
0	0	668	35.942500	-7.104230	26.125100	-1.225850	52.606328	0.000000
0	0	669	33.595000	-6.709580	9.763040	18.757500	62.249260	0.000000
0	0	670	-4.070900	-6.925040	0.971105	15.071200	86.008706	0.000000
0	0	671	27.434900	-2.014780	8.323700	-22.641000	51.803463	0.000000
0	0	672	5.773130	-19.010700	6.963340	-31.465000	79.941480	0.000000
0	0	673	-11.739600	-12.678100	-15.080600	15.174700	-65.026704	0.000000
0	0	674	-5.514520	-7.359640	-18.845200	8.315120	-55.666100	0.000000
0	0	675	15.936300	-19.169300	18.476900	22.269100	68.026841	0.000000
0	0	676	-7.052980	2.635980	7.852400	16.070600	35.721781	0.000000
0	0	677	7.117580	-27.544400	19.549400	3.502680	72.317551	0.000000
0	0	678	5.738690	35.329000	-17.859400	6.966350	-13.408680	0.000000
0	0	679	40.994600	4.108550	-6.333530	1.272680	-28.514297	0.000000
0	0	680	53.372100	-7.291270	22.021600	-3.857870	54.159758	0.000000
0	0	681	36.586600	-25.407700	10.388200	7.545710	78.881148	0.000000
0	0	682	20.450500	1.544750	0.141274	-13.689500	2.612704	0.000000
0	0	683	37.056000	0.209311	-22.288300	8.285490	-44.730974	0.000000
0	0	684	45.475800	0.774357	3.282760	-40.198200	38.363677	0.000000
0	0	685	18.475300	-4.065290	-6.615900	10.622300	-60.784795	0.000000
0	0	686	31.293900	-22.043200	-21.217100	20.216100	-68.046994	0.000000
0	0	687	30.174100	-28.753800	-0.200791	-2.763230	-89.799952	0.000000
0	0	688	8.547000	-14.149600	-19.575200	-13.901800	-62.930322	0.000000
0	0	689	3.880260	14.822400	24.189500	48.799200	29.250813	0.000000
0	0	690	55.145600	-10.353100	-6.640900	29.814100	-73.661117	0.000000
0	0	691	19.283900	19.252400	-51.531600	5.622370	-34.757061	0.000000
0	0	692	60.964100	0.983713	19.733500	-16.690100	43.573087	0.000000
0	0	693	49.579700	5.301160	-14.044700	-14.200400	-34.660514	0.000000
0	0	694	26.595400	11.846900	-23.811300	-5.754300	-31.774077	0.000000
0	0	695	20.782700	20.022900	-5.769170	-7.182610	-8.036602	0.000000
0	0	696	12.637900	-0.897427	-12.297300	9.308070	-47.086954	0.000000
0	0	697	4.713380	-31.617100	26.437000	-25.011900	70.049466	0.000000
0	0	698	16.065500	-21.380800	17.170800	4.810970	70.616124	0.000000
0	0	699	3.242910	29.384800	17.515000	19.217300	15.398665	0.000000
0	0	700	23.567900	-15.379600	16.327100	37.444700	66.644162	0.000000
0	0	701	3.525410	-2.439970	-38.189400	36.595100	-46.827866	0.000000
0	0	702	-11.504200	36.355800	19.028200	23.418300	13.813517	0.000000
0	0	703	18.935900	16.977200	-6.707640	-3.122490	-10.779413	0.000000
0	0	704	29.838500	7.274150	-14.618000	-6.000880	-31.772165	0.000000
0	0	705	39.682800	-27.547300	34.101900	-4.412670	64.465530	0.000000
0	0	706	26.129700	-26.827800	3.457030	12.557300	86.328665	0.000000
0	0	707	22.911500	37.352000	19.965300	9.975190	14.062643	0.000000
0	0	708	-21.912100	1.971560	-11.174000	41.324700	-39.996812	0.000000
0	0	709	46.194800	18.345100	-26.412800	30.612400	-27.608979	0.000000
0	0	710	-6.755680	-6.445730	-55.366500	-1.162560	-48.320221	0.000000
0	0	711	14.479300	14.530600	11.261600	-3.419180	18.888316	0.000000
0	0	712	21.660600	5.462310	-12.322600	34.410600	-33.046725	0.000000
0	0	713	13.304100	15.066000	7.106960	3.956160	12.627136	0.000000
0	0	714	27.104900	15.260600	15.225700	15.106500	22.467205	0.000000
0	0	715	53.929600	16.723400	-15.539600	-11.304900	-21.449318	0.000000
0	0	716	17.448900	-32.302900	-14.051000	19.324200	-78.246048	0.000000
0	0	717	42.945900	-31.773800	-14.818900	3.340950	-77.498124	0.000000
0	0	718	28.332100	-27.387100	-25.755300	-5.269750	-68.379391	0.000000
0	0	719	1.822060	4.668690	-11.534200	4.729400	-33.981705	0.000000
0	0	720	0.393071	-4.378520	-13.995000	17.136600	-53.686490	0.000000
0	0	721	22.625900	18.270700	15.958100	14.763200	20.567400	0.000000
0	0	722	18.629000	44.816200	4.926020	11.029100	3.136273	0.000000
0	0	723	46.228300	6.477160	41.415300	35.685200	40.555606	0.000000
0	0	724	31.057400	-0.697647	9.250700	24.802300	47.156415	0.000000
0	0	725	47.088500	16.865300	34.438300	22.415400	31.953924	0.000000
0	0	726	12.494100	36.200300	16.588700	17.619600	12.309752	0.000000
0	0	727	6.016010	-10.654700	29.530200	8.726810	54.919897	0.000000
0	0	728	28.271400	-23.646000	22.368700	14.659700	68.295019	0.000000
0	0	729	15.936200	23.337600	-1.760800	6.016080	-2.157369	0.000000
0	0	730	21.324500	6.240820	12.220400	23.889500	31.473557	0.000000
0	0	731	25.316400	0.708664	-16.517600	-1.477150	-43.771657	0.000000
0	0	732	32.529700	19.781200	-9.414000	-8.581090	-12.725038	0.000000
0	0	733	43.065500	-5.216760	23.145900	26.059200	51.350714	0.000000
0	0	734	16.348500	-24.738100	-24.347300	10.277700	-67.728079	0.000000
0	0	735	13.043100	0.881934	-14.218800	2.484730	-43.225362	0.000000
0	0	736	27.187500	33.645700	-50.681000	14.303600	-28.210464	0.000000
0	0	737	55.515800	-32.974200	12.169300	1.806100	79.871578	0.000000
0	0	738	32.571700	-31.916900	4.983160	14.482500	85.563049	0.000000
0	0	739	25.361300	-22.456800	2.223720	7.983660	87.172443	0.000000
0	0	740	9.520500	29.912500	-20.722300	0.592433	-17.356410	0.000000
0	0	741	24.567800	0.942434	14.566100	1.075590	43.149047	0.000000
0	0	742	2.676570	-4.234020	8.593380	6.747240	58.114899	0.000000
0	0	743	11.370300	4.792920	27.888600	-7.476260	40.124220	0.000000
0	0	744	48.049000	-41.108300	14.798700	20.646100	80.100740	0.000000
0	0	745	-16.480300	-37.807100	-6.159030	3.266520	-85.373706	0.000000
0	0	746	35.121900	-18.510400	-5.065880	25.260500	-82.347109	0.000000
0	0	747	32.742500	-6.918190	-17.170200	21.371100	-55.972707	0.000000
0	0	748	6.175390	-28.808300	-9.426730	35.862500	-80.940364	0.000000
0	0	749	18.973400	-12.626300	5.890290	-12.277400	77.495249	0.000000
0	0	750	19.407800	-1.904800	-9.748650	9.282180	-50.527899	0.000000
0	0	751	48.957200	40.060200	-9.021820	28.278300	-6.345824	0.000000
0	0	752	20.610700	-4.006590	41.703800	28.104600	47.743854	0.000000
0	0	753	-0.124719	-17.321300	29.524400	13.330800	60.199594	0.000000
0	0	754	46.811000	-15.638800	18.438600	-16.130200	65.151563	0.000000
0	0	755	33.135800	-1.650230	3.074000	-25.423700	59.114224	0.000000
0	0	756	9.163100	-12.466500	13.009800	6.043400	66.889156	0.000000
0	0	757	51.477700	-18.278100	-21.203200	9.306020	-65.381399	0.000000
0	0	758	30.224600	-0.698390	-24.612900	-6.626570	-45.812665	0.000000
0	0	759	70.395100	23.719400	-40.536900	17.682600	-29.833385	0.000000
0	0	760	54.352500	-45.453900	-10.486000	-1.389530	-83.504703	0.000000
0	0	761	25.354400	-38.934000	-0.190431	9.501080	-89.859881	0.000000
0	0	762	53.429000	-37.577700	-6.553820	-22.585400	-85.053358	0.000000
0	0	763	63.554400	-26.029100	-20.735600	12.666300	-70.729035	0.000000
0	0	764	12.707500	-3.172980	5.984840	11.479400	58.965587	0.000000
0	0	765	30.257700	42.028700	-5.688560	-18.879400	-3.854054	0.000000
0	0	766	49.391300	-36.310700	-17.085500	12.262800	-77.400658	0.000000
0	0	767	4.589090	9.786280	-7.917540	35.137700	-19.487207	0.000000
0	0	768	26.677000	-3.461030	13.713400	17.733500	52.082340	0.000000
0	0	769	33.175800	10.391300	11.456800	-3.549590	23.896010	0.000000
0	0	770	-18.061300	-29.854300	-39.395500	-28.134900	-63.577605	0.000000
0	0	771	37.065800	29.868800	1.468410	-16.620100	1.407255	0.000000
0	0	772	7.125230	-29.216900	-1.938270	-3.630830	-88.102259	0.000000
0	0	773	78.903100	17.699200	14.582400	18.782400	19.742583	0.000000
0	0	774	33.828700	-25.321500	0.521656	-19.977700	89.409899	0.000000
0	0	775	23.395900	27.046900	-0.459828	19.964600	-0.487000	0.000000
0	0	776	31.003400	-21.109700	16.585700	8.157060	70.921800	0.000000
0	0	777	13.335000	-6.096820	-13.948700	8.436210	-56.804799	0.000000
0	0	778	58.973000	2.551740	-15.833200	1.146910	-40.422357	0.000000
0	0	779	9.698830	-21.916800	-31.956500	-11.719000	-62.221794	0.000000
0	0	780	15.322800	-1.661930	-39.859200	35.196600	-46.193783	0.000000
0	0	781	38.959000	-25.559700	9.336980	-9.289480	79.966354	0.000000
0	0	782	16.138600	0.792745	9.963310	24.400600	42.725382	0.000000
0	0	783	0.541920	-30.746600	16.676000	12.390900	75.762986	0.000000
0	0	784	72.306900	15.663800	-19.246200	-0.536923	-25.429539	0.000000
0	0	785	22.893000	-3.052750	-22.294700	5.837100	-48.898431	0.000000
0	0	786	45.525800	6.158160	-42.229800	-23.991400	-40.851662	0.000000
0	0	787	42.618800	-3.410090	-15.655600	4.531030	-51.144090	0.000000
0	0	788	-6.768290	-9.363620	-17.972300	2.370200	-58.759822	0.000000
0	0	789	11.583900	-18.561900	36.820700	59.350400	58.376699	0.000000
0	0	790	72.532100	3.486810	-2.110570	-10.181400	-15.593283	0.000000
0	0	791	42.238600	15.063000	5.901500	29.748700	10.697321	0.000000
0	0	792	-8.862950	5.636430	4.142990	1.580070	18.158649	0.000000
0	0	793	46.328200	34.921200	-29.957300	-9.151000	-20.312392	0.000000
0	0	794	39.716600	-7.046590	-11.460700	-25.645500	-60.792601	0.000000
0	0	795	6.003180	-32.198000	-21.615200	-0.711329	-73.062850	0.000000
0	0	796	3.271490	-6.981830	-11.881900	10.448900	-60.219293	0.000000
0	0	797	30.703900	28.506900	-60.888900	-5.936200	-32.455998	0.000000
0	0	798	36.185100	-7.224890	7.926580	4.245590	66.174215	0.000000
0	0	799	42.845400	13.727300	-5.037370	-33.743300	-10.075558	0.000000
0	0	800	53.927800	-1.060320	-0.549025	-9.473090	-76.312625	0.000000
0	0	801	43.565600	10.882300	9.150850	-13.915800	20.030122	0.000000
0	0	802	25.847400	9.511030	-6.750650	18.347000	-17.683007	0.000000
0	0	803	25.367300	-6.046900	14.687400	3.769150	56.188645	0.000000
0	0	804	46.480600	10.340900	4.452260	-1.238240	11.647113	0.000000
0	0	805	22.415800	23.139100	-10.828700	-6.040430	-12.539392	0.000000
0	0	806	21.697900	2.100980	4.006660	-20.343800	31.164373	0.000000
0	0	807	1.224650	12.286900	-27.082400	42.787400	-32.798440	0.000000
0	0	808	7.687530	13.301800	37.891400	17.980500	35.328172	0.000000
0	0	809	32.095700	-5.230670	-5.739640	-16.729400	-66.171827	0.000000
0	0	810	14.749500	4.399100	-36.013100	-14.487400	-41.517832	0.000000
0	0	811	28.529600	17.797200	22.687400	-18.089600	25.943741	0.000000
0	0	812	41.104800	-2.353890	-16.829200	-3.920420	-48.981135	0.000000
0	0	813	36.324000	2.487550	9.518640	52.118600	37.677091	0.000000
0	0	814	-6.854580	-1.818790	1.998450	-3.474540	66.152669	0.000000
0	0	815	14.180500	0.808606	-41.582900	-9.786720	-44.442994	0.000000
0	0	816	43.297300	17.586700	15.015200	-27.406100	20.245044	0.000000
0	0	817	58.021400	6.834440	2.458190	-4.716220	9.891242	0.000000
0	0	818	20.709500	-18.120200	17.663300	2.231420	67.865769	0.000000
0	0	819	24.234500	0.908849	-0.613267	-0.494958	-17.005212	0.000000
0	0	820	-12.109700	28.973700	13.385500	34.398900	12.398184	0.000000
0	0	821	-0.363874	3.420210	-25.293200	9.240250	-41.149516	0.000000
0	0	822	57.605800	20.790800	7.821480	10.252100	10.308127	0.000000
0	0	823	5.380980	-38.672700	-5.801700	-14.253600	-85.734041	0.000000
0	0	824	-23.967500	-28.862800	-29.579800	21.884400	-67.148552	0.000000
0	0	825	-8.147290	26.047600	17.776900	6.957560	17.156328	0.000000
0	0	826	42.508800	-6.573880	43.664100	32.598900	49.280951	0.000000
0	0	827	17.420000	-26.260400	-37.837800	27.260100	-62.380818	0.000000
0	0	828	6.700130	-36.825100	-21.203300	2.262310	-75.033678	0.000000
0	0	829	43.015500	20.340000	-24.997900	-8.731660	-25.432921	0.000000
0	0	830	6.378940	-20.005900	2.327460	-5.799700	86.682058	0.000000
0	0	831	14.764200	-26.072700	19.275600	31.086900	71.762204	0.000000
0	0	832	48.444200	6.445590	9.525870	20.544500	27.958062	0.000000
0	0	833	46.842700	-4.366510	22.085400	9.233390	50.591865	0.000000
0	0	834	15.347400	6.079750	2.041750	22.861000	9.281745	0.000000
0	0	835	-6.984740	3.787920	27.596700	1.261360	41.092213	0.000000
0	0	836	38.824200	-40.729300	-0.914447	10.277300	-89.356911	0.000000
0	0	837	-14.918400	18.671700	-3.618800	-20.543600	-5.484311	0.000000
0	0	838	6.244480	-1.078600	6.335530	9.201160	49.830878	0.000000
0	0	839	5.149230	3.354120	0.384923	23.077500	3.273348	0.000000
0	0	840	56.271300	-3.642180	-9.099630	16.327600	-55.907022	0.000000
0	0	841	23.950300	1.477130	7.271900	-3.722680	39.258909	0.000000
0	0	842	-9.674980	4.477780	-1.685490	41.107300	-10.313469	0.000000
0	0	843	31.300300	-24.672300	-10.192600	-23.309800	-78.776771	0.000000
0	0	844	21.540100	-8.367430	-9.073490	-7.282550	-66.340882	0.000000
0	0	845	40.998800	-36.196900	21.610900	10.574400	74.580611	0.000000
0	0	846	24.131800	4.190440	3.121580	14.159100	18.341746	0.000000
0	0	847	4.330810	15.268400	6.468440	4.699260	11.479944	0.000000
0	0	848	25.058000	-0.383656	-74.840400	11.680300	-45.146857	0.000000
0	0	849	-0.503272	-20.593500	-5.738780	7.663160	-82.214234	0.000000
0	0	850	3.015110	35.951300	17.352800	18.813100	12.882725	0.000000
0	0	851	-19.324100	3.525520	27.693900	-10.479100	41.372546	0.000000
0	0	852	31.050300	-34.621900	-0.265386	-25.051600	-89.780411	0.000000
0	0	853	59.345700	26.177100	-6.731960	16.134500	-7.211111	0.000000
0	0	854	25.281700	-2.488250	-0.482198	33.213000	-84.516297	0.000000
0	0	855	12.724400	-39.791800	-9.481920	36.060700	-83.298518	0.000000
0	0	856	38.537700	-0.883695	-12.541600	4.861610	-47.015231	0.000000
0	0	857	24.927200	-47.239600	2.514030	25.293300	88.476834	0.000000
0	0	858	38.142000	-32.212300	-13.252300	16.776800	-78.818745	0.000000
0	0	859	8.137970	-24.783100	14.456100	-6.199720	74.872392	0.000000
0	0	860	44.552900	-12.570100	18.334900	31.883600	62.216941	0.000000
0	0	861	64.430800	-18.860200	36.115800	15.023400	58.787112	0.000000
0	0	862	21.342500	19.551500	3.241420	-5.676710	4.706689	0.000000
0	0	863	41.665200	15.177300	-31.886200	15.977900	-32.273165	0.000000
0	0	864	15.409800	-24.388700	-1.728860	-6.721520	-87.972607	0.000000
0	0	865	27.229400	28.116600	-14.739600	0.392692	-13.832466	0.000000
0	0	866	34.510900	-45.427100	-28.530300	1.429210	-73.934648	0.000000
0	0	867	18.798000	25.396900	1.934860	44.778400	2.178328	0.000000
0	0	868	-4.532710	-7.442050	-2.914400	15.588700	-79.307033	0.000000
0	0	869	6.497640	-10.490200	-31.664700	5.085470	-54.164760	0.000000
0	0	870	28.164100	5.071330	-16.840700	12.665800	-36.620548	0.000000
0	0	871	37.680200	2.902250	-13.863700	1.294510	-39.088176	0.000000
0	0	872	14.330800	0.417124	-30.113800	21.569000	-44.603207	0.000000
0	0	873	15.519700	20.176400	11.918900	-28.631700	15.285911	0.000000
0	0	874	9.521120	27.366900	-34.033000	22.635900	-25.598126	0.000000
0	0	875	31.815400	24.519800	-20.323400	-19.631400	-19.826932	0.000000
0	0	876	23.270800	16.080100	29.275200	7.498120	30.610581	0.000000
0	0	877	48.320800	-15.297300	-0.675180	11.843300	-88.736382	0.000000
0	0	878	25.758100	-10.920200	21.975100	9.286450	58.212199	0.000000
0	0	879	9.277660	16.860200	-21.952800	-25.944800	-26.237500	0.000000
0	0	880	-11.085200	19.753000	-40.703300	-4.022650	-32.056528	0.000000
0	0	881	39.618400	2.460140	-7.550870	-0.364234	-35.976967	0.000000
0	0	882	34.987600	25.116400	-21.969800	-35.183800	-20.588408	0.000000
0	0	883	39.693600	-32.311400	-17.189100	2.215980	-75.993902	0.000000
0	0	884	55.689400	1.279990	-30.780000	-4.216800	-43.809360	0.000000
0	0	885	61.442900	-5.965560	22.530600	-0.910526	52.415115	0.000000
0	0	886	94.733000	-0.155256	-53.129600	-16.672000	-45.083715	0.000000
0	0	887	7.354800	2.859940	-9.689610	29.866000	-36.777877	0.000000
0	0	888	-10.910400	19.420300	42.500100	7.979220	32.721052	0.000000
0	0	889	19.604200	-28.442600	-7.279660	-13.173200	-82.821887	0.000000
0	0	890	18.121300	27.439000	-19.744000	2.652070	-17.868636	0.000000
0	0	891	0.570138	-2.571450	-2.085700	-17.589700	-70.477267	0.000000
0	0	892	-12.559000	-10.297300	-16.265300	25.431900	-61.168622	0.000000
0	0	893	-18.304400	1.252290	32.509300	0.964985	43.897001	0.000000
0	0	894	12.263900	-6.024390	14.108700	-23.101200	56.561198	0.000000
0	0	895	20.896700	-4.330640	-17.651300	21.836800	-51.892446	0.000000
0	0	896	-11.688700	-17.242800	11.541900	34.786800	73.101318	0.000000
0	0	897	-15.541700	-20.623400	8.142010	10.695500	79.228077	0.000000
0	0	898	9.716080	5.168940	-42.206900	16.459100	-41.508971	0.000000
0	0	899	24.297200	23.843000	8.242330	-12.199700	9.534924	0.000000
0	0	900	-4.663510	-7.975840	5.090910	24.205100	73.725130	0.000000
0	0	901	-13.232200	-15.825500	33.975000	9.640650	57.488014	0.000000
0	0	902	-8.844890	-7.313160	1.848060	-2.110080	82.909035	0.000000
0	0	903	0.886007	-10.290100	-5.231700	-8.896330	-76.525137	0.000000
0	0	904	-18.464300	-15.570300	-9.010380	-3.485910	-74.971227	0.000000
0	0	905	1.205120	-4.455450	-2.240840	-18.123000	-76.650092	0.000000
0	0	906	-1.313780	10.426400	28.944500	2.981520	35.094972	0.000000
0	0	907	4.672820	-32.921600	9.572340	0.658842	81.893797	0.000000
0	0	908	-11.936000	10.506600	-11.618200	21.570300	-23.938126	0.000000
0	0	909	-5.610830	-18.571500	-13.700400	50.718500	-71.791698	0.000000
0	0	910	-11.808400	-8.606760	-38.476700	10.262700	-51.304395	0.000000
0	0	911	13.129000	1.134700	-3.555890	6.231420	-36.150945	0.000000
0	0	912	4.562210	18.825700	28.557200	21.513700	28.303009	0.000000
0	0	913	-52.716200	-19.873000	15.602400	-28.477200	70.932175	0.000000
0	0	914	-12.595400	16.178500	-3.056540	9.060920	-5.349283	0.000000
0	0	915	-11.592200	-32.957300	-3.441110	-24.485300	-87.019640	0.000000
0	0	916	22.958100	14.908500	-5.304320	4.949530	-9.792567	0.000000
0	0	917	17.308500	-6.469190	8.634160	21.915300	63.421290	0.000000
0	0	918	34.622700	-10.572800	22.938400	-0.736170	57.372994	0.000000
0	0	919	-21.740200	-6.855580	-14.399300	22.994600	-57.729678	0.000000
0	0	920	8.242990	7.252820	16.242700	-21.341900	32.968951	0.000000
0	0	921	-3.677200	-0.675532	35.043700	-32.324800	45.552173	0.000000
0	0	922	20.800100	-9.640670	-20.799500	7.471490	-57.433977	0.000000
0	0	923	3.477700	16.990700	-14.548600	-1.108420	-20.286200	0.000000
0	0	924	43.118400	34.060100	-19.400000	43.986800	-14.832518	0.000000
0	0	925	8.465880	-0.792597	-24.916700	-11.213400	-45.910978	0.000000
0	0	926	2.017220	34.003700	-13.139700	-3.401230	-10.563757	0.000000
0	0	927	-6.233090	9.175890	-29.570200	3.951050	-36.380215	0.000000
0	0	928	10.154500	3.162310	12.268500	1.334530	37.773073	0.000000
0	0	929	8.224440	-21.576800	37.526900	-15.299500	59.948781	0.000000
0	0	930	11.351900	17.473000	11.433700	-10.239200	16.599643	0.000000
0	0	931	-1.777440	35.334100	-5.905000	2.794100	-4.743769	0.000000
0	0	932	-25.742400	-15.058300	-2.178000	17.885500	-85.884968	0.000000
0	0	933	-47.099100	6.802620	-24.967800	-17.860700	-37.379682	0.000000
0	0	934	-17.523500	29.896500	-32.831400	2.202500	-23.839395	0.000000
0	0	935	-0.614444	21.786300	40.113100	9.750740	30.746325	0.000000
0	0	936	59.939000	30.971000	-12.043000	-17.587100	-10.624226	0.000000
0	0	937	12.054800	4.817860	18.911600	-6.582530	37.853764	0.000000
0	0	938	24.098700	21.106200	20.714200	6.550060	22.231479	0.000000
0	0	939	3.891660	-4.616970	-7.427020	14.554200	-60.933472	0.000000
0	0	940	31.018500	-10.553400	-21.079500	17.685200	-58.297362	0.000000
0	0	941	-5.642010	-6.060040	-30.998500	10.833200	-50.530754	0.000000
0	0	942	13.308600	7.782450	-26.395900	-10.894700	-36.786304	0.000000
0	0	943	-40.311700	1.955700	-2.093530	21.445200	-23.474757	0.000000
0	0	944	-35.281000	-6.622010	-10.720600	-11.739400	-60.851610	0.000000
0	0	945	28.232200	26.830000	18.678900	5.697760	17.422713	0.000000
0	0	946	28.935600	-2.658610	3.134500	-1.708410	65.151917	0.000000
0	0	947	-7.943230	-8.395720	-6.183650	18.417300	-71.813730	0.000000
0	0	948	-13.273100	17.962300	8.547410	-9.802050	12.723785	0.000000
0	0	949	14.373200	-5.474640	-16.045800	-18.079600	-54.419522	0.000000
0	0	950	36.451200	-45.967000	-6.094990	-30.001200	-86.223465	0.000000
0	0	951	35.390400	-6.888550	9.974050	-11.073900	62.315395	0.000000
0	0	952	9.704950	-9.774170	-0.958099	24.035000	-87.200774	0.000000
0	0	953	-29.815900	18.129300	-7.538130	-23.129700	-11.288726	0.000000
0	0	954	-21.654400	17.861200	5.933440	-37.745700	9.188170	0.000000
0	0	955	14.807700	9.047220	-8.486480	6.020140	-21.584133	0.000000
0	0	956	1.635310	10.646100	13.619900	22.702000	25.993382	0.000000
0	0	957	16.588700	-12.207100	26.521700	-2.847910	57.357560	0.000000
0	0	958	39.645000	35.817300	-11.202600	11.263600	-8.684075	0.000000
0	0	959	3.747290	15.626800	-40.976300	-3.803090	-34.562527	0.000000
0	0	960	-13.340000	21.543800	2.220920	13.769700	2.942875	0.000000
0	0	961	28.269600	-1.883970	48.137900	39.333700	46.120619	0.000000
0	0	962	-19.122100	31.124200	0.029838	16.330600	0.027464	0.000000
0	0	963	27.953500	-14.567900	19.304200	11.110700	63.520001	0.000000
0	0	964	-21.545600	-22.396600	-9.857930	7.476390	-78.121581	0.000000
0	0	965	1.330510	11.271400	16.981600	36.242800	28.213051	0.000000
0	0	966	-3.248200	7.169460	24.509200	28.320700	36.847342	0.000000
0	0	967	6.722110	-7.716180	15.676300	-21.436900	58.103654	0.000000
0	0	968	-0.250533	-22.807400	39.942100	-26.296500	59.863433	0.000000
0	0	969	-19.751500	2.630930	-12.581800	5.842210	-39.094644	0.000000
0	0	970	21.088900	7.250150	30.478200	0.642835	38.309590	0.000000
0	0	971	22.485600	4.787920	6.053570	-30.703400	25.829323	0.000000
0	0	972	2.527690	-21.328900	28.373000	14.764900	63.466683	0.000000
0	0	973	-7.403580	11.182000	27.013200	8.412820	33.756549	0.000000
0	0	974	-35.116000	-7.307400	-15.231600	-22.715800	-57.814742	0.000000
0	0	975	-14.108100	20.117500	4.189310	23.586300	5.881639	0.000000
0	0	976	7.611510	-1.687060	-14.221400	-0.094378	-48.382641	0.000000
0	0	977	9.145740	-35.126700	12.263200	-7.120550	80.377612	0.000000
0	0	978	-15.830800	3.831360	-15.565400	4.933570	-38.085888	0.000000
0	0	979	-5.073760	22.748700	18.265500	30.377600	19.380926	0.000000
0	0	980	15.088900	-29.401000	10.140200	6.403070	80.485521	0.000000
0	0	981	-9.798480	6.168950	22.429900	-8.322830	37.311011	0.000000
0	0	982	-10.287800	-7.740630	-30.858300	-3.882310	-52.040883	0.000000
0	0	983	-15.355700	-1.349160	22.030600	18.655400	46.752216	0.000000
0	0	984	-9.774210	-11.420900	-0.110447	-17.313700	-89.722966	0.000000
0	0	985	2.326890	-27.698700	36.776700	-4.845590	63.492779	0.000000
0	0	986	-18.583200	-6.720490	1.401750	5.640290	84.109123	0.000000
0	0	987	-18.690200	-28.926700	-15.546500	8.288750	-75.872216	0.000000
0	0	988	-9.820370	-5.345570	-12.315100	-1.627350	-56.732020	0.000000
0	0	989	19.577900	-14.897200	4.343620	-1.779770	81.872373	0.000000
0	0	990	-4.410400	-38.648800	19.713400	-3.072550	76.487732	0.000000
0	0	991	19.017100	7.375830	-0.430079	-6.960240	-1.668547	0.000000
0	0	992	19.428700	-17.905700	-32.815300	2.220010	-59.309566	0.000000
0	0	993	-18.526100	-3.794200	3.054740	8.468830	70.581094	0.000000
0	0	994	-7.397510	-25.363700	4.617670	-11.926700	84.840921	0.000000
0	0	995	-27.431200	-10.218200	37.143800	8.166840	52.690746	0.000000
0	0	996	-14.190100	11.169600	8.049620	23.066400	17.889622	0.000000
0	0	997	-27.150100	-18.737100	18.392600	-14.507800	67.765796	0.000000
0	0	998	-11.103700	-36.164200	-22.516800	6.532630	-74.046250	0.000000
0	0	999	-31.727000	-14.529500	10.021100	5.159120	72.702847	0.000000
0	0	1000	4.142910	45.311900	-15.139200	-3.259370	-9.237518	0.000000
0	0	1001	-48.287300	-15.970900	6.676760	4.197100	78.656126	0.000000
0	0	1002	-8.800390	4.805410	37.125000	-14.871700	41.312359	0.000000
0	0	1003	19.245400	14.338700	-10.516100	5.439690	-18.128287	0.000000
0	0	1004	-1.928310	-8.448440	19.207600	-31.959300	56.871118	0.000000
0	0	1005	22.859500	7.029550	-31.108800	-22.392200	-38.633457	0.000000
0	0	1006	43.436000	-10.149200	-21.564500	15.094300	-57.601867	0.000000
0	0	1007	-7.064450	18.220200	-28.781800	-35.164800	-28.832156	0.000000
0	0	1008	28.516700	-14.040900	13.443600	0.161496	68.122485	0.000000
0	0	1009	3.830430	-5.114880	-40.022900	-23.572400	-48.641428	0.000000
0	0	1010	-1.733610	-9.559300	-4.801310	-34.114900	-76.665592	0.000000
0	0	1011	-25.921900	9.559040	-1.165440	-20.863900	-3.475603	0.000000
0	0	1012	27.216700	32.486100	-19.562600	-20.768000	-15.527833	0.000000
0	0	1013	-24.873900	-0.710297	15.106500	-25.146400	46.346012	0.000000
0	0	1014	-0.500205	-23.920900	-13.263400	2.026160	-75.496493	0.000000
0	0	1015	-15.239900	-33.231200	18.340500	-5.074300	75.552714	0.000000
0	0	1016	-23.317100	4.631040	18.286200	15.536200	37.894229	0.000000
0	0	1017	8.681120	-14.127200	-28.108000	-11.721600	-58.342148	0.000000
0	0	1018	-11.352900	4.314440	4.933750	-25.696200	24.415561	0.000000
0	0	1019	-11.962500	-6.504260	-0.108264	-11.349400	-89.523197	0.000000
0	0	1020	7.458640	-6.913430	5.903970	-8.694610	69.751574	0.000000
0	0	1021	48.681600	-19.908500	-22.952100	-15.141700	-65.469077	0.000000
0	0	1022	-21.819500	14.086000	-15.357100	26.660000	-23.736002	0.000000
0	0	1023	19.318000	-12.524300	-21.448900	-14.290400	-60.140614	0.000000
