0	0	0	36.583900	19.783800	10.657100	-19.240800	14.155187	0.000000
0	0	1	28.075000	0.952787	36.334400	-0.040547	44.248946	0.000000
0	0	2	38.998400	1.847510	-19.251000	-7.607660	-42.259069	0.000000
0	0	3	1.184060	4.791270	2.491920	10.820800	13.739379	0.000000
0	0	4	-1.994290	-5.906670	13.617900	-22.491600	56.724228	0.000000
0	0	5	-7.433160	5.994500	14.038200	19.180500	33.438433	0.000000
0	0	6	-47.000100	-20.256400	32.149300	21.296000	61.106957	0.000000
0	0	7	6.184080	26.993400	-11.783200	-17.194500	-11.791152	0.000000
0	0	8	-7.550200	-5.942780	11.440800	26.023800	58.724527	0.000000
0	0	9	-3.072970	41.889200	2.096470	7.606760	1.432574	0.000000
0	0	10	25.281800	-19.987400	-12.276300	9.094090	-74.220836	0.000000
0	0	11	-13.824400	-0.029400	-27.647100	1.713140	-45.030465	0.000000
0	0	12	27.534200	30.427800	-21.186800	8.779500	-17.424698	0.000000
0	0	13	29.602100	3.032790	7.095820	-34.696600	33.428944	0.000000
0	0	14	4.881880	-25.172500	10.085100	41.752600	79.083503	0.000000
0	0	15	14.933500	-23.902600	-19.067700	-17.558000	-70.709881	0.000000
0	0	16	69.271900	7.009290	11.946700	1.983300	29.799638	0.000000
0	0	17	-5.678980	7.193320	-17.158800	9.943770	-33.627786	0.000000
0	0	18	35.644800	-28.438600	-1.064390	-37.747100	-88.928277	0.000000
0	0	19	59.299500	18.828000	-4.024040	0.410809	-6.032056	0.000000
0	0	20	-24.165900	28.550000	3.522210	-10.497300	3.516518	0.000000
0	0	21	31.886300	6.621100	-12.860600	10.080700	-31.379480	0.000000
0	0	22	29.967200	4.269520	1.600180	-6.065980	10.272787	0.000000
0	0	23	11.089700	-30.486300	22.909800	-9.538450	71.537962	0.000000
0	0	24	6.464250	-6.012290	-51.813900	-27.275000	-48.309393	0.000000
0	0	25	16.146500	19.969600	-24.884700	-22.901300	-25.626739	0.000000
0	0	26	-4.604850	-32.518400	19.642400	0.517530	74.433182	0.000000
0	0	27	11.680700	-29.648100	8.026910	31.918100	82.425472	0.000000
0	0	28	0.616383	-2.837290	-6.440310	-15.049600	-56.887988	0.000000
0	0	29	12.606600	29.262200	-13.607500	29.076300	-12.469678	0.000000
0	0	30	-2.932050	-16.009900	-26.198900	-22.422400	-60.714354	0.000000
0	0	31	-6.240210	-7.898240	-38.519400	-15.987900	-50.793821	0.000000
0	0	32	32.213800	-59.279300	23.102000	7.759260	79.354209	0.000000
0	0	33	-21.067300	-9.867380	0.271568	1.551900	89.211758	0.000000
0	0	34	18.509100	8.906900	-15.492600	-15.853900	-30.052418	0.000000
0	0	35	8.127000	-26.601100	-11.467400	-7.877370	-78.339867	0.000000
0	0	36	1.552600	14.154300	-23.014200	-23.938600	-29.203730	0.000000
0	0	37	11.571400	-8.904280	10.147900	30.837900	65.632675	0.000000
0	0	38	-12.078300	18.527500	-36.281500	3.038110	-31.474215	0.000000
0	0	39	6.225930	12.773700	5.320890	-19.928900	11.307095	0.000000
0	0	40	-13.535000	-33.637800	-37.788900	15.154900	-65.836943	0.000000
0	0	41	54.104100	-17.536500	-9.819760	-7.241540	-75.376433	0.000000
0	0	42	6.900920	-39.583600	19.440800	8.584320	76.921418	0.000000
0	0	43	32.747300	-7.498290	11.784900	-51.722100	61.233534	0.000000
0	0	44	4.352430	36.447600	13.887200	-13.527700	10.428876	0.000000
0	0	45	-6.520960	-41.371700	-9.877760	11.893600	-83.285828	0.000000
0	0	46	23.072200	5.372750	-16.686500	-12.841900	-36.076192	0.000000
0	0	47	-39.485700	9.566690	11.365600	-18.052600	24.955950	0.000000
0	0	48	0.001767	-4.493410	-1.908540	1.335350	-78.493515	0.000000
0	0	49	5.699080	29.879700	-18.001100	8.914160	-15.533483	0.000000
0	0	50	-19.201500	-16.823100	-4.258050	-17.617000	-82.898158	0.000000
0	0	51	-0.028932	8.684880	-14.543300	-6.307540	-29.577726	0.000000
0	0	52	-17.324200	20.708300	5.467310	16.618400	7.394751	0.000000
0	0	53	-26.280800	6.136830	19.761600	-28.452100	36.374088	0.000000
0	0	54	14.875100	-33.075600	16.477100	-8.136910	76.759565	0.000000
0	0	55	-32.810200	-6.334040	-10.769100	1.562830	-60.231340	0.000000
0	0	56	-9.578210	6.253560	-23.727200	40.739100	-37.617425	0.000000
0	0	57	10.627200	-9.837240	2.057450	1.542880	84.093461	0.000000
0	0	58	12.806300	25.733600	-12.300000	1.604530	-12.773301	0.000000
0	0	59	-22.551700	7.157350	23.176500	-26.900000	36.419152	0.000000
0	0	60	0.121814	8.852630	-8.128190	11.646800	-21.278557	0.000000
0	0	61	26.847700	36.661500	13.683500	8.038110	10.233767	0.000000
0	0	62	7.802300	5.532490	-5.031470	11.072000	-21.142326	0.000000
0	0	63	-9.049120	-34.057500	-6.429770	-4.287070	-84.654436	0.000000
0	0	64	-17.761900	-29.625000	-5.671570	4.166320	-84.581062	0.000000
0	0	65	-22.130900	-4.218050	-12.725700	-2.926140	-54.169126	0.000000
0	0	66	7.046500	22.799600	-59.925200	-10.898600	-34.584900	0.000000
0	0	67	-35.196600	16.674900	-2.610070	-3.107630	-4.448072	0.000000
0	0	68	38.326400	31.962500	-38.549900	35.721500	-25.168594	0.000000
0	0	69	9.794930	-33.053700	-6.190580	10.257000	-84.696024	0.000000
0	0	70	21.017900	-50.930800	-42.539200	-9.296170	-70.065089	0.000000
0	0	71	18.050400	4.786860	13.960800	-27.455400	35.537127	0.000000
0	0	72	36.076700	-19.988500	3.107770	-52.474400	85.581265	0.000000
0	0	73	24.348000	-4.026710	-13.685200	-30.051600	-53.197951	0.000000
0	0	74	12.770500	13.998000	5.201400	-37.436300	10.192071	0.000000
0	0	75	12.786100	6.535790	11.410000	26.596200	30.097691	0.000000
0	0	76	7.327000	5.110270	-12.217000	-13.838000	-33.650423	0.000000
0	0	77	18.015700	-7.446620	-17.961100	-8.393820	-56.259377	0.000000
0	0	78	-2.416370	6.571960	5.689250	2.169280	20.441131	0.000000
0	0	79	40.538900	-11.600800	-24.080800	-10.510600	-57.861100	0.000000
0	0	80	31.239700	-2.523250	-33.702700	10.688900	-47.140813	0.000000
0	0	81	22.926000	27.723600	-23.013000	-9.781690	-19.847812	0.000000
0	0	82	4.062690	12.895000	19.995700	7.563350	28.591245	0.000000
0	0	83	5.696540	28.889600	0.045324	18.142700	0.044944	0.000000
0	0	84	40.683500	-5.973470	2.772310	-21.721100	77.551904	0.000000
0	0	85	11.344400	-39.044800	5.959800	-17.274100	85.660679	0.000000
0	0	86	18.580200	-49.520900	-22.426900	8.527520	-77.817649	0.000000
0	0	87	7.296050	-2.625650	-20.395000	-16.287600	-48.667951	0.000000
0	0	88	8.532940	37.414000	-30.342500	28.491400	-19.520909	0.000000
0	0	89	58.699500	-8.020050	-54.228200	12.506700	-49.206373	0.000000
0	0	90	9.526790	-1.871220	-7.138760	-24.363800	-52.343997	0.000000
0	0	91	-13.448000	15.346000	22.551500	-18.808000	27.882613	0.000000
0	0	92	17.023100	7.058330	-25.797400	-4.528860	-37.349008	0.000000
0	0	93	1.141210	-29.214500	-39.028600	-18.480700	-63.408176	0.000000
0	0	94	-3.875380	-15.734800	-8.654930	-19.629800	-75.593499	0.000000
0	0	95	61.185400	-7.573710	-13.499600	-71.310700	-59.646914	0.000000
0	0	96	-3.175420	-30.140200	-14.373100	-6.811630	-77.252352	0.000000
0	0	97	12.647800	-1.464700	-9.150750	5.985160	-49.546909	0.000000
0	0	98	9.347420	-5.909820	-30.387800	-29.576800	-50.502752	0.000000
0	0	99	-0.863231	-16.880400	9.118600	-20.384800	75.811294	0.000000
0	0	100	3.795220	8.004560	10.988600	23.828100	26.964413	0.000000
0	0	101	36.860000	-4.865210	-42.954200	-1.597320	-48.231035	0.000000
0	0	102	-8.199160	-10.130600	24.901800	15.524900	56.068787	0.000000
0	0	103	-15.312200	14.162800	7.293100	7.089170	13.623047	0.000000
0	0	104	-16.813400	-20.374700	-0.563757	-18.603400	-89.207530	0.000000
0	0	105	-9.909180	-21.276200	12.624800	-22.583000	74.658048	0.000000
0	0	106	-13.621300	-15.374700	-0.956896	30.920200	-88.219299	0.000000
0	0	107	-24.000600	-38.627300	13.921900	26.145900	80.090011	0.000000
0	0	108	-15.166600	-11.464600	14.997600	5.790550	63.697672	0.000000
0	0	109	-37.664300	-25.673800	-6.578260	-29.797200	-82.814293	0.000000
0	0	110	-48.086500	-14.194000	20.482200	-15.307500	62.360824	0.000000
0	0	111	-31.719800	11.279900	8.134390	-24.787400	17.898445	0.000000
0	0	112	-18.122600	-25.990400	-6.427110	-11.760000	-83.055052	0.000000
0	0	113	-9.277270	-41.649200	25.062400	-3.860320	74.481290	0.000000
0	0	114	7.173780	-8.830750	5.700110	-14.228100	73.579197	0.000000
0	0	115	10.058000	-18.560000	-18.252500	6.890210	-67.739294	0.000000
0	0	116	7.527000	11.543100	11.425900	26.324600	22.353825	0.000000
0	0	117	-28.156400	-2.061690	-25.061900	-41.504900	-47.351393	0.000000
0	0	118	-25.466900	-9.847090	0.277830	-1.082130	89.191931	0.000000
0	0	119	-38.620400	-39.193500	13.589100	-15.470700	80.438819	0.000000
0	0	120	-47.764000	-20.615300	23.333500	-22.304500	65.730404	0.000000
0	0	121	0.623155	2.501730	-9.774850	26.649500	-37.822069	0.000000
0	0	122	-32.176400	-38.186600	9.208770	-12.883700	83.220940	0.000000
0	0	123	-41.224200	-25.182900	-22.690000	-15.884600	-68.990444	0.000000
0	0	124	17.954300	-0.046000	-5.301200	6.715070	-45.248578	0.000000
0	0	125	44.188100	-13.712300	24.168500	51.522100	59.784475	0.000000
0	0	126	32.816900	-37.363700	-22.497200	15.583300	-74.473637	0.000000
0	0	127	41.513200	-37.585000	-22.794800	7.984320	-74.381874	0.000000
0	0	128	26.130800	18.528600	-2.960590	-6.282350	-4.539129	0.000000
0	0	129	48.114800	-10.920800	-7.288200	34.934500	-73.141047	0.000000
0	0	130	46.079900	-41.366400	-29.104200	-9.553610	-72.435446	0.000000
0	0	131	35.540000	-51.284800	3.427890	10.398700	88.088011	0.000000
0	0	132	52.445700	-4.066380	-18.508900	-23.838200	-51.195474	0.000000
0	0	133	73.965800	-51.825900	-18.254500	4.296660	-80.298171	0.000000
0	0	134	-18.450800	-49.711300	-63.248900	51.963200	-64.083020	0.000000
0	0	135	40.100100	-0.159954	-27.367600	49.842600	-45.167435	0.000000
0	0	136	32.550900	-25.198400	-27.704200	-21.239200	-66.144069	0.000000
0	0	137	11.090200	-2.910660	-53.598000	11.944700	-46.554208	0.000000
0	0	138	40.648700	-1.295570	-28.148200	-1.298780	-46.317639	0.000000
0	0	139	13.754000	30.404800	-51.658600	-9.392210	-29.760065	0.000000
0	0	140	12.958200	-23.061500	-24.696100	-8.935120	-66.519851	0.000000
0	0	141	33.253400	-4.572910	-33.268700	50.561300	-48.913240	0.000000
0	0	142	80.717500	-15.196900	13.254000	40.206500	69.453320	0.000000
0	0	143	55.647500	3.362970	-3.100590	37.112500	-21.337713	0.000000
0	0	144	56.991300	-11.434900	-34.632200	11.714700	-54.136125	0.000000
0	0	145	51.781600	-23.372500	-34.834300	32.102700	-61.930060	0.000000
0	0	146	18.248300	-5.846670	-40.090900	4.978000	-49.148629	0.000000
0	0	147	34.956700	-23.650800	-18.513400	27.454300	-70.973415	0.000000
0	0	148	50.774900	-31.148300	-21.555300	21.951700	-72.657962	0.000000
0	0	149	78.254200	-21.722900	-20.891500	-3.499580	-68.058845	0.000000
0	0	150	57.923000	9.530680	-7.138110	20.855400	-18.415894	0.000000
0	0	151	46.663300	18.292400	-61.633800	34.493200	-36.734774	0.000000
0	0	152	51.321200	-6.965420	-36.885000	32.272000	-50.346945	0.000000
0	0	153	49.204300	-6.695080	-80.773900	48.906300	-47.369113	0.000000
0	0	154	39.177100	-36.746200	-5.129170	19.394100	-86.026893	0.000000
0	0	155	46.898400	-12.313800	-26.299700	-20.066000	-57.544747	0.000000
0	0	156	44.978400	-1.942780	-50.826200	19.139100	-46.094504	0.000000
0	0	157	36.745300	-14.885200	-41.280700	-22.460900	-54.914271	0.000000
0	0	158	-14.435200	3.079640	-5.437310	10.987100	-30.236601	0.000000
0	0	159	47.640300	-22.532200	33.461800	18.690600	61.977587	0.000000
0	0	160	-9.878880	-2.618510	-34.665300	36.845000	-47.159872	0.000000
0	0	161	87.976300	4.252630	4.042000	-4.317130	21.772685	0.000000
0	0	162	17.215200	-32.688800	-2.835900	-8.020520	-87.520874	0.000000
0	0	163	3.142270	-24.010400	13.940400	52.416000	74.930309	0.000000
0	0	164	15.139100	-12.943400	-1.829080	-17.156800	-85.978290	0.000000
0	0	165	-16.040200	28.736000	-8.201550	-5.509510	-7.964646	0.000000
0	0	166	9.302950	17.523100	-24.343000	19.643800	-27.126048	0.000000
0	0	167	59.494200	-0.371280	9.094740	16.301400	46.168861	0.000000
0	0	168	8.153100	-12.886000	9.311340	-14.930400	72.074184	0.000000
0	0	169	-1.204140	-8.324060	15.610900	-1.720230	59.033738	0.000000
0	0	170	10.735000	39.709400	1.148900	11.233600	0.828630	0.000000
0	0	171	35.654500	-9.184230	-16.169800	12.364600	-59.797998	0.000000
0	0	172	-21.519900	13.752200	13.572000	14.935900	22.311073	0.000000
0	0	173	20.642500	-44.102200	-12.121400	3.568710	-82.315924	0.000000
0	0	174	0.388054	74.394000	25.433800	-2.395720	9.437259	0.000000
0	0	175	52.658700	33.189600	11.194200	-10.763600	9.319120	0.000000
0	0	176	16.029300	-29.922900	-10.540600	0.403036	-80.297374	0.000000
0	0	177	-5.444030	27.569700	1.674160	-8.493140	1.737499	0.000000
0	0	178	45.801200	-23.858400	7.245470	-16.004300	81.553591	0.000000
0	0	179	88.794100	18.770400	-15.927300	20.749200	-20.157849	0.000000
0	0	180	85.374000	-6.813210	-22.907300	11.857200	-53.281904	0.000000
0	0	181	94.995700	-14.238900	-42.148800	18.360800	-54.333116	0.000000
0	0	182	88.962000	-1.613250	-5.201740	29.722700	-53.615288	0.000000
0	0	183	66.421000	25.375300	-7.742490	31.714500	-8.483976	0.000000
0	0	184	92.841800	-12.783300	-16.960600	-5.797520	-63.502770	0.000000
0	0	185	99.313300	-11.236900	1.124100	42.503700	87.143669	0.000000
0	0	186	81.290900	7.061990	-1.240190	54.969900	-4.980210	0.000000
0	0	187	58.002000	-8.285940	-41.672600	25.085300	-50.622847	0.000000
0	0	188	93.699700	6.250050	-37.002300	48.797100	-40.206338	0.000000
0	0	189	65.672800	46.199200	0.137341	34.578300	0.085164	0.000000
0	0	190	76.865000	-31.743900	4.082880	20.116100	86.335446	0.000000
0	0	191	54.387600	7.209580	7.232000	27.962700	22.544475	0.000000
0	0	192	83.791100	36.365100	5.959470	4.816260	4.653419	0.000000
0	0	193	65.826900	-2.234060	22.425000	15.850400	47.844621	0.000000
0	0	194	79.191900	-20.806300	0.059249	54.213200	89.918421	0.000000
0	0	195	75.936000	-18.825500	3.996770	-16.444800	84.006863	0.000000
0	0	196	109.058000	8.952670	-32.517000	38.410300	-37.303279	0.000000
0	0	197	61.347000	-6.668510	-4.947650	44.467100	-71.713358	0.000000
0	0	198	104.759000	-1.564560	-6.424260	9.514150	-51.843662	0.000000
0	0	199	73.986400	20.013700	-4.158510	20.610100	-5.869037	0.000000
0	0	200	102.014000	-10.658500	6.991350	46.956200	73.368739	0.000000
0	0	201	77.592700	-68.920400	4.221260	52.295000	88.247554	0.000000
0	0	202	99.086900	-7.292790	-0.287371	39.510700	-88.871719	0.000000
0	0	203	65.828000	-25.453300	-1.646460	66.725200	-88.149474	0.000000
0	0	204	81.080200	-21.931600	-6.590790	47.679700	-81.636826	0.000000
0	0	205	108.956000	-4.843760	-22.420300	23.031000	-51.095507	0.000000
0	0	206	80.851600	28.176400	11.416600	22.542400	11.028479	0.000000
0	0	207	100.548000	-8.721110	-6.007610	23.367900	-72.719330	0.000000
0	0	208	53.799700	23.891400	-17.167700	44.809000	-17.849990	0.000000
0	0	209	81.296200	2.859080	-10.869600	-10.791400	-37.631524	0.000000
0	0	210	57.300100	1.494170	-8.035300	26.777000	-39.733060	0.000000
0	0	211	4.226030	4.227490	25.837200	-0.669099	40.353794	0.000000
0	0	212	7.070920	-10.138000	-12.692300	10.928100	-64.308090	0.000000
0	0	213	15.039900	15.642700	-5.485970	-36.034400	-9.663007	0.000000
0	0	214	30.814100	14.861300	20.036600	-25.792100	26.717694	0.000000
0	0	215	10.472800	14.893000	4.750920	1.936910	8.846434	0.000000
0	0	216	62.647600	-12.507900	11.406800	22.268700	68.818098	0.000000
0	0	217	22.292700	-20.805900	-39.979300	-21.737800	-58.746614	0.000000
0	0	218	-25.320300	-10.928700	-5.108400	14.238300	-77.473606	0.000000
0	0	219	36.930000	9.466840	-15.185000	30.884000	-29.029599	0.000000
0	0	220	34.338100	-7.248690	-22.599300	26.181200	-53.891781	0.000000
0	0	221	39.653700	-5.567360	19.385100	-5.997040	53.011977	0.000000
0	0	222	37.279200	53.850200	8.480520	17.235500	4.474819	0.000000
0	0	223	49.137200	8.151240	17.474300	-5.305950	32.496176	0.000000
0	0	224	31.539700	-19.549700	8.282200	23.494800	78.520065	0.000000
0	0	225	45.927200	-35.001300	-4.329510	-16.619200	-86.474289	0.000000
0	0	226	41.416700	-2.883380	13.239300	-44.085300	51.143278	0.000000
0	0	227	0.559446	-13.067400	21.163300	13.328000	60.846746	0.000000
0	0	228	33.224200	-5.016790	-14.356800	-17.810900	-54.630639	0.000000
0	0	229	53.980300	4.058010	13.521600	11.723800	36.647404	0.000000
0	0	230	14.695800	-17.620400	-21.133700	18.937000	-64.909971	0.000000
0	0	231	148.652000	-21.937100	-43.499600	54.956800	-58.381037	0.000000
0	0	232	140.953000	-4.846470	-39.287600	32.839600	-48.516204	0.000000
0	0	233	139.961000	-32.531200	2.459520	15.295500	87.838190	0.000000
0	0	234	179.917000	6.844820	23.449300	39.096300	36.863772	0.000000
0	0	235	141.331000	18.239500	-3.204820	46.872100	-4.982791	0.000000
0	0	236	117.295000	18.836200	-24.663600	35.653200	-26.315067	0.000000
0	0	237	141.295000	-61.926500	-23.058100	33.322100	-79.788687	0.000000
0	0	238	163.926000	9.695670	2.703210	63.116100	7.789392	0.000000
0	0	239	163.350000	10.212000	6.946770	76.919700	17.112857	0.000000
0	0	240	157.178000	-34.642200	16.714900	42.598200	77.121320	0.000000
0	0	241	120.890000	50.625500	20.196000	54.963600	10.874255	0.000000
0	0	242	148.914000	-1.239730	-9.980460	17.815400	-48.540384	0.000000
0	0	243	184.097000	25.452800	-3.289500	40.601300	-3.682021	0.000000
0	0	244	146.878000	-23.286500	39.485600	75.517000	60.264918	0.000000
0	0	245	174.778000	-22.103900	20.479200	84.054100	68.592491	0.000000
0	0	246	139.027000	31.651100	41.678100	81.215700	26.393154	0.000000
0	0	247	132.466000	15.326000	22.679100	47.353100	27.975051	0.000000
0	0	248	91.818600	21.596300	26.947300	61.520400	25.645182	0.000000
0	0	249	139.670000	42.916100	2.020970	69.500100	1.348067	0.000000
0	0	250	134.014000	12.377000	-11.840600	68.207000	-21.865576	0.000000
0	0	251	143.224000	16.209500	-10.109400	80.262300	-15.975303	0.000000
0	0	252	147.985000	13.145600	-12.108100	43.922400	-21.323718	0.000000
0	0	253	157.016000	2.953600	-12.101400	67.066600	-38.141964	0.000000
0	0	254	155.814000	-20.578900	-3.390840	66.162800	-85.321648	0.000000
0	0	255	133.792000	15.355900	58.056800	13.913700	37.592329	0.000000
0	0	256	166.041000	12.374000	10.255700	28.890900	19.826146	0.000000
0	0	257	134.591000	24.755100	-1.428970	19.016800	-1.651845	0.000000
0	0	258	128.050000	10.163100	14.110900	59.896700	27.118709	0.000000
0	0	259	179.477000	11.641000	-8.720090	76.878400	-18.418152	0.000000
0	0	260	149.416000	39.829000	15.507600	57.071200	10.636837	0.000000
0	0	261	132.937000	-16.389700	-8.074850	69.543800	-76.885766	0.000000
0	0	262	36.557700	-7.449440	6.751500	1.361450	68.906839	0.000000
0	0	263	45.869300	34.028600	23.286100	-5.111510	17.192107	0.000000
0	0	264	45.020400	-15.615300	-16.211400	37.881200	-66.963500	0.000000
0	0	265	56.085900	18.923700	-29.000500	4.083550	-28.437171	0.000000
0	0	266	75.155200	-3.422050	4.189540	-25.030300	64.621113	0.000000
0	0	267	51.707600	-27.307300	17.280000	-7.692360	73.837230	0.000000
0	0	268	33.107500	-19.304900	14.731400	16.807500	71.326532	0.000000
0	0	269	60.092100	0.941495	-57.436300	77.226800	-44.530446	0.000000
0	0	270	73.508500	17.845000	22.535200	53.523400	25.812637	0.000000
0	0	271	44.913800	19.589600	-7.488320	-11.218900	-10.459927	0.000000
0	0	272	75.095700	-32.118500	1.775850	48.110600	88.417653	0.000000
0	0	273	220.192000	-27.893900	-15.648500	46.752500	-75.353770	0.000000
0	0	274	147.958000	-6.606980	-27.084300	52.669300	-51.854532	0.000000
0	0	275	98.740500	-2.339590	-24.768400	18.598900	-47.698036	0.000000
0	0	276	65.871900	-4.516150	-18.303100	64.990900	-51.930220	0.000000
0	0	277	91.324300	-25.951500	-17.035700	28.943300	-73.358677	0.000000
0	0	278	64.985800	-36.610400	-26.770500	17.570100	-71.912367	0.000000
0	0	279	48.357100	9.681180	-57.892500	48.757500	-40.253226	0.000000
0	0	280	87.967000	-36.197900	-3.031350	25.859100	-87.606501	0.000000
0	0	281	65.007200	14.311000	12.376700	12.491900	20.427252	0.000000
0	0	282	53.893300	3.778770	-34.953300	12.804000	-41.914884	0.000000
0	0	283	221.710000	-59.691400	-28.115800	53.192100	-77.389330	0.000000
0	0	284	228.855000	-30.804700	-25.732500	63.436000	-70.063265	0.000000
0	0	285	205.138000	-35.300100	-64.961000	77.335400	-59.259928	0.000000
0	0	286	211.060000	-27.596100	-1.171570	63.300200	-88.784507	0.000000
0	0	287	244.472000	-32.246500	-77.485000	63.604900	-56.297670	0.000000
0	0	288	232.823000	-78.440500	-59.828900	60.243900	-71.333079	0.000000
0	0	289	217.840000	-38.294400	-50.248300	31.611500	-63.655574	0.000000
0	0	290	226.307000	-79.049100	-42.897600	92.208600	-75.756315	0.000000
0	0	291	235.237000	-15.946700	-59.825500	62.289100	-52.462683	0.000000
0	0	292	203.057000	-41.761400	-50.743700	77.000400	-64.726966	0.000000
0	0	293	228.295000	-27.782400	-86.202300	70.348100	-53.931885	0.000000
0	0	294	214.193000	-33.841900	-82.553300	50.853300	-56.145343	0.000000
0	0	295	226.520000	-12.815700	-50.678500	26.746900	-52.095786	0.000000
0	0	296	243.414000	14.187700	-57.616800	48.839800	-38.083282	0.000000
0	0	297	224.308000	-32.122500	-80.199100	60.736900	-55.913901	0.000000
0	0	298	187.632000	-37.136200	-83.207700	60.719900	-57.025777	0.000000
0	0	299	248.466000	-14.865500	-80.467700	39.607200	-50.233371	0.000000
0	0	300	227.526000	-22.852900	-77.147200	52.919800	-53.250293	0.000000
0	0	301	182.825000	-33.142700	-64.777300	52.230800	-58.548066	0.000000
0	0	302	179.297000	-6.342120	-50.966100	91.178700	-48.546655	0.000000
0	0	303	201.652000	-4.917710	-34.446800	88.952600	-49.062393	0.000000
0	0	304	171.324000	-18.545300	-56.028500	93.010900	-54.157210	0.000000
0	0	305	191.659000	6.088870	-44.949800	63.420000	-41.142853	0.000000
0	0	306	194.356000	-2.136640	-55.817400	72.990600	-46.096080	0.000000
0	0	307	144.054000	21.638800	-89.462300	68.745500	-38.201334	0.000000
0	0	308	165.163000	-34.125700	-49.484700	105.140000	-62.295485	0.000000
0	0	309	216.469000	-4.540240	-48.136000	70.242100	-47.694130	0.000000
0	0	310	172.780000	-21.088000	-9.997250	61.049300	-77.317818	0.000000
0	0	311	140.754000	-28.096700	-32.062300	78.051700	-65.614298	0.000000
0	0	312	156.263000	5.080020	-2.399460	63.711100	-12.641451	0.000000
0	0	313	147.632000	-33.703800	-64.691100	110.549000	-58.759665	0.000000
0	0	314	110.081000	-12.725800	-59.649300	36.228600	-51.021571	0.000000
0	0	315	95.192500	18.776100	-31.163200	43.404200	-29.465335	0.000000
0	0	316	97.396200	19.566400	-24.672300	32.762900	-25.791889	0.000000
0	0	317	35.419400	-20.588100	-10.623200	29.514200	-76.353418	0.000000
0	0	318	53.632000	-1.822690	-36.111000	10.672700	-46.444766	0.000000
0	0	319	42.402100	-38.217000	-34.187100	-12.290800	-69.092854	0.000000
0	0	320	68.439200	17.102900	-26.441100	8.239140	-28.551997	0.000000
0	0	321	80.379100	-2.718420	18.106100	34.293200	49.269259	0.000000
0	0	322	71.592500	18.139500	-20.326800	25.238400	-24.127246	0.000000
0	0	323	100.924000	35.267900	3.633360	56.518600	2.940980	0.000000
0	0	324	72.908500	9.294450	-26.663500	27.852300	-35.391150	0.000000
0	0	325	77.661700	-15.886600	19.052700	-3.741170	64.911081	0.000000
0	0	326	33.881900	-11.091100	4.576590	1.105250	78.788591	0.000000
0	0	327	30.689900	14.784100	13.779300	3.614680	21.492643	0.000000
0	0	328	65.782000	19.672400	-8.585970	12.156000	-11.789372	0.000000
0	0	329	17.402000	-5.823190	-22.017300	27.151400	-52.407259	0.000000
0	0	330	51.673800	5.249710	-4.069060	23.037000	-18.889665	0.000000
0	0	331	38.476200	-10.208200	-10.414500	10.077300	-67.213429	0.000000
0	0	332	60.892600	19.058500	-19.768500	23.302800	-23.023804	0.000000
0	0	333	73.344800	-2.966210	-4.811880	22.614800	-60.825561	0.000000
0	0	334	88.772000	-51.920200	2.451770	1.273460	88.648197	0.000000
0	0	335	80.465500	-15.968200	12.504800	54.247500	70.967638	0.000000
0	0	336	112.943000	-52.972600	40.460500	49.948900	71.313695	0.000000
0	0	337	204.452000	-52.102800	50.339500	-22.275700	67.993056	0.000000
0	0	338	192.293000	-57.300700	59.862300	-7.477050	66.873755	0.000000
0	0	339	203.020000	-44.072000	5.122140	5.758530	86.685353	0.000000
0	0	340	162.865000	-56.312000	41.365200	26.209400	71.850025	0.000000
0	0	341	158.629000	-76.366300	61.732500	18.562500	70.524420	0.000000
0	0	342	186.573000	-70.219000	38.286500	-14.023400	75.699416	0.000000
0	0	343	177.045000	-90.232600	33.404100	-53.443600	79.842726	0.000000
0	0	344	161.801000	-78.214100	28.171600	-13.420500	80.095853	0.000000
0	0	345	137.763000	-86.457800	31.450400	-27.350800	80.005169	0.000000
0	0	346	150.635000	-84.716500	7.066740	-23.812600	87.615818	0.000000
0	0	347	148.488000	-69.589300	3.789220	-31.539700	88.441627	0.000000
0	0	348	152.792000	-105.919000	5.959700	-30.583300	88.389779	0.000000
0	0	349	149.409000	-76.809900	-15.860400	-22.359600	-84.166512	0.000000
0	0	350	190.800000	-83.540100	11.855100	-39.816000	85.961569	0.000000
0	0	351	164.874000	-64.023100	15.904300	-50.019900	83.024629	0.000000
0	0	352	203.881000	-27.925300	8.611460	-69.187500	81.430777	0.000000
0	0	353	118.572000	-46.388900	-23.877300	-36.658300	-76.382104	0.000000
0	0	354	154.833000	-51.704600	-12.096600	-43.595900	-83.416075	0.000000
0	0	355	151.569000	-50.177200	-13.700900	-37.694400	-82.363828	0.000000
0	0	356	111.743000	-68.135300	-23.542500	-67.799500	-80.469326	0.000000
0	0	357	168.180000	-21.102600	7.775880	-37.275100	79.886091	0.000000
0	0	358	166.936000	-51.185600	-35.919200	-31.611100	-72.470481	0.000000
0	0	359	136.352000	-12.515300	-20.606700	-75.115600	-60.636019	0.000000
0	0	360	138.463000	-27.034900	-1.582870	-80.093500	-88.324604	0.000000
0	0	361	105.695000	-21.676900	-38.972800	-41.686700	-59.541534	0.000000
0	0	362	152.271000	-11.711200	-6.173580	-60.961100	-76.101982	0.000000
0	0	363	166.109000	-29.413000	-2.804210	-44.947400	-87.276965	0.000000
0	0	364	88.030200	-22.244900	-19.759200	-87.321800	-69.193337	0.000000
0	0	365	134.654000	-36.618400	-2.171240	-41.718500	-88.303347	0.000000
0	0	366	103.367000	-25.663400	-95.876400	-36.275600	-52.492583	0.000000
0	0	367	45.053700	-18.114800	-6.714150	0.920649	-79.831528	0.000000
0	0	368	79.429000	-11.595000	-67.437000	3.786390	-49.877973	0.000000
0	0	369	91.703900	-8.470190	-19.825100	-6.941530	-56.567195	0.000000
0	0	370	59.997600	-35.881800	-39.201600	2.542890	-66.234163	0.000000
0	0	371	70.267500	-7.155640	-43.056100	-20.435500	-49.717969	0.000000
0	0	372	50.774000	-7.875030	-7.537070	-5.418840	-68.128097	0.000000
0	0	373	38.992900	16.189600	-2.094480	-39.105400	-3.685761	0.000000
0	0	374	76.616100	-7.229300	-10.391400	-22.367200	-62.413173	0.000000
0	0	375	48.957300	11.480900	-23.257600	-8.015920	-31.863587	0.000000
0	0	376	104.639000	1.794770	-26.253000	0.607465	-43.044547	0.000000
0	0	377	93.842200	-18.130000	-32.325800	4.848920	-59.642994	0.000000
0	0	378	45.251900	-13.552100	-28.104700	4.838500	-57.871694	0.000000
0	0	379	68.050400	9.490350	-27.799500	-19.049100	-35.575416	0.000000
0	0	380	27.012100	-1.232510	-46.186400	-23.987100	-45.764304	0.000000
0	0	381	105.049000	-32.209800	-75.806000	16.121800	-56.510265	0.000000
0	0	382	71.069500	-22.001200	1.757960	-1.564270	87.715803	0.000000
0	0	383	52.285800	-8.112140	-32.278800	10.887300	-52.053561	0.000000
0	0	384	73.942800	12.775400	-1.626060	-35.803400	-3.626818	0.000000
0	0	385	69.734500	-5.606780	-36.637900	-43.122900	-49.350301	0.000000
0	0	386	174.141000	-20.802900	36.907200	-49.211700	59.703983	0.000000
0	0	387	139.486000	-12.864100	8.260430	-53.450900	73.647123	0.000000
0	0	388	153.254000	-1.421130	12.700600	-109.030000	48.192269	0.000000
0	0	389	162.140000	-32.652300	29.261000	-79.940800	69.067621	0.000000
0	0	390	102.871000	-4.971590	-11.716600	-46.799100	-56.496246	0.000000
0	0	391	138.958000	-55.065500	1.300720	-37.274000	89.323425	0.000000
0	0	392	110.277000	-8.043940	9.683070	-78.789900	64.858580	0.000000
0	0	393	106.917000	14.922200	-24.558800	-38.727100	-29.358335	0.000000
0	0	394	145.671000	-29.219000	-9.598710	-46.680300	-80.907086	0.000000
0	0	395	131.993000	7.970140	25.085900	-51.720800	36.187111	0.000000
0	0	396	111.500000	-2.029400	-38.921300	-53.392800	-46.492381	0.000000
0	0	397	93.369700	-34.814600	-13.091500	-20.688900	-79.695997	0.000000
0	0	398	96.039900	-29.119000	4.367120	-40.514000	85.735320	0.000000
0	0	399	99.590600	-28.953100	23.166300	-18.190900	70.667791	0.000000
0	0	400	89.185600	-17.176100	20.440700	-44.782100	65.019987	0.000000
0	0	401	124.935000	-14.466400	-13.998100	-49.369900	-67.971275	0.000000
0	0	402	131.154000	-26.772900	35.608800	-45.898700	63.469056	0.000000
0	0	403	100.130000	-26.673900	-1.219730	-29.704800	-88.690916	0.000000
0	0	404	95.830000	-14.539300	-36.767100	-9.411300	-55.787992	0.000000
0	0	405	94.046200	-21.065600	34.253300	-57.423600	60.795649	0.000000
0	0	406	126.002000	-32.714300	-9.428600	-22.176900	-81.961235	0.000000
0	0	407	67.858500	3.637690	-16.641100	-19.949700	-38.834647	0.000000
0	0	408	80.740600	-16.449800	1.707250	-42.306300	87.037373	0.000000
0	0	409	64.986100	-51.539200	-8.899730	-21.468800	-85.101423	0.000000
0	0	410	100.532000	6.168260	7.457280	-70.732100	25.202141	0.000000
0	0	411	83.002400	-39.950800	3.295480	-9.380520	87.642218	0.000000
0	0	412	78.117100	-7.508320	11.093900	-1.822720	62.045015	0.000000
0	0	413	42.937600	-44.313100	18.824100	-8.176150	78.492165	0.000000
0	0	414	68.847300	-9.257980	5.274850	9.472720	75.163565	0.000000
0	0	415	88.626100	-29.930300	21.719400	-43.344000	72.016443	0.000000
0	0	416	98.977900	36.498200	39.860000	-51.101300	23.760458	0.000000
0	0	417	44.170700	-23.304100	4.963440	-9.581750	83.988239	0.000000
0	0	418	53.723600	-3.202660	-22.169400	-16.534500	-49.110128	0.000000
0	0	419	39.805600	0.666761	-32.243800	4.990210	-44.407682	0.000000
0	0	420	65.059900	17.606300	-29.512300	1.450180	-29.590377	0.000000
0	0	421	46.484700	12.856900	-11.957300	-18.611500	-21.461870	0.000000
0	0	422	19.428400	-12.900200	-13.486800	10.607400	-66.863244	0.000000
0	0	423	53.229500	24.082600	2.839790	44.384400	3.362595	0.000000
0	0	424	36.298900	-32.348000	-24.350700	-31.271600	-71.514277	0.000000
0	0	425	69.073200	-31.956900	-28.463600	-14.128600	-69.154478	0.000000
0	0	426	5.676510	36.433800	-7.973060	1.634990	-6.171920	0.000000
0	0	427	41.028700	29.762900	28.959700	-24.664200	22.108182	0.000000
0	0	428	30.491000	34.755200	0.404927	-55.812600	0.333757	0.000000
0	0	429	-3.329540	26.168900	-22.094900	2.759260	-20.087519	0.000000
0	0	430	79.114200	-3.898650	-22.571300	-54.044500	-49.899888	0.000000
0	0	431	31.895600	-13.001300	-24.158500	-25.109500	-59.143829	0.000000
0	0	432	14.734000	-3.492180	2.433570	-16.447100	72.564399	0.000000
0	0	433	1.267320	-6.459470	7.889740	-1.832100	64.653897	0.000000
0	0	434	32.421500	-9.248290	1.442580	14.991900	85.567125	0.000000
0	0	435	63.260000	-3.788230	-13.100700	15.438500	-53.063941	0.000000
0	0	436	19.032800	9.776980	-5.876490	-24.935000	-15.504064	0.000000
0	0	437	15.467900	15.302000	11.387700	-22.639500	18.328253	0.000000
0	0	438	51.805100	-15.413000	-6.483850	-34.615000	-78.592385	0.000000
0	0	439	77.137900	-18.137300	-23.581300	-7.452380	-63.782646	0.000000
0	0	440	84.329200	-8.910550	-52.296500	-6.507360	-49.834747	0.000000
0	0	441	52.696600	-51.522700	-20.186800	-50.797400	-79.302278	0.000000
0	0	442	67.703800	-26.593500	-15.485400	-51.824600	-74.893874	0.000000
0	0	443	27.463400	-20.480400	-22.318000	-29.850000	-66.270724	0.000000
0	0	444	53.200300	-28.747000	-6.985020	-39.309900	-83.171397	0.000000
0	0	445	62.720200	-4.849720	-14.838400	-41.265600	-54.049622	0.000000
0	0	446	42.955500	-7.465420	-3.870200	-23.239500	-76.298506	0.000000
0	0	447	43.463400	-17.058600	-24.409200	-36.905700	-62.474069	0.000000
0	0	448	51.669300	6.555320	-9.525390	-13.971700	-27.732235	0.000000
0	0	449	37.421800	-5.818250	-19.999600	-40.093900	-53.110341	0.000000
0	0	450	45.027100	6.218690	-14.075100	10.048300	-33.081550	0.000000
0	0	451	53.704600	-21.083800	7.092170	-15.924700	80.704043	0.000000
0	0	452	56.125700	-17.985500	6.184050	-0.603643	80.512610	0.000000
0	0	453	63.305300	-14.461800	2.755980	-22.830800	84.605268	0.000000
0	0	454	13.830800	-36.631800	-0.699173	-10.296300	-89.453278	0.000000
0	0	455	18.800100	-8.067260	-15.355600	11.345800	-58.857881	0.000000
0	0	456	19.625000	-10.014200	3.107480	2.571650	81.380249	0.000000
0	0	457	19.305300	3.792710	13.918900	4.378760	37.378866	0.000000
0	0	458	44.492300	-15.889500	-20.277400	-8.038340	-64.041238	0.000000
0	0	459	65.859900	-21.544800	-18.827800	3.844030	-69.425046	0.000000
0	0	460	69.236000	-39.330200	-35.374000	13.460300	-69.015725	0.000000
0	0	461	20.430800	21.998200	-3.174580	15.062200	-4.105857	0.000000
0	0	462	16.196700	-21.447900	-2.148430	-7.582550	-87.139890	0.000000
0	0	463	41.510300	10.341700	-36.119600	-57.861500	-37.011309	0.000000
0	0	464	50.907800	-3.711020	7.369210	3.803140	58.364559	0.000000
0	0	465	39.818500	20.189800	4.931390	-6.436970	6.862920	0.000000
0	0	466	39.240900	1.455680	-17.882400	-17.681800	-42.673108	0.000000
0	0	467	-7.098980	21.327700	-7.720850	9.612570	-9.950392	0.000000
0	0	468	2.687760	-2.084640	-14.337700	-42.016500	-49.136296	0.000000
0	0	469	21.180600	5.254440	43.406000	33.149500	41.548870	0.000000
0	0	470	8.844250	-2.986520	-18.441700	-10.151400	-49.599419	0.000000
0	0	471	-2.594270	-6.733010	-31.292500	0.018661	-51.071422	0.000000
0	0	472	30.725100	6.159830	-15.783500	-11.819200	-34.340390	0.000000
0	0	473	18.344600	24.234800	4.463800	-33.018300	5.218160	0.000000
0	0	474	31.640800	36.091200	-15.362300	11.690400	-11.528569	0.000000
0	0	475	11.852900	9.264780	-0.917602	-11.746800	-2.828120	0.000000
0	0	476	40.035300	27.288200	-14.889600	8.932870	-14.309378	0.000000
0	0	477	21.829300	22.992800	2.309760	-48.257000	2.868224	0.000000
0	0	478	36.570300	38.762800	-27.260900	3.225060	-17.558877	0.000000
0	0	479	27.967100	-4.323760	-39.273900	-5.019680	-48.141266	0.000000
0	0	480	-0.433075	-10.081400	10.274800	14.554600	67.227831	0.000000
0	0	481	46.069100	-33.373900	4.828600	-35.729100	85.883731	0.000000
0	0	482	54.445900	-5.122360	-26.624800	-0.625406	-50.445053	0.000000
0	0	483	12.451900	-23.870000	-9.913920	-6.669280	-78.722718	0.000000
0	0	484	31.988100	-11.916800	0.649733	-5.139920	88.439592	0.000000
0	0	485	-3.583880	19.505500	2.937370	11.604000	4.281964	0.000000
0	0	486	16.065200	40.193000	-2.886420	25.525500	-2.053794	0.000000
0	0	487	11.620900	-36.307200	-9.497350	7.447950	-82.670427	0.000000
0	0	488	31.314600	27.378900	-56.008100	16.530600	-31.974424	0.000000
0	0	489	20.870900	15.009100	19.699400	-1.152940	26.347995	0.000000
0	0	490	29.415900	-4.806030	-50.995000	31.177900	-47.691972	0.000000
0	0	491	11.592200	-6.955300	-9.033260	-8.718910	-63.797518	0.000000
0	0	492	48.939800	1.946780	11.828500	21.720700	40.326914	0.000000
0	0	493	38.073100	18.445400	-3.972080	-9.857000	-6.076320	0.000000
0	0	494	23.090300	14.351100	-1.040710	8.227350	-2.073851	0.000000
0	0	495	12.869800	-17.668400	4.028410	3.820620	83.578036	0.000000
0	0	496	55.678800	7.198760	2.360200	-12.439400	9.076176	0.000000
0	0	497	55.703600	-24.272200	-48.417200	-22.735600	-58.312615	0.000000
0	0	498	16.037600	17.543900	13.246300	-13.973400	18.527084	0.000000
0	0	499	42.332100	-14.503200	20.706300	12.834400	62.504170	0.000000
0	0	500	2.899860	1.609320	17.347400	17.808600	42.349918	0.000000
0	0	501	50.097100	26.962200	-23.847200	-5.609540	-20.745863	0.000000
0	0	502	-25.634200	-8.388530	7.702820	-12.692800	68.720051	0.000000
0	0	503	-56.227300	-16.082300	-4.107640	2.103170	-82.836097	0.000000
0	0	504	-13.626700	23.540600	-26.569400	-20.635000	-24.229461	0.000000
0	0	505	-23.065100	-0.261597	-22.871500	-1.076850	-45.327651	0.000000
0	0	506	-49.446200	-20.580400	-13.766000	4.035230	-73.110939	0.000000
0	0	507	12.093600	-31.258100	12.888700	-24.389100	78.796051	0.000000
0	0	508	8.757300	9.190480	48.884500	10.006800	39.676226	0.000000
0	0	509	8.945380	-18.594800	12.931200	24.581800	72.592234	0.000000
0	0	510	-21.741100	-4.278510	15.359400	37.899600	52.782847	0.000000
0	0	511	43.545500	9.242490	-31.998900	-6.004940	-36.944643	0.000000
0	0	512	-3.074500	14.680300	-3.146730	-1.995660	-6.049154	0.000000
0	0	513	-8.481070	-19.357200	-17.693000	-44.496800	-68.785925	0.000000
0	0	514	-5.306100	-15.836700	3.696810	0.827529	83.430278	0.000000
0	0	515	-28.717300	-1.856020	34.951300	12.754800	46.519862	0.000000
0	0	516	-21.829200	-30.055700	-23.149600	-2.399370	-71.197849	0.000000
0	0	517	-29.115000	14.497200	-22.934900	2.967380	-28.851465	0.000000
0	0	518	-7.895850	0.065714	7.304910	-7.259240	44.742294	0.000000
0	0	519	-6.640310	-18.434100	39.803800	-31.564800	57.424996	0.000000
0	0	520	20.220400	-0.347851	-19.393800	-35.393900	-45.513779	0.000000
0	0	521	-2.389870	8.472090	4.478110	-4.363150	13.929839	0.000000
0	0	522	-12.668600	43.266100	-4.426190	-5.604820	-2.920564	0.000000
0	0	523	18.120000	7.120710	14.153400	7.269730	31.646299	0.000000
0	0	524	-22.112600	3.791600	-6.855180	-22.858300	-30.526510	0.000000
0	0	525	-19.389500	-21.149800	-19.901400	37.002100	-68.370937	0.000000
0	0	526	-0.233324	-6.891050	-28.398800	23.296800	-51.819683	0.000000
0	0	527	-7.009600	-7.302970	24.031200	19.732400	53.451892	0.000000
0	0	528	29.394100	-2.087240	-52.484400	-26.432500	-46.138691	0.000000
0	0	529	20.942800	-10.646700	8.382620	-58.173900	70.892535	0.000000
0	0	530	36.376400	10.249400	-20.903400	21.435800	-31.940132	0.000000
0	0	531	-24.812900	-8.814390	-2.092180	-3.197260	-83.323699	0.000000
0	0	532	9.774110	-17.261400	11.705600	17.251900	72.928669	0.000000
0	0	533	-3.933950	1.470710	-5.444870	-29.857100	-37.442294	0.000000
0	0	534	3.907850	14.935500	-24.784300	1.503200	-29.463009	0.000000
0	0	535	24.674700	21.372300	13.561400	-6.569590	16.198209	0.000000
0	0	536	22.229600	22.899200	-8.595100	-2.028220	-10.286686	0.000000
0	0	537	3.802570	16.154600	-39.490900	3.107420	-33.875966	0.000000
0	0	538	7.813650	39.125300	-20.004400	-8.559460	-13.540118	0.000000
0	0	539	-2.681880	-0.694940	5.859190	1.054140	48.382036	0.000000
0	0	540	-18.010500	44.563100	-9.259100	-3.003290	-5.868814	0.000000
0	0	541	-7.094280	-39.222600	23.557900	28.877000	74.505053	0.000000
0	0	542	34.282000	-9.636600	21.479200	-0.356446	57.081647	0.000000
0	0	543	-35.265400	-44.219600	-22.543100	-13.739100	-76.493783	0.000000
0	0	544	-3.430430	12.011300	-7.006530	-9.187230	-15.128109	0.000000
0	0	545	8.563110	6.852490	-8.004680	27.085600	-24.717238	0.000000
0	0	546	1.954900	17.169300	12.481100	-27.728400	18.007505	0.000000
0	0	547	19.589000	28.054300	-5.466930	-25.141300	-5.513505	0.000000
0	0	548	3.906100	2.282450	25.027500	-7.069220	42.394586	0.000000
0	0	549	-13.312800	29.199800	18.831900	14.956800	16.409642	0.000000
0	0	550	-14.689400	-28.457600	-34.154000	0.194059	-64.900772	0.000000
0	0	551	-23.235000	-30.588700	-14.746100	38.401900	-77.131183	0.000000
0	0	552	-43.582000	-25.645900	-26.806200	13.368300	-66.866379	0.000000
0	0	553	30.710000	13.111800	38.664100	-32.894600	35.633567	0.000000
0	0	554	43.819600	14.126200	13.875200	-9.413170	22.243212	0.000000
0	0	555	-16.695200	-9.367880	16.778200	-4.192110	59.588107	0.000000
0	0	556	-7.033230	-3.676500	-33.397100	11.682400	-48.141038	0.000000
0	0	557	3.302900	3.693540	18.730200	34.803900	39.422286	0.000000
0	0	558	10.638500	-45.032400	-3.575570	-33.942500	-87.730121	0.000000
0	0	559	-8.409620	-7.033490	38.426300	-12.304400	50.186255	0.000000
0	0	560	19.421400	-30.293500	25.335900	-6.743740	70.046326	0.000000
0	0	561	-9.334080	-9.818180	5.902400	17.598400	74.493479	0.000000
0	0	562	2.872640	13.413100	16.976800	-50.575600	25.844149	0.000000
0	0	563	4.751850	36.364900	27.485900	5.024650	18.541650	0.000000
0	0	564	24.852400	4.446190	7.949900	-24.942600	30.391376	0.000000
0	0	565	-1.448560	-16.446300	-4.605970	-1.317220	-82.177252	0.000000
0	0	566	-18.032400	-16.405700	-21.482000	21.446900	-63.684399	0.000000
0	0	567	-30.895100	32.737900	-8.581480	10.027200	-7.344148	0.000000
0	0	568	14.852400	-27.958000	-3.526090	-2.429280	-86.405877	0.000000
0	0	569	10.493900	6.959040	17.332600	6.747120	34.062268	0.000000
0	0	570	-4.057290	-18.288000	-3.080240	2.927400	-85.219714	0.000000
0	0	571	-29.091000	24.413400	47.956900	0.552276	31.510369	0.000000
0	0	572	1.808240	-26.238700	7.597650	-42.020900	81.925577	0.000000
0	0	573	-32.074400	-17.747800	28.441700	23.184700	60.982212	0.000000
0	0	574	-34.177000	-23.057500	-3.456340	-4.276100	-85.737394	0.000000
0	0	575	-18.220900	-8.246590	24.822300	-15.507300	54.188890	0.000000
0	0	576	-7.146130	15.219400	2.229730	-35.562800	4.167434	0.000000
0	0	577	-3.686610	-6.423940	-0.314214	7.846590	-88.599862	0.000000
0	0	578	-14.386400	-13.995300	2.076280	-33.470200	85.780703	0.000000
0	0	579	-40.350100	2.225120	-1.849560	7.453970	-19.866986	0.000000
0	0	580	-55.496200	-40.378900	12.556300	-22.987200	81.363148	0.000000
0	0	581	-14.945700	-3.476830	3.069760	-35.348500	69.279049	0.000000
0	0	582	-67.602300	-21.097700	12.478400	1.191450	74.698737	0.000000
0	0	583	-34.819500	-31.338600	-21.117400	1.116640	-73.013043	0.000000
0	0	584	0.157758	-41.642900	-9.926360	26.159500	-83.296340	0.000000
0	0	585	7.662900	-19.174000	15.726500	-14.765500	70.320711	0.000000
0	0	586	-1.894340	-21.275200	5.725370	-24.676600	82.468981	0.000000
0	0	587	6.845620	-17.094900	40.906900	2.321230	56.339969	0.000000
0	0	588	-0.310035	-2.458560	-28.549700	-30.275300	-47.460944	0.000000
0	0	589	14.272900	-18.707700	-3.009010	8.786520	-85.431306	0.000000
0	0	590	18.502200	18.046900	14.155200	-26.271100	19.054544	0.000000
0	0	591	-7.650870	7.520540	25.110200	0.257943	36.663484	0.000000
0	0	592	-19.737800	-47.320100	-12.283900	12.031500	-82.723852	0.000000
0	0	593	31.969100	-50.173100	8.602940	-7.240530	85.135192	0.000000
0	0	594	11.429800	0.169005	-25.426300	-32.552500	-44.809584	0.000000
0	0	595	-19.036200	-44.829700	19.346000	-11.713200	78.328832	0.000000
0	0	596	34.695600	-26.366100	-12.619800	8.624470	-77.211241	0.000000
0	0	597	29.044700	40.040600	15.240200	17.637200	10.418880	0.000000
0	0	598	-16.009900	30.953200	16.716100	-22.046700	14.185506	0.000000
0	0	599	39.405400	-19.370500	-34.075000	-21.016100	-59.808392	0.000000
0	0	600	3.857710	18.460600	-34.381200	-23.081300	-30.883462	0.000000
0	0	601	-21.174700	1.772780	-35.898400	8.088090	-43.586422	0.000000
0	0	602	28.543200	11.220100	-16.348500	23.815200	-27.768947	0.000000
0	0	603	17.962700	21.809700	-3.920340	8.870630	-5.095108	0.000000
0	0	604	18.122800	24.247500	-15.294600	-12.400100	-16.121253	0.000000
0	0	605	-0.040152	49.258900	-7.742640	-13.677300	-4.466405	0.000000
0	0	606	3.849380	40.639700	4.595490	-0.301806	3.225768	0.000000
0	0	607	-10.350000	-2.418260	33.352200	-7.177020	47.073537	0.000000
0	0	608	26.339300	-16.420600	-16.447900	-18.337800	-67.476206	0.000000
0	0	609	-23.746600	-28.719900	-27.936600	-10.910500	-67.896044	0.000000
0	0	610	0.267717	6.885210	-1.744140	14.904000	-7.107484	0.000000
0	0	611	16.854000	28.851100	21.241900	-7.861340	18.181358	0.000000
0	0	612	3.023720	43.915100	6.312740	8.551550	4.090079	0.000000
0	0	613	40.111700	16.614800	7.630500	22.188000	12.333695	0.000000
0	0	614	11.057100	-32.653400	-45.434000	6.662920	-62.852395	0.000000
0	0	615	23.466100	20.992100	-29.046600	31.277800	-27.072101	0.000000
0	0	616	-3.779740	5.945510	-15.896400	-22.141100	-34.746696	0.000000
0	0	617	26.885800	15.138200	11.229800	-26.518300	18.284358	0.000000
0	0	618	13.683900	-18.369800	5.223510	-17.457900	82.063366	0.000000
0	0	619	12.576200	16.189800	-21.758400	-24.567800	-26.674062	0.000000
0	0	620	35.879000	-16.743800	-5.413270	1.147010	-81.041991	0.000000
0	0	621	13.407000	-10.082800	-14.306300	4.513970	-62.587716	0.000000
0	0	622	-10.838600	18.323600	28.352500	19.169600	28.563149	0.000000
0	0	623	2.846740	-5.078160	9.670030	-19.994900	58.852974	0.000000
0	0	624	28.183000	41.460900	-31.240800	1.286110	-18.499018	0.000000
0	0	625	-20.570500	19.939500	3.730410	3.456350	5.298381	0.000000
0	0	626	21.209200	16.390900	8.103810	-8.529420	13.154105	0.000000
0	0	627	29.958700	10.906500	17.554000	-36.337900	29.073423	0.000000
0	0	628	16.903300	35.993000	-39.173700	9.095010	-23.711521	0.000000
0	0	629	5.398090	-29.663100	26.631900	-2.356360	69.041055	0.000000
0	0	630	32.140300	-1.502600	-11.708800	-46.357300	-48.656423	0.000000
0	0	631	-5.908900	11.295700	0.323505	10.082900	0.820242	0.000000
0	0	632	20.157400	6.499140	17.108100	-31.137500	34.599440	0.000000
0	0	633	23.438800	-11.038700	31.187100	-12.565700	54.745730	0.000000
0	0	634	16.234500	-1.049840	33.457800	12.422600	45.898620	0.000000
0	0	635	63.745900	-8.252990	45.249800	1.759520	50.168205	0.000000
0	0	636	24.839800	-0.859810	-8.834740	25.883600	-47.779302	0.000000
0	0	637	12.570200	-4.739790	-19.850700	40.335800	-51.714592	0.000000
0	0	638	21.779200	9.136350	24.316400	-7.876540	34.703700	0.000000
0	0	639	-46.129600	-21.995200	-13.197900	-28.201400	-74.517375	0.000000
0	0	640	19.558200	28.429900	-18.238200	-33.371400	-16.340385	0.000000
0	0	641	31.725200	-0.156203	16.385700	-10.986700	45.273089	0.000000
0	0	642	25.974500	9.950260	-5.949210	13.895900	-15.437495	0.000000
0	0	643	3.054010	7.832860	-0.290910	-8.909910	-1.063485	0.000000
0	0	644	-8.422600	47.592700	5.403440	16.187200	3.238672	0.000000
0	0	645	-2.821190	-1.222460	-2.919300	32.411800	-56.360775	0.000000
0	0	646	19.655500	32.817500	21.467500	18.700600	16.595311	0.000000
0	0	647	49.965000	-35.241700	10.634000	-11.490400	81.604542	0.000000
0	0	648	-1.161280	-18.281700	21.319400	28.186500	65.306788	0.000000
0	0	649	18.213400	4.630190	23.621700	18.424900	39.454909	0.000000
0	0	650	31.535800	14.424500	1.854120	-28.370600	3.662307	0.000000
0	0	651	27.080400	-40.370000	14.675400	3.770410	80.011330	0.000000
0	0	652	-26.747300	35.836100	23.820300	-14.748300	16.806018	0.000000
0	0	653	22.290700	-20.528600	17.994900	-10.388000	69.381469	0.000000
0	0	654	-16.065700	-11.813500	15.763400	-24.956900	63.424420	0.000000
0	0	655	-2.669140	-3.053920	5.310980	6.951100	59.949883	0.000000
0	0	656	44.114400	-29.205900	29.358300	-1.525420	67.425451	0.000000
0	0	657	47.433500	12.444100	10.554000	-20.445100	20.150851	0.000000
0	0	658	16.410900	-19.820500	29.409700	-5.113840	61.988888	0.000000
0	0	659	8.130000	1.040280	5.309930	6.805490	39.457725	0.000000
0	0	660	3.589760	23.449900	0.383142	-7.930560	0.468029	0.000000
0	0	661	-4.099370	-5.323770	-14.318500	-32.125900	-55.197834	0.000000
0	0	662	12.186600	1.363360	-42.800500	-26.467800	-44.087763	0.000000
0	0	663	-3.638210	-3.780980	-13.361900	-7.023740	-52.899888	0.000000
0	0	664	-17.206100	-5.356350	-9.632200	3.523490	-59.538953	0.000000
0	0	665	6.437230	-27.712900	6.202040	24.987600	83.692643	0.000000
0	0	666	14.868900	-8.695920	6.751340	36.684200	71.087472	0.000000
0	0	667	13.626600	15.618700	10.522200	26.122400	16.983925	0.000000
0	0	668	12.220000	-12.246400	-13.199900	1.269600	-66.427035	0.000000
0	0	669	-2.303440	-6.669330	5.347280	-0.247692	70.639174	0.000000
0	0	670	40.661700	49.049300	17.368000	29.821100	9.749342	0.000000
0	0	671	-10.185900	43.500600	-6.088760	17.044200	-3.983950	0.000000
0	0	672	21.286800	-25.450600	-9.423930	-2.122760	-79.840627	0.000000
0	0	673	-3.280580	15.834500	-2.117300	20.686300	-3.808046	0.000000
0	0	674	51.259600	4.084640	-12.521100	-41.753300	-35.966305	0.000000
0	0	675	-4.714300	-14.624400	-3.676050	-22.469200	-82.945109	0.000000
0	0	676	-13.031500	-23.441900	10.550800	-28.732700	77.884151	0.000000
0	0	677	-3.156180	-2.236370	5.765260	17.394600	55.600747	0.000000
0	0	678	11.879900	28.070400	10.425800	-8.745090	10.187905	0.000000
0	0	679	-9.792330	-1.476560	40.869500	12.958600	46.034560	0.000000
0	0	680	-8.410020	11.322700	3.030010	3.305970	7.490797	0.000000
0	0	681	11.344600	-4.762130	35.531800	5.304820	48.816773	0.000000
0	0	682	18.859400	6.092860	-9.764870	25.819200	-29.018803	0.000000
0	0	683	31.943400	45.077700	10.533000	2.720080	6.575973	0.000000
0	0	684	-15.970000	32.801900	0.105440	12.995600	0.092087	0.000000
0	0	685	3.067680	-43.603800	1.243190	9.508020	89.183440	0.000000
0	0	686	0.729772	6.130660	-22.369800	-7.135540	-37.336925	0.000000
0	0	687	-33.344700	5.551430	-22.371300	-38.029300	-38.031791	0.000000
0	0	688	-11.814000	-12.916000	-23.916300	17.506200	-59.185634	0.000000
0	0	689	-2.547540	-10.318300	-6.488410	-33.529300	-73.918636	0.000000
0	0	690	-2.911270	-37.022100	-9.787080	4.407700	-82.596080	0.000000
0	0	691	38.080500	17.418600	7.626530	-6.602820	11.822822	0.000000
0	0	692	7.193500	-5.066340	16.713700	-1.044630	53.431684	0.000000
0	0	693	22.777400	8.509900	-36.811500	31.262800	-38.491655	0.000000
0	0	694	3.739760	22.757200	-17.212800	23.348900	-18.551333	0.000000
0	0	695	-1.552130	1.377210	9.788950	8.985810	40.995802	0.000000
0	0	696	-13.188100	-9.361150	-15.894600	-11.851200	-60.248013	0.000000
0	0	697	-20.574800	19.889000	8.590090	19.246000	11.679795	0.000000
0	0	698	8.780890	-5.644870	-25.566500	-19.970900	-51.225338	0.000000
0	0	699	-29.469200	11.978900	14.469600	10.584000	25.189887	0.000000
0	0	700	0.922269	-21.056200	31.371300	-8.401220	61.934620	0.000000
0	0	701	27.197600	19.301000	15.524800	40.000500	19.405766	0.000000
0	0	702	26.115300	-4.273930	12.522800	-6.008560	54.422178	0.000000
0	0	703	43.567300	28.133300	-17.280500	-2.601610	-15.779882	0.000000
0	0	704	13.813700	16.008100	12.538900	-21.049000	19.035528	0.000000
0	0	705	-11.054600	-0.592076	-23.171200	-2.264530	-45.731858	0.000000
0	0	706	5.449690	-11.793900	-9.862060	4.973350	-70.048815	0.000000
0	0	707	10.913400	12.688200	-15.688500	-26.009600	-25.517761	0.000000
0	0	708	38.851100	8.709680	-13.273200	0.435116	-28.363850	0.000000
0	0	709	-41.513200	-9.379560	-10.645100	3.138000	-65.691885	0.000000
0	0	710	22.161900	-19.326900	-10.432900	-6.380590	-75.819638	0.000000
0	0	711	19.444200	13.088600	26.883100	5.126890	32.019948	0.000000
0	0	712	28.726700	-33.685700	-12.299300	-16.871600	-79.970943	0.000000
0	0	713	-10.653600	-30.058600	27.575400	68.127000	68.733551	0.000000
0	0	714	34.050100	7.634590	-3.667470	-37.044400	-12.829245	0.000000
0	0	715	19.383100	18.447100	-27.620000	-6.684240	-28.130733	0.000000
0	0	716	13.796500	-1.088530	-4.274690	22.018400	-52.143236	0.000000
0	0	717	24.735500	-2.562280	46.653700	-13.584000	46.571799	0.000000
0	0	718	-20.281400	11.332400	4.907990	15.756600	11.708564	0.000000
0	0	719	13.225000	-8.544040	-18.371800	0.435690	-57.470692	0.000000
0	0	720	4.736890	-34.320200	22.358600	17.429800	73.458470	0.000000
0	0	721	17.887000	10.465900	-11.840600	3.667380	-24.263276	0.000000
0	0	722	-1.305580	-5.795460	-12.576600	-2.839910	-57.370431	0.000000
0	0	723	-4.154310	12.789000	-15.888500	2.272820	-25.584327	0.000000
0	0	724	-45.605400	9.269740	16.104500	17.479700	30.037648	0.000000
0	0	725	-39.779700	18.473400	-3.528650	-20.237100	-5.406973	0.000000
0	0	726	-35.740900	-2.274270	-1.489230	-7.915180	-73.391275	0.000000
0	0	727	-15.517300	12.883400	-30.281300	26.134600	-33.476160	0.000000
0	0	728	5.173570	15.161600	-7.789840	33.904000	-13.596765	0.000000
0	0	729	-29.589200	-4.738890	10.244400	-5.120700	57.412240	0.000000
0	0	730	-27.650500	-8.028210	12.968300	32.110800	60.880083	0.000000
0	0	731	26.267600	-28.935400	5.918200	31.282300	84.220319	0.000000
0	0	732	-35.985700	-15.570100	-1.211930	-2.955080	-87.774621	0.000000
0	0	733	15.276700	0.676251	12.586400	13.894400	43.462264	0.000000
0	0	734	-12.549300	-14.461600	26.251100	-2.420150	59.425075	0.000000
0	0	735	-10.998700	-28.965500	10.619400	7.549090	79.932967	0.000000
0	0	736	-13.198200	16.941400	-25.224000	-14.478900	-28.056593	0.000000
0	0	737	3.524170	-17.442900	-12.870600	-4.489130	-71.788741	0.000000
0	0	738	3.160340	-26.044900	-37.505700	27.775800	-62.388542	0.000000
0	0	739	-4.825820	10.950100	1.038130	20.517900	2.707885	0.000000
0	0	740	9.227480	-14.397100	4.786180	13.006200	80.805550	0.000000
0	0	741	27.631600	-22.449300	-0.176462	5.910670	-89.774819	0.000000
0	0	742	-4.180940	-33.209300	-40.706100	13.211000	-64.604317	0.000000
0	0	743	-4.053790	9.620690	-12.903500	14.133400	-26.646122	0.000000
0	0	744	19.778200	37.971000	13.189300	18.374400	9.577385	0.000000
0	0	745	27.094600	32.649500	36.483200	19.285600	24.087021	0.000000
0	0	746	18.843000	-19.462800	3.443220	-14.883700	84.983723	0.000000
0	0	747	26.254800	15.047800	62.596400	-0.604848	38.241461	0.000000
0	0	748	-11.782100	-2.178170	18.599100	-25.723600	48.339787	0.000000
0	0	749	29.317200	6.466590	13.198400	-7.567520	31.948669	0.000000
0	0	750	31.693500	-1.226390	1.954480	-7.118470	61.053650	0.000000
0	0	751	2.941170	-11.903200	-21.819900	-4.167060	-59.306683	0.000000
0	0	752	28.079600	10.685900	48.582000	12.632700	38.797494	0.000000
0	0	753	6.353280	0.321452	-26.013000	12.437500	-44.646006	0.000000
0	0	754	13.717400	-10.713000	-6.236610	-14.617900	-74.897014	0.000000
0	0	755	-1.071400	9.788160	13.472900	-5.479270	27.000661	0.000000
0	0	756	-6.709030	-0.296752	8.868160	-2.927730	45.958276	0.000000
0	0	757	-8.589840	31.639300	-0.321513	14.546800	-0.291105	0.000000
0	0	758	6.613890	0.921833	25.047600	-16.765200	43.946140	0.000000
0	0	759	-2.085630	14.215000	7.319470	-2.566720	13.622235	0.000000
0	0	760	-4.754270	-8.066790	-29.681400	-1.873970	-52.602276	0.000000
0	0	761	29.062200	15.505000	-8.923220	19.808300	-14.960342	0.000000
0	0	762	-23.678800	5.189420	26.461300	-18.553600	39.452169	0.000000
0	0	763	27.614200	-22.720200	5.368090	28.819700	83.353269	0.000000
0	0	764	20.822000	-3.773560	4.421010	-11.195300	65.241233	0.000000
0	0	765	-20.151300	-28.183400	27.484800	-22.068900	67.859494	0.000000
0	0	766	-10.821400	3.940250	24.769100	-2.851300	40.480584	0.000000
0	0	767	-2.507880	-2.272360	-26.305400	12.170600	-47.468585	0.000000
0	0	768	18.753700	-30.926700	34.116100	-13.334100	66.096363	0.000000
0	0	769	-14.069300	-14.705800	28.613500	-8.687530	58.600363	0.000000
0	0	770	19.929500	5.760720	20.471700	14.374100	37.141720	0.000000
0	0	771	2.543970	29.192700	28.523100	7.318250	22.167651	0.000000
0	0	772	-15.901100	-11.395900	36.612300	12.598400	53.644606	0.000000
0	0	773	28.290600	37.083400	5.302660	-6.157520	4.068860	0.000000
0	0	774	-32.153500	-11.640400	25.943400	36.691900	57.082516	0.000000
0	0	775	-27.500500	37.930800	7.636480	-6.659060	5.691500	0.000000
0	0	776	12.415000	-4.243900	22.180600	-30.763400	50.415856	0.000000
0	0	777	-6.176500	11.041700	12.155400	-25.681400	23.874339	0.000000
0	0	778	15.273500	-9.531730	-44.515800	42.384500	-51.042844	0.000000
0	0	779	-4.191920	2.647330	43.761000	43.755600	43.269050	0.000000
0	0	780	-11.167400	8.778960	-31.153200	11.535200	-37.131092	0.000000
0	0	781	23.030100	20.278200	-19.805300	-43.683600	-22.162032	0.000000
0	0	782	-2.853550	-8.422000	-28.018200	2.291730	-53.365135	0.000000
0	0	783	16.489500	16.512600	31.771000	9.528180	31.268690	0.000000
0	0	784	-42.289900	-21.877800	-7.331410	-10.172500	-80.736812	0.000000
0	0	785	-16.095300	28.662900	-20.609500	47.709600	-17.858644	0.000000
0	0	786	1.832350	17.213600	0.424676	-37.622000	0.706628	0.000000
0	0	787	8.314370	30.289300	-27.827300	-13.529400	-21.287111	0.000000
0	0	788	0.576664	-3.738170	28.191300	-4.403110	48.776682	0.000000
0	0	789	1.237910	-19.832000	8.098580	18.901700	78.893449	0.000000
0	0	790	-5.295650	-8.808560	-10.088300	-12.687800	-65.562855	0.000000
0	0	791	22.587000	-30.153600	-1.318880	-17.593100	-88.747776	0.000000
0	0	792	33.579800	4.439960	3.277070	-5.114350	18.215248	0.000000
0	0	793	25.571200	6.500720	17.281000	-9.135460	34.692420	0.000000
0	0	794	1.250230	31.733900	18.445000	17.849000	15.083426	0.000000
0	0	795	20.134500	-5.783800	-16.749800	-8.393270	-54.525040	0.000000
0	0	796	-35.586000	38.473600	-10.598400	-3.609280	-7.700696	0.000000
0	0	797	3.147810	3.331430	-13.651300	-28.256600	-38.142866	0.000000
0	0	798	-17.285500	21.605000	-7.859930	5.057510	-9.995730	0.000000
0	0	799	-5.115590	0.857490	-18.452600	-13.093200	-43.669693	0.000000
0	0	800	-24.471800	-19.280300	26.436500	0.142907	63.051749	0.000000
0	0	801	-11.814000	0.780939	0.231827	18.140500	8.266938	0.000000
0	0	802	-6.894580	-28.866400	33.263900	1.107650	65.475716	0.000000
0	0	803	-3.002460	20.977900	41.775200	0.659440	31.667978	0.000000
0	0	804	31.116400	0.660699	-2.693290	31.468400	-38.108392	0.000000
0	0	805	49.225800	3.728300	-7.888560	2.031320	-32.351797	0.000000
0	0	806	14.199300	-25.859500	12.669400	-3.052900	76.949141	0.000000
0	0	807	2.086960	21.094700	7.628430	-31.487400	9.940700	0.000000
0	0	808	-2.835140	11.518800	-15.918500	27.339800	-27.055046	0.000000
0	0	809	11.867100	43.776600	19.169100	28.098300	11.823936	0.000000
0	0	810	-6.260140	12.886300	-2.072000	15.689400	-4.567228	0.000000
0	0	811	-10.902800	17.152400	-42.543900	25.134500	-34.021107	0.000000
0	0	812	-19.979700	11.498300	-31.232500	-11.163100	-34.894363	0.000000
0	0	813	0.311919	23.724500	-15.777500	5.390380	-16.812545	0.000000
0	0	814	-11.310600	34.769700	-0.499415	13.487200	-0.411456	0.000000
0	0	815	9.019020	12.638400	-6.008830	-13.779700	-12.714196	0.000000
0	0	816	10.034800	-24.460800	-15.779800	-15.203000	-73.586855	0.000000
0	0	817	11.390300	6.053800	11.750900	-14.461200	31.371746	0.000000
0	0	818	-21.006900	8.805250	5.113060	-1.362840	15.071506	0.000000
0	0	819	3.318850	-16.313900	11.278300	8.448990	72.671352	0.000000
0	0	820	-9.284440	-23.840200	-20.065600	12.169800	-69.956830	0.000000
0	0	821	-30.594600	0.107999	-6.018600	-10.388500	-44.485992	0.000000
0	0	822	15.914600	-26.504000	29.232200	1.511480	66.098849	0.000000
0	0	823	8.994470	-16.875300	-14.184900	-6.928270	-69.975270	0.000000
0	0	824	-11.002700	-16.521700	18.759900	-3.745290	65.685062	0.000000
0	0	825	-3.002410	3.172020	-2.585980	-54.966800	-19.594270	0.000000
0	0	826	-7.013400	-11.305600	-8.597160	3.056380	-71.374708	0.000000
0	0	827	5.328310	-12.764700	28.990700	18.208300	56.882025	0.000000
0	0	828	9.420730	-15.900900	36.295800	4.799800	56.828921	0.000000
0	0	829	-13.886000	23.022200	17.847800	-29.918400	18.892191	0.000000
0	0	830	3.920060	-21.577200	-1.384600	-15.493800	-88.164194	0.000000
0	0	831	0.215162	18.791300	8.976020	1.434440	12.766178	0.000000
0	0	832	13.645900	4.761890	-2.013410	16.925700	-11.459744	0.000000
0	0	833	6.751430	-44.649000	3.337480	32.228800	87.862566	0.000000
0	0	834	9.178370	-17.227300	11.136500	-35.947400	73.559779	0.000000
0	0	835	-19.840300	8.219150	-52.914100	20.751800	-40.585400	0.000000
0	0	836	-16.981500	-8.981100	-9.016510	-33.137100	-67.443636	0.000000
0	0	837	-20.815400	-4.563110	62.650100	6.543140	47.082886	0.000000
0	0	838	1.892780	23.883900	26.948500	15.223200	24.225045	0.000000
0	0	839	22.057500	-27.545000	5.297620	-4.476930	84.556730	0.000000
0	0	840	33.431700	1.624570	-9.695550	-33.484300	-40.243989	0.000000
0	0	841	-8.888390	-14.663800	-19.073100	-1.046960	-63.776920	0.000000
0	0	842	-4.939900	-24.913700	-48.878200	8.232670	-58.504194	0.000000
0	0	843	10.732200	-18.903000	10.010400	7.020520	76.047897	0.000000
0	0	844	-7.578740	49.026400	-3.929640	5.469540	-2.291331	0.000000
0	0	845	6.705890	-1.654720	6.115490	-9.538740	52.570232	0.000000
0	0	846	12.475900	-12.183600	4.392170	31.578400	80.087920	0.000000
0	0	847	-5.142240	2.200520	11.739500	21.524700	39.691672	0.000000
0	0	848	31.765200	24.164900	15.628500	12.717900	16.446260	0.000000
0	0	849	-28.894800	53.299400	18.459400	5.756520	9.551357	0.000000
0	0	850	19.543900	22.524200	-27.508600	-15.211200	-25.344593	0.000000
0	0	851	4.974410	26.107800	20.487500	1.216510	19.061120	0.000000
0	0	852	11.863300	-3.649780	-17.726900	-1.620150	-50.817009	0.000000
0	0	853	15.795500	22.125300	-9.484500	16.381100	-11.601733	0.000000
0	0	854	-11.074300	42.810400	-4.384020	-8.236430	-2.923510	0.000000
0	0	855	-31.458400	5.136770	29.424500	19.048700	40.048703	0.000000
0	0	856	24.390400	7.883960	-16.767200	-0.760392	-32.408514	0.000000
0	0	857	22.269200	7.150910	0.168415	2.130510	0.674577	0.000000
0	0	858	17.005200	-6.003800	-8.798180	11.967900	-62.154640	0.000000
0	0	859	23.787000	4.016420	10.092500	-18.366000	34.149690	0.000000
0	0	860	-41.662900	-32.692700	3.988000	-6.397010	86.522584	0.000000
0	0	861	-16.150900	0.256658	-16.876800	-13.472400	-44.564364	0.000000
0	0	862	-10.102800	-18.493500	5.287620	-20.752700	82.021913	0.000000
0	0	863	-1.576600	-17.750600	26.281300	0.485524	62.017703	0.000000
0	0	864	1.687300	1.360540	0.946538	32.314800	17.413314	0.000000
0	0	865	-6.712960	-27.532600	31.705200	20.426300	65.485424	0.000000
0	0	866	17.892700	7.533560	13.928700	6.021100	30.796276	0.000000
0	0	867	3.673370	-48.258300	-30.266800	-31.812700	-73.952375	0.000000
0	0	868	4.781710	-28.021500	-10.952500	11.281000	-79.325715	0.000000
0	0	869	-6.014880	5.068270	16.776000	3.253980	36.594840	0.000000
0	0	870	-30.179900	4.938100	-6.871500	-20.580300	-27.148828	0.000000
0	0	871	2.808070	19.993600	-4.967600	-2.316430	-6.976571	0.000000
0	0	872	26.102300	-7.624880	-8.413760	-16.872000	-66.092053	0.000000
0	0	873	25.934700	13.357600	-1.054590	22.459300	-2.257085	0.000000
0	0	874	4.872200	6.590190	-11.830200	-8.173010	-30.439676	0.000000
0	0	875	-22.480700	-34.638200	-64.660700	19.994900	-59.088792	0.000000
0	0	876	-28.851400	3.066960	-5.557990	-21.395300	-30.554802	0.000000
0	0	877	-15.639200	-13.291900	10.830400	-2.750350	70.413219	0.000000
0	0	878	13.366600	5.507100	-47.881800	-32.775000	-41.719493	0.000000
0	0	879	-5.597150	24.493900	6.624710	20.968300	7.567167	0.000000
0	0	880	3.489070	-20.480800	15.487900	7.788760	71.451430	0.000000
0	0	881	-18.923700	-37.776200	10.811100	-14.263200	82.014754	0.000000
0	0	882	14.770300	-16.618700	-21.251700	0.700430	-64.012596	0.000000
0	0	883	4.318990	23.239400	-43.075100	7.030570	-30.826372	0.000000
0	0	884	-11.264300	-34.453000	-15.988900	9.026870	-77.552497	0.000000
0	0	885	-22.841900	-18.787700	-18.758100	-6.852720	-67.522585	0.000000
0	0	886	-8.634010	-25.832400	-11.956300	-20.200400	-77.581677	0.000000
0	0	887	-24.400400	-32.341000	-16.117500	18.283800	-76.755057	0.000000
0	0	888	-4.417450	5.594720	0.753265	10.545600	3.834054	0.000000
0	0	889	-7.107670	-16.059500	18.659900	-4.571570	65.358340	0.000000
0	0	890	6.948360	16.146800	13.854500	-12.490400	20.315354	0.000000
0	0	891	2.145190	17.083000	-16.022200	16.449300	-21.582341	0.000000
0	0	892	13.626600	-23.911200	-31.979800	-25.461800	-63.392677	0.000000
0	0	893	-19.690400	-9.487440	-0.712198	-32.134900	-87.853502	0.000000
0	0	894	-13.550800	-3.644040	3.763430	32.342100	67.038307	0.000000
0	0	895	-22.741200	-11.940300	3.166680	28.204900	82.573281	0.000000
0	0	896	-16.424100	7.736270	-28.517900	-15.189300	-37.411107	0.000000
0	0	897	-17.303600	4.625260	14.729300	-36.886600	36.283396	0.000000
0	0	898	16.127300	30.746900	-7.253270	-1.390510	-6.636772	0.000000
0	0	899	-9.988310	0.850528	-16.496700	30.683800	-43.524294	0.000000
0	0	900	-20.997500	-17.391900	-24.101200	-23.753800	-62.907479	0.000000
0	0	901	13.106000	-4.336950	-3.325470	4.828950	-71.259934	0.000000
0	0	902	6.651620	16.751500	-27.836500	9.639390	-29.480618	0.000000
0	0	903	5.494370	5.455440	-7.903500	-2.597860	-27.692190	0.000000
0	0	904	15.556600	-29.711700	-6.133150	12.340300	-84.168352	0.000000
0	0	905	2.303310	15.150500	34.122400	24.481100	33.029281	0.000000
0	0	906	9.272150	9.110500	-23.904200	4.194180	-34.568440	0.000000
0	0	907	30.742200	-0.527524	-21.680000	11.298800	-45.696931	0.000000
0	0	908	-7.943040	11.346300	-23.177400	3.795790	-31.958166	0.000000
0	0	909	22.332800	-9.782450	15.960600	-3.826240	60.752325	0.000000
0	0	910	37.480800	32.295100	-28.533500	20.171800	-20.730687	0.000000
0	0	911	-36.008500	5.849220	-33.741500	7.418680	-40.082647	0.000000
0	0	912	45.765700	27.739200	-0.111168	-26.849000	-0.114809	0.000000
0	0	913	22.236600	12.521800	-8.537310	-10.542800	-17.143000	0.000000
0	0	914	19.615600	3.579020	2.697200	-3.967980	18.501098	0.000000
0	0	915	2.727070	-1.991170	-8.073890	20.402400	-51.926873	0.000000
0	0	916	-12.736200	40.550400	31.528900	17.343600	18.932957	0.000000
0	0	917	-21.436800	-0.593873	5.085140	-8.487130	48.330584	0.000000
0	0	918	21.930900	9.046700	-13.020800	-27.693400	-27.604439	0.000000
0	0	919	42.854900	23.352500	23.613700	21.431500	22.659322	0.000000
0	0	920	-8.815550	5.793070	-19.336100	-10.354500	-36.660927	0.000000
0	0	921	15.741200	-8.078030	-7.183680	16.674100	-69.176874	0.000000
0	0	922	13.126100	20.115200	33.825100	7.257910	29.630393	0.000000
0	0	923	-1.409120	20.513400	23.997400	-12.615400	24.737798	0.000000
0	0	924	36.178500	-14.453300	-22.637300	3.662200	-61.278562	0.000000
0	0	925	28.111100	24.228800	-5.606060	8.170460	-6.513919	0.000000
0	0	926	41.828400	17.987700	4.520940	-3.764990	7.054108	0.000000
0	0	927	-29.944300	25.517500	-14.605800	15.498500	-14.893058	0.000000
0	0	928	-2.928660	16.107600	15.733700	4.678760	22.163614	0.000000
0	0	929	15.958000	-27.759800	17.869300	-34.063700	73.615077	0.000000
0	0	930	-28.175200	8.798500	16.875100	-8.981980	31.231468	0.000000
0	0	931	21.155500	-3.047290	12.027300	-24.279800	52.108764	0.000000
0	0	932	-16.451800	-17.659400	19.961900	-6.377680	65.748875	0.000000
0	0	933	6.426640	-15.412500	5.128990	-8.694930	80.796764	0.000000
0	0	934	6.734430	-19.002200	34.840800	14.026500	59.304043	0.000000
0	0	935	6.704480	18.262500	0.572671	12.709600	0.898039	0.000000
0	0	936	-23.357500	3.939300	-4.283500	-8.537000	-23.698479	0.000000
0	0	937	-6.520390	-2.577300	22.067700	-5.036940	48.330715	0.000000
0	0	938	-5.967230	-47.244600	-38.795600	2.343820	-70.304183	0.000000
0	0	939	28.467400	6.531510	16.422800	-21.272300	34.155897	0.000000
0	0	940	-2.019320	-14.615800	-16.395700	26.128000	-65.857561	0.000000
0	0	941	-20.417700	7.871140	36.298800	7.628260	38.882614	0.000000
0	0	942	-18.699300	-27.223400	2.656400	0.790055	87.213423	0.000000
0	0	943	41.381700	-14.662100	8.572030	-15.301500	74.843897	0.000000
0	0	944	3.272000	-27.569000	-19.903400	22.845400	-72.086326	0.000000
0	0	945	-17.938900	-29.433500	-32.681100	8.021700	-66.003536	0.000000
0	0	946	-21.093300	-3.370440	2.468200	10.461200	71.892193	0.000000
0	0	947	-21.582800	-14.689400	8.609400	7.398680	74.812799	0.000000
0	0	948	3.272090	-0.294017	-0.956825	-12.532800	-53.540677	0.000000
0	0	949	4.863430	-8.795490	-21.398800	19.602400	-56.171999	0.000000
0	0	950	21.865900	30.594000	-6.793060	-40.824500	-6.259401	0.000000
0	0	951	15.606200	-11.646300	16.307900	18.175600	62.766280	0.000000
0	0	952	24.558700	-0.099612	14.283600	40.060800	45.199783	0.000000
0	0	953	22.111400	-41.953000	-0.743562	-2.202120	-89.492307	0.000000
0	0	954	-15.947500	-28.901000	-11.422300	-31.821700	-79.217498	0.000000
0	0	955	9.374260	-3.310130	-14.843200	4.640940	-51.285811	0.000000
0	0	956	-24.124700	-6.142260	22.236100	-8.809900	52.720853	0.000000
0	0	957	19.661900	3.821170	26.095700	-2.853790	40.834717	0.000000
0	0	958	0.289767	2.905450	-9.606810	-7.065180	-36.586384	0.000000
0	0	959	25.071700	15.456100	-14.566100	-4.810970	-21.650990	0.000000
0	0	960	-14.010100	-3.843660	-18.547100	-7.013620	-50.854058	0.000000
0	0	961	0.357979	-1.061340	-2.415160	-24.498100	-56.861523	0.000000
0	0	962	12.947100	-25.827100	-22.626300	-9.012690	-69.389715	0.000000
0	0	963	-4.641130	-6.099990	-11.330600	14.175500	-59.148217	0.000000
0	0	964	70.208000	2.296660	-0.385921	-7.429800	-4.769314	0.000000
0	0	965	-5.921700	7.993190	-11.949400	14.794200	-28.110326	0.000000
0	0	966	-34.044800	-5.813230	19.944700	27.294400	53.124841	0.000000
0	0	967	-21.013700	-4.539580	-6.247240	15.317400	-63.002084	0.000000
0	0	968	19.038900	-30.571300	-11.499300	23.239700	-79.693183	0.000000
0	0	969	43.054000	23.244900	47.930100	16.139600	32.063887	0.000000
0	0	970	32.467900	33.867200	14.772300	-1.283470	11.783008	0.000000
0	0	971	18.886700	-36.079500	28.832600	4.857320	70.685111	0.000000
0	0	972	49.558500	16.920500	13.857500	-28.336700	19.658343	0.000000
0	0	973	3.646390	-10.056700	18.548600	6.581880	59.232856	0.000000
0	0	974	26.913900	2.554020	24.054400	36.652800	41.969611	0.000000
0	0	975	39.183100	-21.515100	4.288260	-0.001301	84.363934	0.000000
0	0	976	52.290100	23.616100	-4.569970	-11.187800	-5.475993	0.000000
0	0	977	21.869000	25.454100	-19.432900	25.113500	-18.679939	0.000000
0	0	978	-16.174500	-0.107165	-22.082200	30.580200	-45.139027	0.000000
0	0	979	34.356100	27.583800	0.430514	-41.156400	0.447085	0.000000
0	0	980	-19.277200	46.953600	-26.177400	-5.417050	-14.570191	0.000000
0	0	981	-9.425010	39.377400	-0.164366	15.103400	-0.119579	0.000000
0	0	982	21.521500	-1.791870	-35.717100	16.845800	-46.436015	0.000000
0	0	983	12.396400	38.962800	-32.478500	-24.121700	-19.906907	0.000000
0	0	984	26.992000	16.293900	8.622930	29.103800	13.944169	0.000000
0	0	985	38.777300	-7.467140	-7.581800	-52.934700	-67.281732	0.000000
0	0	986	19.390000	-8.408860	-16.534900	-6.550770	-58.477857	0.000000
0	0	987	11.270000	-3.076330	48.040800	14.379900	46.831989	0.000000
0	0	988	-27.183700	5.022770	5.648630	3.510880	24.178229	0.000000
0	0	989	17.700800	16.302600	-14.961200	-20.519300	-21.271591	0.000000
0	0	990	29.098900	-21.489800	-44.309700	-4.490920	-57.936481	0.000000
0	0	991	28.951300	28.383100	-28.475200	-2.081550	-22.546404	0.000000
0	0	992	18.531200	-6.431730	-1.201090	-3.134250	-84.711085	0.000000
0	0	993	21.753100	23.862100	29.149100	-9.778740	25.347741	0.000000
0	0	994	-6.658910	-11.203100	3.550420	-10.120900	81.207929	0.000000
0	0	995	15.953400	-22.588300	-26.195700	14.695100	-65.385441	0.000000
0	0	996	4.244520	2.535640	18.015800	-28.764700	40.994255	0.000000
0	0	997	42.231100	11.368200	-7.671200	-23.082100	-17.005632	0.000000
0	0	998	11.008400	-10.319700	-4.436850	-18.636300	-78.367603	0.000000
0	0	999	49.687200	1.078850	9.765150	10.919300	41.847776	0.000000
0	0	1000	5.499300	-3.813210	-25.265200	-26.482800	-49.291362	0.000000
0	0	1001	-5.068770	-12.003100	10.771800	14.100700	69.047310	0.000000
0	0	1002	27.463900	6.280860	12.356300	-22.035700	31.527603	0.000000
0	0	1003	31.227700	-21.579500	9.665740	28.174900	77.935884	0.000000
0	0	1004	12.626500	-12.565300	32.162800	19.701000	55.669748	0.000000
0	0	1005	41.693800	-19.554200	-8.001250	-37.766200	-78.873224	0.000000
0	0	1006	11.819900	-11.510500	23.368500	-1.670340	58.111617	0.000000
0	0	1007	4.518850	-9.720130	1.112110	-43.065300	86.736497	0.000000
0	0	1008	38.565200	34.872100	-13.820300	27.358200	-10.809557	0.000000
0	0	1009	3.625470	12.457800	-3.504070	26.526100	-7.854988	0.000000
0	0	1010	-11.928500	-16.334400	-4.340810	-19.211400	-82.558907	0.000000
0	0	1011	47.658100	-24.979400	16.823500	-6.007270	73.019966	0.000000
0	0	1012	4.205650	-13.581200	9.001290	3.188020	73.232274	0.000000
0	0	1013	49.314500	5.487750	8.450370	-30.042800	28.499963	0.000000
0	0	1014	23.414100	-10.496200	11.101200	7.789560	66.697707	0.000000
0	0	1015	-0.669728	10.475000	4.292350	-7.820330	11.141195	0.000000
0	0	1016	8.941250	-9.033520	9.298310	-10.692700	67.086231	0.000000
0	0	1017	7.651750	-13.437100	11.491000	0.050136	69.731971	0.000000
0	0	1018	11.663300	-23.919200	9.106110	45.471600	79.579012	0.000000
0	0	1019	50.205600	1.110990	17.631700	-16.485300	43.197253	0.000000
0	0	1020	-19.170500	-2.568880	-22.317600	-21.895300	-48.283083	0.000000
0	0	1021	21.121800	19.507800	2.815070	0.166945	4.105687	0.000000
0	0	1022	33.670700	12.505000	-15.840300	-32.781200	-25.855475	0.000000
0	0	1023	26.376500	-22.932000	-24.279700	12.558500	-66.682443	0.000000
