0	0	0	8.232870	-8.478300	-6.049890	35.692400	-72.244676	0.000000
0	0	1	16.212600	-8.418060	29.646800	-64.600400	52.925815	0.000000
0	0	2	18.563200	22.277200	13.449400	-8.854540	15.560307	0.000000
0	0	3	-21.502200	-22.385700	9.322880	-16.751500	78.694969	0.000000
0	0	4	7.986570	22.390000	24.383800	0.470565	23.720418	0.000000
0	0	5	-7.796600	-0.555906	-25.115800	-4.342070	-45.633981	0.000000
0	0	6	31.691300	0.302366	9.600500	-27.541500	44.098038	0.000000
0	0	7	19.380600	-16.312000	-6.427990	15.412200	-79.246165	0.000000
0	0	8	4.637660	-4.131300	26.125700	5.461760	49.492935	0.000000
0	0	9	-0.034679	33.893100	36.229300	-34.346900	23.454081	0.000000
0	0	10	1.304310	-5.164610	-13.926900	-28.508000	-55.173322	0.000000
0	0	11	14.524200	-44.539100	28.575300	-11.875700	73.658334	0.000000
0	0	12	41.417300	2.110320	6.225090	-27.012700	35.636611	0.000000
0	0	13	-4.307340	-3.953450	-29.706100	-15.202300	-48.790344	0.000000
0	0	14	-2.814130	-24.137100	5.767960	5.332310	83.280133	0.000000
0	0	15	-12.594700	3.486230	12.168600	-9.423050	37.006657	0.000000
0	0	16	11.767600	27.534300	36.578500	6.578260	26.514780	0.000000
0	0	17	17.333900	-14.687600	-0.682521	-12.834600	-88.669713	0.000000
0	0	18	18.698300	-9.440660	-18.720100	31.615000	-58.381043	0.000000
0	0	19	13.895800	11.545400	-30.592600	-16.115000	-34.661949	0.000000
0	0	20	-6.585510	-3.943800	37.230000	-9.323300	48.023416	0.000000
0	0	21	-12.347700	-27.339300	-15.776500	-3.773060	-75.006172	0.000000
0	0	22	27.560200	-7.754180	-9.473720	-23.057600	-64.650054	0.000000
0	0	23	12.825600	40.555600	19.994300	3.198250	13.121870	0.000000
0	0	24	-10.123700	-29.402800	38.069400	-15.912300	63.840304	0.000000
0	0	25	38.720700	-14.522900	36.222800	14.208600	55.923728	0.000000
0	0	26	47.176400	-39.031700	24.888000	-5.902580	73.738484	0.000000
0	0	27	20.530000	-48.773700	-16.478600	12.593400	-80.666016	0.000000
0	0	28	-1.371070	5.629410	0.175968	4.598330	0.895204	0.000000
0	0	29	34.033300	-12.053800	14.698300	-6.337840	64.677268	0.000000
0	0	30	-3.560350	-35.771100	19.462700	-15.237700	75.724914	0.000000
0	0	31	28.400800	-49.715100	31.287800	35.055200	73.908035	0.000000
0	0	32	38.291100	-43.433700	-40.241600	-19.998600	-68.592349	0.000000
0	0	33	26.730100	-27.455100	53.567800	-43.650800	58.568249	0.000000
0	0	34	9.593580	-2.752570	-7.088700	21.327700	-55.610693	0.000000
0	0	35	41.018000	-46.043800	14.535400	-6.056670	81.239902	0.000000
0	0	36	22.645800	0.176459	27.910700	32.324200	44.818883	0.000000
0	0	37	4.234120	-3.137430	25.242200	4.181570	48.542565	0.000000
0	0	38	4.116020	37.991900	-9.837480	16.865000	-7.258556	0.000000
0	0	39	-26.090300	-34.729800	18.464600	26.220800	76.001005	0.000000
0	0	40	13.863900	14.568900	-19.509200	-5.987530	-26.624350	0.000000
0	0	41	-11.020300	4.551240	-7.473850	-8.396620	-29.330228	0.000000
0	0	42	4.046060	27.330700	-37.727200	35.352800	-27.039658	0.000000
0	0	43	22.547800	-8.100580	-29.128500	16.689400	-52.770574	0.000000
0	0	44	18.758800	-5.577360	18.432400	33.377300	53.417503	0.000000
0	0	45	54.347300	15.372200	-1.766130	-2.188050	-3.277021	0.000000
0	0	46	21.015700	-10.572900	-4.631340	40.078100	-78.172359	0.000000
0	0	47	77.736300	1.255160	-19.617700	5.989590	-43.169574	0.000000
0	0	48	28.683100	31.255500	-12.790600	10.708400	-11.127856	0.000000
0	0	49	13.790300	40.459500	11.700900	-9.395740	8.064943	0.000000
0	0	50	12.210900	-14.291100	-0.750374	-22.885300	-88.497183	0.000000
0	0	51	63.864800	18.088600	-22.079200	-0.498218	-25.336809	0.000000
0	0	52	2.981200	33.018000	-27.457200	-16.868800	-19.873163	0.000000
0	0	53	25.612200	-18.940800	0.337087	-12.329100	89.490211	0.000000
0	0	54	65.443000	9.463650	-29.037200	-22.394500	-35.974225	0.000000
0	0	55	17.219300	-16.319000	12.061100	-3.855390	71.766256	0.000000
0	0	56	46.863700	-1.769250	-14.816000	-35.186200	-48.404859	0.000000
0	0	57	14.901500	-16.965600	-1.378550	-12.477000	-87.677301	0.000000
0	0	58	9.641590	-40.901200	6.915490	12.111900	85.201655	0.000000
0	0	59	-3.007280	39.685800	30.343000	27.433900	18.700417	0.000000
0	0	60	32.501600	26.055700	-39.632300	23.958100	-28.338821	0.000000
0	0	61	-5.287850	11.348900	-9.380120	11.623900	-19.787247	0.000000
0	0	62	41.409600	14.999500	5.273910	-19.954500	9.685983	0.000000
0	0	63	9.414090	-0.929919	16.775600	-2.666290	46.586410	0.000000
0	0	64	0.743212	-19.086900	-35.998400	-38.635200	-58.966608	0.000000
0	0	65	64.595000	-23.699800	-19.297600	15.333000	-70.422871	0.000000
0	0	66	-31.922100	-34.830600	5.979660	-4.126520	85.129260	0.000000
0	0	67	15.558400	-6.859880	19.438300	7.299780	54.719105	0.000000
0	0	68	43.472500	-17.350300	14.522100	11.359700	70.035432	0.000000
0	0	69	16.541900	-16.126400	-0.020498	-24.959200	-89.963586	0.000000
0	0	70	-10.906700	13.280800	23.096800	11.225000	30.050419	0.000000
0	0	71	-5.541520	-32.855500	-4.657660	30.983200	-85.965701	0.000000
0	0	72	25.984200	19.255300	-5.228120	6.347930	-7.595249	0.000000
0	0	73	26.651200	-20.163900	19.664500	41.344400	67.859191	0.000000
0	0	74	47.245700	-7.542320	-30.081200	-1.613770	-52.037856	0.000000
0	0	75	31.550900	18.054400	25.801400	-5.380310	27.508894	0.000000
0	0	76	57.313800	11.613200	20.209400	-18.975600	30.058226	0.000000
0	0	77	36.441300	7.653110	-29.856600	-17.191100	-37.811489	0.000000
0	0	78	37.237900	-7.105350	-11.415500	-5.398850	-60.949687	0.000000
0	0	79	38.184100	10.273800	6.208100	11.059800	15.571554	0.000000
0	0	80	20.746300	6.866450	13.713100	14.107200	31.700934	0.000000
0	0	81	48.403900	1.248540	-29.266000	-29.897600	-43.778570	0.000000
0	0	82	27.173700	-9.112000	-43.880800	-14.253500	-50.865475	0.000000
0	0	83	24.310000	43.689300	13.281600	8.321110	8.454668	0.000000
0	0	84	73.647200	18.956200	34.305100	-42.050500	30.537991	0.000000
0	0	85	41.879700	4.353120	-16.569300	8.372950	-37.639898	0.000000
0	0	86	64.736300	18.613500	-21.156300	21.555700	-24.329198	0.000000
0	0	87	9.646190	11.566200	24.122900	-19.237600	32.191846	0.000000
0	0	88	19.000900	-1.253420	-7.645040	43.633000	-49.655462	0.000000
0	0	89	57.690800	8.195520	-6.016440	-7.402090	-18.141443	0.000000
0	0	90	18.552100	-7.239800	-17.901700	-55.526100	-56.009689	0.000000
0	0	91	33.346100	-8.743840	4.807440	-17.082900	75.598809	0.000000
0	0	92	89.982500	-14.720500	29.596600	-22.498600	58.222217	0.000000
0	0	93	38.602200	7.972810	5.290850	-8.119440	16.784359	0.000000
0	0	94	70.438000	-27.633200	16.942300	-17.046500	74.243479	0.000000
0	0	95	39.830000	-44.579900	5.223370	-9.025220	86.658599	0.000000
0	0	96	24.833100	-21.834200	29.282600	-34.406500	63.354793	0.000000
0	0	97	-2.009870	-18.023700	-15.280500	16.979400	-69.854354	0.000000
0	0	98	62.656000	-26.596700	2.034560	5.459440	87.812790	0.000000
0	0	99	20.367400	-8.492190	10.894000	-16.742000	63.968726	0.000000
0	0	100	30.342200	5.055420	-12.662200	13.687300	-34.117751	0.000000
0	0	101	47.397200	-28.038900	-25.627700	51.506700	-68.786263	0.000000
0	0	102	56.281400	5.862070	-9.278500	25.168200	-28.857842	0.000000
0	0	103	46.939500	16.868800	-5.856660	-33.174900	-9.573217	0.000000
0	0	104	36.230900	-4.601710	11.562300	13.542000	55.851095	0.000000
0	0	105	56.009000	-1.938850	7.046670	18.606700	52.691965	0.000000
0	0	106	64.029300	-5.247790	13.791100	-19.999900	55.416412	0.000000
0	0	107	42.852600	-18.671300	7.751360	5.159240	78.727149	0.000000
0	0	108	58.680300	21.390600	-31.762600	-23.359500	-28.020804	0.000000
0	0	109	28.692000	3.598660	11.414500	-14.957200	36.250726	0.000000
0	0	110	34.557300	-8.716150	-30.001000	-7.353810	-53.100047	0.000000
0	0	111	9.823510	-0.103255	-19.824900	-4.586160	-45.149207	0.000000
0	0	112	64.621700	-11.401800	2.656510	3.572390	83.442306	0.000000
0	0	113	51.256900	-9.541560	24.254400	-23.365900	55.737214	0.000000
0	0	114	57.071200	-11.960400	-2.826820	-24.016900	-83.351131	0.000000
0	0	115	70.719000	-13.678900	18.355300	-17.574100	63.347272	0.000000
0	0	116	46.413200	16.906100	-16.156500	-33.437300	-21.850602	0.000000
0	0	117	24.127100	-23.740100	-7.969770	31.949600	-80.721312	0.000000
0	0	118	55.970300	27.032800	19.441000	-33.712400	17.861153	0.000000
0	0	119	57.168600	-23.827500	21.920200	1.034590	68.693688	0.000000
0	0	120	66.704800	-5.341290	-7.671870	21.688400	-62.423155	0.000000
0	0	121	41.944700	-6.117840	-7.713150	-46.322500	-64.210200	0.000000
0	0	122	35.763200	15.720100	9.746560	-23.064500	15.899585	0.000000
0	0	123	66.665600	30.393000	-5.345030	-23.191100	-4.987131	0.000000
0	0	124	47.867400	-6.819630	-7.130370	-5.744620	-66.861966	0.000000
0	0	125	36.669900	-16.291100	13.150000	4.795290	70.544953	0.000000
0	0	126	47.349400	8.037010	11.048300	-6.360490	26.983121	0.000000
0	0	127	44.280100	-28.687200	4.993560	-4.442350	85.062752	0.000000
0	0	128	70.272300	6.163920	38.530700	-0.579047	40.455581	0.000000
0	0	129	32.895700	-12.025200	45.408900	-11.082200	52.416304	0.000000
0	0	130	44.013000	0.739416	15.656300	-9.472050	43.648022	0.000000
0	0	131	56.186100	-17.928300	-1.827910	2.591380	-87.089214	0.000000
0	0	132	56.030400	24.781500	11.105800	-17.718300	12.069740	0.000000
0	0	133	69.656400	4.936930	-6.272340	15.648800	-25.896939	0.000000
0	0	134	12.344100	-12.819400	27.340500	7.188320	57.560459	0.000000
0	0	135	41.478600	20.832100	25.870800	-22.190200	25.578865	0.000000
0	0	136	41.765600	24.956800	0.182968	-19.911000	0.210025	0.000000
0	0	137	19.207200	-20.328900	-37.401700	-8.641770	-59.262676	0.000000
0	0	138	55.522100	6.539350	-13.712500	-34.424300	-32.252003	0.000000
0	0	139	30.025200	35.500900	1.367970	-21.156300	1.103354	0.000000
0	0	140	75.306200	33.268300	23.524500	-2.141490	17.632344	0.000000
0	0	141	57.784800	22.907200	23.085400	-7.430360	22.610997	0.000000
0	0	142	47.276600	-18.491600	-7.701850	19.860300	-78.694006	0.000000
0	0	143	41.033200	-11.919300	-14.522200	-12.091800	-64.688960	0.000000
0	0	144	67.889200	-16.194900	-12.953900	-0.606098	-70.672275	0.000000
0	0	145	67.930200	41.050200	-33.306800	3.796040	-19.527377	0.000000
0	0	146	67.137700	16.339900	11.029000	-22.200400	17.009154	0.000000
0	0	147	54.686900	38.331600	6.788080	-14.268400	5.021151	0.000000
0	0	148	57.141000	24.253700	25.984600	-18.447300	23.486638	0.000000
0	0	149	61.908100	4.774470	-9.403370	-3.896660	-31.540629	0.000000
0	0	150	102.547000	60.026500	7.331420	-11.074700	3.481706	0.000000
0	0	151	64.607000	17.997300	36.827800	33.966400	31.977900	0.000000
0	0	152	12.373600	13.403300	-33.940000	-8.217420	-34.225181	0.000000
0	0	153	90.732700	-28.813100	-18.838000	-14.996500	-73.411674	0.000000
0	0	154	80.132900	-1.897190	25.143300	3.527650	47.157541	0.000000
0	0	155	72.158900	5.830340	-5.959660	-7.026080	-22.814215	0.000000
0	0	156	78.080300	18.148900	26.466400	25.520100	27.780129	0.000000
0	0	157	82.321500	-1.182820	24.165900	3.724910	46.401077	0.000000
0	0	158	56.901300	16.542200	25.691000	-31.983600	28.611443	0.000000
0	0	159	92.036400	28.820900	36.357900	-5.429250	25.798072	0.000000
0	0	160	68.474700	-2.680480	25.497900	2.516790	48.000603	0.000000
0	0	161	42.567800	-0.292794	18.125700	-24.076600	45.462724	0.000000
0	0	162	65.798400	5.198540	-10.933300	2.578610	-32.284978	0.000000
0	0	163	47.998200	43.835200	5.492340	-18.258100	3.570835	0.000000
0	0	164	57.582400	9.260890	18.981300	24.910700	31.996231	0.000000
0	0	165	69.260700	-2.260050	12.894900	-4.152060	49.970543	0.000000
0	0	166	73.748500	16.775600	-54.956700	-28.682400	-36.512563	0.000000
0	0	167	82.866800	35.019200	43.372400	14.451300	25.541167	0.000000
0	0	168	105.042000	-16.179400	6.936060	26.544300	78.397666	0.000000
0	0	169	71.463100	24.429500	-29.765100	-0.967706	-25.311399	0.000000
0	0	170	90.766700	36.477600	-2.012700	-12.465000	-1.579084	0.000000
0	0	171	69.237300	-11.618900	0.994122	23.322400	87.554820	0.000000
0	0	172	115.409000	9.984830	-19.093000	10.752100	-31.196170	0.000000
0	0	173	66.424300	-5.445300	-10.947000	3.820380	-58.223426	0.000000
0	0	174	62.779300	26.230800	7.658730	37.558900	8.138234	0.000000
0	0	175	27.487700	21.828900	7.729600	-30.996400	9.749511	0.000000
0	0	176	37.694900	-23.381800	17.287800	5.549870	71.760946	0.000000
0	0	177	46.555400	32.404100	-26.902100	13.162500	-19.849842	0.000000
0	0	178	70.035300	4.589420	33.349000	5.329260	41.082146	0.000000
0	0	179	58.428700	18.526600	10.643700	8.262170	14.938879	0.000000
0	0	180	82.648700	-17.635400	-8.016610	-7.626930	-77.777324	0.000000
0	0	181	81.052200	3.654020	7.234360	-21.422400	31.601004	0.000000
0	0	182	76.531300	30.966900	32.409700	-30.044000	23.152071	0.000000
0	0	183	101.872000	32.567700	-6.253670	44.287200	-5.434832	0.000000
0	0	184	102.928000	7.832430	-25.288800	28.752700	-36.395618	0.000000
0	0	185	79.004800	-3.927120	2.445740	7.200410	74.043045	0.000000
0	0	186	85.191500	0.180675	15.911100	12.027500	44.674709	0.000000
0	0	187	95.991500	-4.749770	-25.923300	-21.338100	-50.191398	0.000000
0	0	188	88.307800	-6.673140	-22.612200	3.175140	-53.220991	0.000000
0	0	189	84.552200	24.259800	-52.136700	22.240600	-32.523452	0.000000
0	0	190	124.465000	-1.900690	3.464260	-23.423900	59.375838	0.000000
0	0	191	83.361100	27.095500	17.023900	-3.195490	16.070420	0.000000
0	0	192	103.557000	34.230100	31.631600	8.787920	21.370315	0.000000
0	0	193	68.185000	27.499300	25.120400	-6.261180	21.205730	0.000000
0	0	194	56.345400	30.041300	-21.648500	23.231000	-17.888725	0.000000
0	0	195	71.876300	12.555900	-2.772070	33.220500	-6.224973	0.000000
0	0	196	123.246000	26.532700	35.546000	22.968800	26.630567	0.000000
0	0	197	82.083600	7.375500	-0.255898	-12.652400	-0.993560	0.000000
0	0	198	97.799800	16.589100	32.285100	-9.476200	31.402238	0.000000
0	0	199	99.354300	10.656900	-0.256870	7.870210	-0.690385	0.000000
0	0	200	95.403400	35.278100	-16.937200	-1.498100	-12.822953	0.000000
0	0	201	69.093500	35.411300	14.164200	-7.421670	10.900482	0.000000
0	0	202	97.323600	5.856790	27.778500	20.234700	39.047095	0.000000
0	0	203	94.055300	38.448900	28.315400	-9.650200	18.184753	0.000000
0	0	204	139.229000	25.421900	12.017800	32.582100	12.650850	0.000000
0	0	205	112.222000	15.236700	-19.537900	32.926800	-26.025494	0.000000
0	0	206	110.059000	6.070330	-7.707700	50.010800	-25.888600	0.000000
0	0	207	82.777800	4.557850	-19.396400	19.489300	-38.388150	0.000000
0	0	208	129.477000	21.211800	-13.184700	29.883300	-15.932002	0.000000
0	0	209	143.128000	2.159330	-15.358600	10.370900	-40.998501	0.000000
0	0	210	115.791000	-7.884430	49.502300	18.765900	49.524857	0.000000
0	0	211	132.440000	0.383486	12.508300	10.537100	44.121973	0.000000
0	0	212	86.047300	8.662970	4.574130	-7.105170	13.917239	0.000000
0	0	213	144.196000	29.073200	-7.347230	51.888800	-7.091275	0.000000
0	0	214	113.941000	24.693700	18.062400	-11.221100	18.091948	0.000000
0	0	215	147.861000	16.804900	0.338112	28.275300	0.576313	0.000000
0	0	216	115.642000	36.953800	-8.681230	-46.356400	-6.610135	0.000000
0	0	217	111.505000	8.302190	-1.268680	54.629300	-4.344155	0.000000
0	0	218	173.607000	27.970200	11.964400	9.350700	11.579536	0.000000
0	0	219	132.595000	46.632100	5.883800	40.576800	3.595644	0.000000
0	0	220	116.411000	46.765900	3.042990	47.879900	1.861453	0.000000
0	0	221	151.028000	23.181000	-5.369530	-3.314750	-6.520851	0.000000
0	0	222	120.587000	29.577000	-1.925560	26.673800	-1.862444	0.000000
0	0	223	140.440000	0.617867	-8.620220	32.982600	-42.950126	0.000000
0	0	224	149.801000	12.483900	-12.234200	16.265400	-22.210611	0.000000
0	0	225	150.595000	6.946750	-20.909500	14.255400	-35.810999	0.000000
0	0	226	147.164000	58.991000	-2.702870	48.287000	-1.311682	0.000000
0	0	227	141.228000	32.534900	4.214200	27.523900	3.690175	0.000000
0	0	228	163.898000	20.909100	-9.264110	16.902600	-11.948250	0.000000
0	0	229	155.640000	14.706200	-34.566200	18.132800	-33.476329	0.000000
0	0	230	182.678000	-4.610630	-27.579800	36.372900	-49.745306	0.000000
0	0	231	149.197000	-1.421290	-20.627500	83.701000	-46.970801	0.000000
0	0	232	151.644000	27.411400	-29.743900	54.542600	-23.668468	0.000000
0	0	233	200.764000	-7.773270	-68.110400	31.015900	-48.255427	0.000000
0	0	234	181.040000	-15.782100	-32.958400	46.727200	-57.793694	0.000000
0	0	235	172.934000	48.278700	-44.691000	55.032800	-21.395026	0.000000
0	0	236	178.360000	-27.937500	-40.351500	34.788800	-62.348463	0.000000
0	0	237	164.957000	-15.721600	-21.632200	27.316100	-63.004235	0.000000
0	0	238	158.141000	-22.720900	-64.256000	58.876200	-54.736789	0.000000
0	0	239	160.311000	7.218590	-45.824900	42.673800	-40.524008	0.000000
0	0	240	173.316000	-5.218980	-42.775700	47.424900	-48.478083	0.000000
0	0	241	170.154000	-0.538985	-54.556700	29.094100	-45.283013	0.000000
0	0	242	181.740000	-21.703300	-56.464100	18.952900	-55.512717	0.000000
0	0	243	188.220000	5.170720	-41.415900	9.322090	-41.441761	0.000000
0	0	244	168.976000	-7.839580	-59.394200	44.111600	-48.759570	0.000000
0	0	245	179.647000	22.503200	-17.663700	60.238900	-19.064923	0.000000
0	0	246	218.300000	-20.316500	-56.009300	50.745200	-54.968725	0.000000
0	0	247	213.829000	-1.570640	-48.775800	36.482600	-45.922178	0.000000
0	0	248	189.412000	-24.488900	-40.836500	21.764300	-60.475172	0.000000
0	0	249	193.161000	5.330410	-71.032800	12.232100	-42.854240	0.000000
0	0	250	208.554000	21.644400	-51.724200	44.225400	-33.646371	0.000000
0	0	251	204.821000	9.047750	-90.394500	50.462100	-42.142099	0.000000
0	0	252	196.128000	15.850800	-68.724300	12.179900	-38.506117	0.000000
0	0	253	241.724000	-10.484800	-49.783800	57.632100	-50.946533	0.000000
0	0	254	204.525000	-11.616600	-107.290000	82.118700	-48.089754	4.589460
0	0	255	223.156000	1.559400	-79.445800	44.886500	-44.437758	0.000000
0	0	256	184.469000	-8.917300	-55.985500	65.777900	-49.524989	0.000000
0	0	257	198.298000	22.526500	-67.515900	69.701900	-35.774430	0.000000
0	0	258	221.307000	35.651300	-69.890200	123.501000	-31.486835	0.000000
0	0	259	252.051000	15.825600	-102.182000	70.733800	-40.598086	4.800600
0	0	260	205.104000	-15.748100	-55.288600	78.000000	-52.949390	0.000000
0	0	261	270.352000	-16.780800	-75.529200	71.706200	-51.263151	0.000000
0	0	262	233.732000	-31.114500	-46.583300	80.781500	-61.870125	0.000000
0	0	263	211.592000	-75.657300	-55.419200	114.236000	-71.888556	0.000000
0	0	264	267.976000	-41.118500	-69.998800	116.047000	-60.215355	0.000000
0	0	265	233.558000	-76.205700	-53.374500	143.461000	-72.496294	0.000000
0	0	266	256.586000	-8.848770	-32.733700	128.131000	-52.563491	0.000000
0	0	267	296.634000	-53.861800	-41.633900	160.055000	-71.148412	0.000000
0	0	268	286.380000	-51.638700	-46.560000	139.458000	-68.980310	0.000000
0	0	269	291.808000	-100.984000	-62.900400	169.302000	-74.041129	4.685930
0	0	270	284.556000	-110.694000	-69.612700	125.249000	-73.917618	4.260900
0	0	271	272.792000	-43.979200	-70.558000	141.449000	-60.967760	0.000000
0	0	272	235.991000	-89.757800	-59.086100	185.242000	-73.321870	5.170290
0	0	273	276.373000	-84.995200	-48.105900	161.436000	-75.245423	0.000000
0	0	274	312.313000	-110.017000	-15.237400	156.716000	-86.057338	5.210260
0	0	275	361.276000	-60.674900	-50.795700	189.006000	-70.032333	0.000000
0	0	276	331.521000	-50.394900	-45.371300	178.848000	-69.001404	0.000000
0	0	277	293.988000	-40.967500	-54.708500	123.837000	-63.413530	0.000000
0	0	278	317.596000	-85.751600	-11.214900	160.854000	-86.274472	0.000000
0	0	279	327.186000	-45.134600	-40.525300	219.003000	-69.040038	0.000000
0	0	280	286.979000	-93.622800	-27.247300	197.379000	-81.886637	0.000000
0	0	281	306.197000	-87.402100	-44.956400	210.503000	-76.390195	0.000000
0	0	282	292.711000	-33.767900	-31.439200	183.133000	-68.522649	0.000000
0	0	283	317.978000	-46.680300	-46.743100	151.453000	-67.480743	0.000000
0	0	284	281.366000	-12.354200	-38.327000	158.653000	-53.933019	0.000000
0	0	285	294.813000	-46.453500	-47.068500	142.926000	-67.311614	0.000000
0	0	286	278.177000	-53.185800	-63.943900	209.246000	-64.876117	0.000000
0	0	287	290.365000	-50.825900	-55.827900	158.041000	-66.157415	0.000000
0	0	288	272.841000	-38.895200	-36.586900	172.197000	-68.375801	0.000000
0	0	289	263.789000	-25.343000	-63.310600	178.869000	-55.908022	0.000000
0	0	290	296.116000	-6.515190	-84.432100	205.155000	-47.206238	0.000000
0	0	291	280.774000	-34.937500	-52.728600	240.297000	-61.764050	0.000000
0	0	292	288.280000	-33.022200	-57.129400	186.873000	-60.014485	0.000000
0	0	293	283.497000	-2.988500	-36.461700	190.206000	-47.342822	0.000000
0	0	294	298.795000	-36.575800	-28.734500	216.609000	-70.923144	0.000000
0	0	295	317.094000	-9.569110	-67.865900	185.320000	-49.012906	0.000000
0	0	296	311.172000	-37.330100	-27.995200	210.767000	-71.566218	0.000000
0	0	297	311.236000	10.157400	-78.245600	180.981000	-41.301775	0.000000
0	0	298	315.183000	-6.164870	-12.162000	202.500000	-58.440136	0.000000
0	0	299	293.292000	35.914000	-51.586400	234.789000	-27.577351	0.000000
0	0	300	337.392000	43.111400	-45.462900	204.120000	-23.260375	0.000000
0	0	301	283.593000	39.740200	-23.747100	212.500000	-15.430397	0.000000
0	0	302	295.068000	25.306500	-12.327600	204.471000	-12.986092	0.000000
0	0	303	311.081000	85.805800	-16.074300	224.284000	-5.305219	0.000000
0	0	304	261.099000	56.052200	-17.658500	185.689000	-8.743170	0.000000
0	0	305	292.160000	65.458200	12.906500	168.288000	5.577014	0.000000
0	0	306	325.708000	64.479400	-19.024700	200.947000	-8.219369	0.000000
0	0	307	267.563000	69.174700	-0.175308	179.773000	-0.072602	0.000000
0	0	308	279.078000	85.914500	-18.408400	182.575000	-6.046789	0.000000
0	0	309	311.398000	80.077000	8.427000	185.267000	3.003739	0.000000
0	0	310	280.623000	78.774000	18.031000	192.482000	6.446318	0.000000
0	0	311	301.921000	113.015000	66.814100	181.573000	15.295721	4.259260
0	0	312	317.830000	86.596700	56.314500	133.357000	16.518130	5.382760
0	0	313	272.347000	87.332700	52.201300	193.604000	15.433996	5.492570
0	0	314	284.654000	114.243000	82.119300	194.632000	17.854527	3.926230
0	0	315	251.227000	89.527200	88.052900	194.647000	22.262166	4.297310
0	0	316	264.317000	112.736000	49.997500	143.330000	11.958449	4.597210
0	0	317	268.820000	69.489600	87.432900	154.991000	25.761577	4.737920
0	0	318	279.476000	72.263400	55.072100	142.862000	18.655554	0.000000
0	0	319	267.450000	28.434200	120.423000	128.533000	38.357343	4.033720
0	0	320	256.063000	30.512600	86.049600	104.621000	35.237921	0.000000
0	0	321	254.920000	52.110100	92.372500	121.124000	30.285675	4.867860
0	0	322	237.207000	51.986600	52.561800	82.746300	22.657612	0.000000
0	0	323	248.663000	-5.342270	99.404000	58.640800	46.538144	4.967160
0	0	324	263.159000	22.366800	75.046500	109.110000	36.701940	0.000000
0	0	325	257.325000	15.399800	101.834000	77.188300	40.700315	4.818670
0	0	326	247.588000	33.979000	28.370900	48.866700	19.930163	0.000000
0	0	327	247.807000	-34.257100	106.729000	125.049000	53.897607	4.486060
0	0	328	231.229000	-24.589800	80.883700	73.852100	53.455010	0.000000
0	0	329	250.390000	-17.658900	90.030900	65.114500	50.548633	0.000000
0	0	330	253.452000	-7.742850	45.297000	68.992600	49.850057	0.000000
0	0	331	209.657000	-3.782620	55.774800	85.892700	46.939915	0.000000
0	0	332	237.616000	-83.642400	75.350200	94.968100	68.992768	4.826480
0	0	333	206.302000	-41.448400	44.623600	52.176100	66.443657	0.000000
0	0	334	221.192000	-70.324800	56.854200	32.072100	70.523068	0.000000
0	0	335	246.168000	-56.824200	43.333500	52.961200	71.335631	0.000000
0	0	336	227.368000	-72.902900	-13.915000	53.929800	-84.596956	0.000000
0	0	337	230.123000	-79.023800	33.864800	5.200300	78.401484	0.000000
0	0	338	210.664000	-47.285600	24.558200	27.636900	76.277244	0.000000
0	0	339	213.582000	-84.401400	13.333100	28.395800	85.511513	0.000000
0	0	340	194.353000	-33.663200	37.469000	90.232100	65.968706	0.000000
0	0	341	210.616000	-49.335700	-36.664500	29.373400	-71.690805	0.000000
0	0	342	225.591000	-87.109700	6.127240	50.978100	87.988239	0.000000
0	0	343	209.212000	-81.871900	2.691420	-0.541327	89.058581	0.000000
0	0	344	214.134000	-93.599000	10.414600	-10.789400	86.825456	0.000000
0	0	345	185.150000	-70.717900	-11.865100	10.331100	-85.237792	0.000000
0	0	346	200.923000	-90.748800	-34.904500	-5.313810	-79.480938	0.000000
0	0	347	195.464000	-70.950900	-6.106510	-8.527660	-87.540432	0.000000
0	0	348	207.632000	-69.052700	-32.760700	-21.631300	-77.309458	0.000000
0	0	349	212.346000	-58.460700	-2.307500	13.797200	-88.869827	0.000000
0	0	350	151.718000	-27.144100	-24.480900	-23.844600	-68.976562	0.000000
0	0	351	190.580000	-62.779200	-4.875690	-43.335200	-87.779545	0.000000
0	0	352	132.707000	-67.615200	-36.314200	0.807542	-75.880510	0.000000
0	0	353	199.575000	-1.541650	-39.380100	5.844740	-46.120934	0.000000
0	0	354	209.744000	-43.346300	-32.099600	-12.656400	-71.739315	0.000000
0	0	355	192.605000	-36.569600	-48.897000	-21.698300	-63.396232	0.000000
0	0	356	163.766000	-46.378700	-36.115900	-38.095200	-71.045744	0.000000
0	0	357	186.974000	-59.782200	-43.106000	-25.015500	-72.103242	0.000000
0	0	358	197.007000	-15.418100	-47.625500	-0.061079	-53.969323	0.000000
0	0	359	194.911000	-20.988500	-35.681300	-16.590500	-60.232474	0.000000
0	0	360	165.774000	-32.297500	-40.268700	-17.851400	-64.365674	0.000000
0	0	361	170.151000	-7.436250	-48.507900	-46.327500	-49.357789	0.000000
0	0	362	177.794000	-40.547300	-14.174300	-28.646900	-80.365839	0.000000
0	0	363	202.759000	-16.866300	-51.947400	10.328400	-53.993798	0.000000
0	0	364	158.527000	-11.920300	-20.356700	-37.820400	-60.176008	0.000000
0	0	365	158.870000	-30.865200	-35.980700	-52.596900	-65.311935	0.000000
0	0	366	175.332000	-16.825900	-69.861900	-82.737600	-51.770755	0.000000
0	0	367	132.423000	5.526080	-36.985900	-52.395500	-40.751136	0.000000
0	0	368	155.062000	23.114000	-59.143400	-53.037600	-34.326902	0.000000
0	0	369	129.032000	42.729400	-21.528200	-67.474400	-13.370086	0.000000
0	0	370	204.651000	-0.372100	31.388700	-54.359600	45.339593	0.000000
0	0	371	150.595000	17.133600	-42.563000	-54.910500	-34.036453	0.000000
0	0	372	158.664000	34.693600	-71.032900	-55.710700	-31.984190	0.000000
0	0	373	157.966000	-15.472700	-15.755300	-89.819200	-67.240756	0.000000
0	0	374	131.349000	11.691800	-44.550900	-94.110400	-37.647539	0.000000
0	0	375	163.853000	26.762200	-11.961900	-75.432600	-12.041605	0.000000
0	0	376	149.406000	25.006500	-13.366400	-48.756000	-14.062631	0.000000
0	0	377	146.088000	44.399800	-15.652400	-64.940900	-9.709621	0.000000
0	0	378	126.480000	57.866100	1.019710	-58.877000	0.504778	0.000000
0	0	379	147.289000	69.991200	14.456600	-88.476700	5.835131	0.000000
0	0	380	159.219000	18.215400	3.913470	-54.279300	6.062669	0.000000
0	0	381	177.747000	11.635500	-16.913100	-44.743400	-27.736834	0.000000
0	0	382	178.570000	42.877700	-12.621200	-47.075400	-8.200988	0.000000
0	0	383	162.462000	34.203400	32.142100	-90.261300	21.610220	0.000000
0	0	384	171.148000	34.485000	-17.454100	-58.088700	-13.422807	0.000000
0	0	385	173.115000	27.622800	-13.184500	-54.773000	-12.757688	0.000000
0	0	386	172.553000	62.937200	-32.471400	-40.366500	-13.645359	0.000000
0	0	387	151.257000	11.553200	-13.575700	-80.472500	-24.800767	0.000000
0	0	388	160.186000	56.468100	-21.605500	-50.263400	-10.468782	0.000000
0	0	389	152.958000	35.250700	-3.888530	-79.770100	-3.147444	0.000000
0	0	390	164.945000	26.622600	11.388200	-28.929200	11.579757	0.000000
0	0	391	180.235000	26.371500	22.103500	-75.260700	19.984173	0.000000
0	0	392	140.785000	32.502400	-52.008300	-21.237200	-28.998413	0.000000
0	0	393	171.713000	51.900900	18.267300	-15.634800	9.695142	0.000000
0	0	394	151.970000	52.472500	21.256200	-29.547100	11.026243	0.000000
0	0	395	137.262000	46.661000	-16.161000	-68.584600	-9.551743	0.000000
0	0	396	125.970000	36.724700	-19.944200	-38.538600	-14.252599	0.000000
0	0	397	130.041000	51.468600	-7.314810	-53.661900	-4.044404	0.000000
0	0	398	134.960000	41.515800	-11.508800	-31.920600	-7.747084	0.000000
0	0	399	177.736000	52.929200	-9.531270	-52.918000	-5.104091	0.000000
0	0	400	123.404000	73.507200	24.944500	-18.649500	9.372263	0.000000
0	0	401	117.389000	39.448400	-44.136700	-43.525800	-24.105182	0.000000
0	0	402	92.024500	13.708800	5.185060	46.977000	10.359025	0.000000
0	0	403	168.646000	29.223700	-1.691800	-8.833070	-1.656617	0.000000
0	0	404	135.045000	22.012300	-25.841900	-32.969600	-24.787713	0.000000
0	0	405	127.478000	31.751900	-9.903110	-20.035800	-8.661097	0.000000
0	0	406	110.227000	7.055420	4.345630	-29.673000	15.815037	0.000000
0	0	407	101.725000	22.232600	-19.020200	-4.834950	-20.273651	0.000000
0	0	408	130.370000	23.978400	11.660200	-24.048300	12.966348	0.000000
0	0	409	110.599000	20.746700	-13.900600	-38.400600	-16.911339	0.000000
0	0	410	101.350000	51.950400	38.665200	-10.269600	18.329629	0.000000
0	0	411	117.204000	0.060985	12.180000	-43.126400	44.856561	0.000000
0	0	412	89.136400	-2.815880	9.938800	-38.580100	52.909295	0.000000
0	0	413	85.797700	44.242300	9.842140	-21.687400	6.270894	0.000000
0	0	414	119.535000	24.348100	13.916600	-43.605200	14.875456	0.000000
0	0	415	86.069900	56.949000	-26.677200	-18.772400	-12.550140	0.000000
0	0	416	75.475000	20.613600	19.491100	34.919100	21.698377	0.000000
0	0	417	67.514400	26.048800	-8.943050	-11.023400	-9.474162	0.000000
0	0	418	106.737000	19.275800	-29.215900	7.241100	-28.292167	0.000000
0	0	419	72.448500	41.409500	8.384700	36.421100	5.723317	0.000000
0	0	420	104.806000	19.773800	3.841470	-19.373900	5.496974	0.000000
0	0	421	78.607000	26.212300	9.725200	13.271500	10.177846	0.000000
0	0	422	102.778000	17.491500	55.152600	-36.809100	36.201857	0.000000
0	0	423	72.835600	8.995500	15.158800	-17.629500	29.657178	0.000000
0	0	424	133.184000	39.488600	14.085200	11.222800	9.815412	0.000000
0	0	425	102.620000	6.730640	5.926840	4.524320	20.683185	0.000000
0	0	426	76.093900	-37.278700	-4.634170	-7.109230	-86.456915	0.000000
0	0	427	88.647500	56.750300	-5.064700	-10.814500	-2.549935	0.000000
0	0	428	59.396600	-10.745900	-6.476420	-53.591500	-74.461577	0.000000
0	0	429	65.631900	46.808000	0.307079	-32.283700	0.187939	0.000000
0	0	430	82.799000	24.257300	6.481820	-19.757300	7.480268	0.000000
0	0	431	75.668600	-26.121900	4.831870	-16.053100	84.760114	0.000000
0	0	432	63.321200	17.701900	22.156400	-30.859600	25.688412	0.000000
0	0	433	71.090500	52.363800	-6.572990	-12.469300	-3.577329	0.000000
0	0	434	75.546400	-23.183400	23.461900	-34.537000	67.328957	0.000000
0	0	435	95.337300	7.372150	28.834400	16.088100	37.829150	0.000000
0	0	436	34.272100	11.582400	-29.718400	0.439463	-34.353615	0.000000
0	0	437	25.293600	-53.959300	3.909460	6.242050	87.928023	0.000000
0	0	438	53.919000	-4.465870	-20.250700	-27.984600	-51.218167	0.000000
0	0	439	67.259000	-27.830300	58.449500	-4.779030	57.730556	0.000000
0	0	440	53.394600	8.821730	0.108690	19.861300	0.352945	0.000000
0	0	441	59.750500	5.527350	-0.669641	-17.128700	-3.453873	0.000000
0	0	442	31.912600	12.201200	-18.722500	-41.020800	-28.454128	0.000000
0	0	443	48.046100	31.261900	1.234500	29.410000	1.130688	0.000000
0	0	444	89.329800	2.315880	-10.258200	1.364020	-38.639118	0.000000
0	0	445	71.509000	55.454400	26.358000	-28.455600	12.711091	0.000000
0	0	446	66.548800	28.664300	11.746800	-27.911100	11.142055	0.000000
0	0	447	57.027600	-23.214400	26.891100	10.710300	65.401603	0.000000
0	0	448	15.221200	59.960900	41.151600	-14.869500	17.231046	0.000000
0	0	449	63.923500	4.833390	3.131720	-16.842100	16.470297	0.000000
0	0	450	59.776100	2.070680	-43.561600	-22.216100	-43.639260	0.000000
0	0	451	65.005600	25.957700	29.484200	-12.965600	24.319758	0.000000
0	0	452	48.300100	0.106896	-9.052260	19.070700	-44.661720	0.000000
0	0	453	30.206900	13.838000	0.880016	7.952520	1.819388	0.000000
0	0	454	61.977100	-2.765330	5.108000	-54.740800	59.214945	0.000000
0	0	455	42.606500	0.539308	9.219340	-29.481600	43.326079	0.000000
0	0	456	55.046700	16.735800	-15.568300	-33.505200	-21.465089	0.000000
0	0	457	41.535300	0.164196	44.790600	-39.698400	44.894981	0.000000
0	0	458	47.713700	25.914600	11.011700	-45.112500	11.510869	0.000000
0	0	459	5.614270	11.288700	2.849780	-25.163000	7.084017	0.000000
0	0	460	52.420300	-2.663540	-6.910420	-32.406100	-55.539285	0.000000
0	0	461	54.553800	-11.493300	-43.896300	-15.557100	-52.336151	0.000000
0	0	462	65.929500	52.624900	-20.139400	-1.521150	-10.470853	0.000000
0	0	463	36.078700	0.427987	37.018300	14.578000	44.668802	0.000000
0	0	464	38.161200	16.233400	-0.561678	5.699900	-0.990826	0.000000
0	0	465	5.697190	20.516400	25.850600	-3.171040	25.781315	0.000000
0	0	466	13.475400	-7.699180	28.006400	14.491400	52.685672	0.000000
0	0	467	-12.897600	-6.064040	-10.747900	16.077300	-59.715997	0.000000
0	0	468	27.444600	-39.293200	8.682720	-1.797160	83.769720	0.000000
0	0	469	7.220190	0.736321	13.605900	-13.959800	43.451151	0.000000
0	0	470	47.702800	-27.489300	12.934500	35.259100	77.400838	0.000000
0	0	471	21.908000	-17.468600	23.797600	8.726210	63.140243	0.000000
0	0	472	-20.534000	3.524560	-22.019100	22.118500	-40.452954	0.000000
0	0	473	35.085600	-3.763700	-30.484900	9.308760	-48.519093	0.000000
0	0	474	30.634700	-24.245000	-12.983700	2.350730	-75.915014	0.000000
0	0	475	42.421700	-16.358600	22.984600	11.429100	62.720110	0.000000
0	0	476	-21.316000	-5.234720	-8.318730	16.586700	-61.090470	0.000000
0	0	477	44.922100	14.214600	13.079900	-3.313450	21.309722	0.000000
0	0	478	68.649000	-4.008970	-38.949100	13.952100	-47.938335	0.000000
0	0	479	62.598700	-30.890200	-9.535460	8.457030	-81.422563	0.000000
0	0	480	-5.362870	-19.962400	10.101300	2.664920	76.579923	0.000000
0	0	481	45.436000	7.214510	1.357880	12.490300	5.329616	0.000000
0	0	482	50.801900	-21.802700	11.881500	29.967600	75.705792	0.000000
0	0	483	23.156700	32.219100	-39.698100	-31.672700	-25.468555	0.000000
0	0	484	4.535060	-9.545680	-35.729400	15.896900	-52.479061	0.000000
0	0	485	2.638140	-3.271430	12.033700	4.596460	52.604314	0.000000
0	0	486	2.058960	11.787800	-41.833200	-14.465500	-37.131587	0.000000
0	0	487	24.679400	-4.122800	8.844520	12.695200	57.496096	0.000000
0	0	488	-5.770790	7.084990	-7.447450	-7.690140	-23.214372	0.000000
0	0	489	21.308400	15.265600	11.261800	-0.417993	18.208544	0.000000
0	0	490	31.186600	38.087000	23.852600	4.886590	16.028761	0.000000
0	0	491	7.746900	18.415400	-3.922100	-26.160700	-6.011588	0.000000
0	0	492	77.056200	-46.078000	10.775600	-3.862740	83.418800	0.000000
0	0	493	-15.745900	3.091190	-42.988200	8.980140	-42.943531	0.000000
0	0	494	12.205900	-34.244700	16.355700	-1.562410	77.235136	0.000000
0	0	495	23.793800	17.435000	19.244100	-33.628300	23.911838	0.000000
0	0	496	-9.166370	-23.771900	16.176900	-22.545100	72.882256	0.000000
0	0	497	18.218700	-8.285110	3.241900	3.200170	79.314987	0.000000
0	0	498	20.016700	-39.854100	-17.991900	-2.974360	-77.851741	0.000000
0	0	499	42.790200	-1.741240	7.837980	7.715500	51.262546	0.000000
0	0	500	40.914700	-2.215170	-1.930730	1.717510	-69.462386	0.000000
0	0	501	-6.245570	16.748000	-0.497278	-5.126330	-0.850357	0.000000
0	0	502	47.633900	-34.881300	-15.505300	10.590500	-78.017041	0.000000
0	0	503	45.445900	-11.230100	-5.268120	5.558040	-77.434196	0.000000
0	0	504	31.224000	13.827900	-16.369600	-6.263870	-24.905600	0.000000
0	0	505	11.166600	27.427200	7.322880	-13.581200	7.474445	0.000000
0	0	506	7.429770	-5.971150	-62.618800	-14.223600	-47.723546	0.000000
0	0	507	9.263510	25.989200	9.859020	-7.263100	10.387137	0.000000
0	0	508	7.597410	29.878300	9.996420	10.251300	9.249380	0.000000
0	0	509	19.744700	44.819400	-35.172500	25.725200	-19.061713	0.000000
0	0	510	-1.873060	14.385200	20.218300	-10.211200	27.284188	0.000000
0	0	511	37.387600	-13.631900	-17.119600	12.913100	-64.264707	0.000000
0	0	512	20.623100	37.547900	-10.996800	25.697100	-8.161965	0.000000
0	0	513	23.142100	9.352510	-25.038100	-21.739300	-34.758887	0.000000
0	0	514	-24.607500	3.149800	-20.363300	10.536400	-40.603580	0.000000
0	0	515	25.431000	30.692800	19.017200	22.894200	15.891138	0.000000
0	0	516	24.693400	14.161500	-55.929700	-4.760180	-37.895615	0.000000
0	0	517	-27.240500	-14.508000	17.675900	28.151500	64.689208	0.000000
0	0	518	-6.786930	-20.769900	12.268400	-13.130500	74.715215	0.000000
0	0	519	33.397800	22.722500	-14.061600	4.365570	-15.875447	0.000000
0	0	520	20.359600	14.881700	-33.394000	26.456100	-32.990169	0.000000
0	0	521	17.535600	44.211600	-5.199680	11.618500	-3.353842	0.000000
0	0	522	39.047000	-14.958800	-39.166300	-9.252030	-55.451688	0.000000
0	0	523	6.404040	23.278200	26.496500	7.856420	24.349722	0.000000
0	0	524	0.917009	4.540440	-17.048200	20.940000	-37.543308	0.000000
0	0	525	-6.035060	-13.018800	6.092140	30.204000	77.461392	0.000000
0	0	526	33.637700	41.965700	15.307200	-25.121900	10.019848	0.000000
0	0	527	12.395200	18.790900	32.074900	4.097750	29.818167	0.000000
0	0	528	8.582810	-7.384280	-14.546700	-14.573200	-58.456762	0.000000
0	0	529	-14.240400	-14.489700	-2.791980	8.432810	-84.546752	0.000000
0	0	530	8.778760	6.371410	-1.890460	-19.506600	-8.263070	0.000000
0	0	531	43.629900	32.561900	35.720000	10.166700	23.824047	0.000000
0	0	532	49.783100	0.100225	26.206300	30.727000	44.890438	0.000000
0	0	533	8.718190	59.412400	23.934000	21.212100	10.970902	0.000000
0	0	534	43.027100	-2.865540	-0.053305	15.140200	-89.467154	0.000000
0	0	535	13.352600	17.397500	-13.522700	41.732200	-18.928575	0.000000
0	0	536	53.511600	54.709400	-14.636800	15.785500	-7.488987	0.000000
0	0	537	34.663900	2.037090	32.133300	28.134400	43.186295	0.000000
0	0	538	-16.062400	14.701600	-34.455900	18.941300	-33.446544	0.000000
0	0	539	2.459970	-10.621400	-24.992900	-3.334220	-56.512180	0.000000
0	0	540	-6.494100	-3.576730	-7.091620	-25.683800	-58.382277	0.000000
0	0	541	20.571100	-1.565230	-4.684140	22.738300	-54.238661	0.000000
0	0	542	17.642300	27.083900	-11.791900	2.762430	-11.763772	0.000000
0	0	543	10.212600	-58.627900	-42.499700	-7.278780	-72.030715	0.000000
0	0	544	2.648240	-0.290347	21.725500	10.410000	45.382837	0.000000
0	0	545	30.614200	38.753900	1.481560	-18.007200	1.094675	0.000000
0	0	546	-15.675500	6.238920	-0.231116	-27.190400	-1.060754	0.000000
0	0	547	26.460700	11.870100	-8.348540	36.111700	-17.559842	0.000000
0	0	548	-11.170400	-15.040100	-10.254800	14.742000	-72.856319	0.000000
0	0	549	-5.256870	6.043150	-4.778180	49.436900	-19.166306	0.000000
0	0	550	39.930400	10.259800	22.599400	-4.189000	32.791320	0.000000
0	0	551	-24.676700	-4.993710	42.461600	39.874900	48.353739	0.000000
0	0	552	14.300000	-22.329800	8.498580	-3.111040	79.581747	0.000000
0	0	553	14.773700	-46.697900	12.616900	14.594600	82.440371	0.000000
0	0	554	-56.462500	-24.929700	-18.449400	9.592390	-71.748224	0.000000
0	0	555	12.707300	-12.876700	-26.322000	14.762100	-58.033920	0.000000
0	0	556	1.255230	11.862400	23.774300	-9.551100	31.741343	0.000000
0	0	557	-8.197470	-22.967500	-12.151200	-13.043300	-76.059223	0.000000
0	0	558	-7.678590	1.280840	-1.344090	16.144100	-23.190163	0.000000
0	0	559	-7.909770	-17.598500	28.185000	3.866510	60.990171	0.000000
0	0	560	8.805800	19.714800	26.941400	-24.095000	26.902302	0.000000
0	0	561	-12.558100	-6.064570	2.704380	36.532200	77.983212	0.000000
0	0	562	2.461250	-36.907700	-1.197680	11.301300	-89.070683	0.000000
0	0	563	-23.612300	-0.910611	37.715500	36.345500	45.691546	0.000000
0	0	564	-39.128000	5.320190	-12.204000	-46.084600	-33.222886	0.000000
0	0	565	-34.758500	-10.985800	-30.288800	0.715621	-54.967898	0.000000
0	0	566	27.431900	-0.467114	13.866600	15.222700	45.964676	0.000000
0	0	567	-32.009300	-1.631910	-13.315800	20.875800	-48.493504	0.000000
0	0	568	-4.164740	8.054070	-23.077100	0.077907	-35.380327	0.000000
0	0	569	42.615000	0.614213	13.868400	50.151900	43.732052	0.000000
0	0	570	-5.789140	-4.733570	-2.111960	7.603520	-77.977588	0.000000
0	0	571	-2.181690	-20.775700	-22.536300	5.380220	-66.336126	0.000000
0	0	572	-7.677320	20.863100	11.830000	-11.000700	14.777265	0.000000
0	0	573	-19.475100	8.519810	21.015500	5.595410	33.966035	0.000000
0	0	574	-27.163800	-15.890900	-13.507000	12.352500	-69.818009	0.000000
0	0	575	41.963300	-9.074950	21.092200	-9.208780	56.639932	0.000000
0	0	576	-17.946200	-30.996700	-15.212500	12.048000	-76.929605	0.000000
0	0	577	6.431310	-37.943400	-19.417800	33.357500	-76.449293	0.000000
0	0	578	-13.905800	8.654860	-30.840900	-22.618000	-37.162162	0.000000
0	0	579	-15.885000	-6.170010	-7.525830	-19.645600	-64.673212	0.000000
0	0	580	-17.195400	16.098400	25.292900	-2.684760	28.762051	0.000000
0	0	581	36.423900	-2.351920	-0.786680	-31.062500	-80.752864	0.000000
0	0	582	-14.891000	-11.658600	43.274600	-3.136160	52.539025	0.000000
0	0	583	6.709540	40.220200	-11.533600	-6.392300	-8.000423	0.000000
0	0	584	7.107840	2.093170	-29.314200	37.340900	-42.957874	0.000000
0	0	585	42.786200	-9.145000	-9.889500	-19.464500	-66.380061	0.000000
0	0	586	-3.968850	1.959150	38.734800	5.028940	43.552265	0.000000
0	0	587	18.315100	0.716348	-14.030400	1.821140	-43.538598	0.000000
0	0	588	42.189200	-29.616300	2.059220	3.283380	88.011314	0.000000
0	0	589	12.341500	21.260100	-10.038600	-5.595700	-12.637879	0.000000
0	0	590	29.661500	-16.132800	17.863700	13.467100	66.042678	0.000000
0	0	591	-6.513730	2.282580	-1.730330	-31.756800	-18.582135	0.000000
0	0	592	-3.499560	37.647300	7.204060	17.407100	5.416484	0.000000
0	0	593	14.706800	24.487200	65.681100	4.005830	34.776780	0.000000
0	0	594	11.250900	-0.550541	-19.380500	16.070300	-45.813581	0.000000
0	0	595	-0.268939	-12.181300	-14.858100	16.597400	-64.673176	0.000000
0	0	596	-18.780600	18.410300	29.213600	28.367700	28.890513	0.000000
0	0	597	-2.344650	9.045280	-11.101300	29.511200	-25.413518	0.000000
0	0	598	10.609100	17.600100	-18.228200	1.919960	-23.002170	0.000000
0	0	599	13.244600	16.679100	-44.484600	-30.686800	-34.723459	0.000000
0	0	600	20.196300	17.076500	-15.509500	13.498000	-21.123437	0.000000
0	0	601	-17.511900	-15.074800	24.329200	-4.419370	60.891541	0.000000
0	0	602	-3.602390	-7.460930	5.176130	-17.752000	72.624226	0.000000
0	0	603	25.050500	29.793500	-13.745400	-11.648700	-12.383253	0.000000
0	0	604	35.644300	-10.678500	22.840500	7.696590	57.528627	0.000000
0	0	605	25.720500	0.990156	52.547500	-51.456700	44.460250	0.000000
0	0	606	-5.113410	21.366400	-2.016260	-32.458100	-2.695403	0.000000
0	0	607	52.351500	7.987650	-8.438330	14.295900	-23.285816	0.000000
0	0	608	3.185160	-15.756400	-2.148640	39.554200	-86.117346	0.000000
0	0	609	45.221900	-9.955260	10.458100	-6.187250	66.794462	0.000000
0	0	610	-0.001103	-16.165500	7.059140	19.336400	78.205050	0.000000
0	0	611	-31.978300	-11.488300	4.404190	-8.091030	79.512510	0.000000
0	0	612	6.740130	-25.104800	14.837800	49.125500	74.707726	0.000000
0	0	613	33.893900	41.709200	-19.940400	-1.585180	-12.775802	0.000000
0	0	614	35.232900	8.296710	-36.398400	24.682700	-38.579649	0.000000
0	0	615	-37.107100	-17.469600	46.175800	-0.241064	55.361518	0.000000
0	0	616	-19.392400	3.019710	1.095970	-2.657810	9.973900	0.000000
0	0	617	-4.697410	37.415600	-21.514400	14.253000	-14.949698	0.000000
0	0	618	-9.301130	33.311500	-34.413200	33.143600	-22.965984	0.000000
0	0	619	-10.319400	-18.556900	-17.074300	-19.160100	-68.691340	0.000000
0	0	620	12.136400	-11.181900	-14.011800	4.565600	-64.295538	0.000000
0	0	621	-23.055900	4.268330	-1.964270	22.351600	-12.355858	0.000000
0	0	622	-13.972700	-4.963550	12.934900	-1.891890	55.496732	0.000000
0	0	623	-20.047800	49.943800	24.745100	-22.315800	13.178262	0.000000
0	0	624	29.591100	12.548900	2.662230	-13.978200	5.988814	0.000000
0	0	625	27.142500	-22.127000	1.339930	-15.539800	88.267305	0.000000
0	0	626	1.387120	-10.790700	-1.485640	42.086400	-86.080462	0.000000
0	0	627	-0.566341	-16.342600	-2.524870	7.486860	-85.608728	0.000000
0	0	628	36.092600	21.110200	2.814770	27.521400	3.797424	0.000000
0	0	629	-3.808290	1.393520	-9.038000	14.654800	-40.617449	0.000000
0	0	630	6.793220	34.154000	16.563400	-7.186960	12.935817	0.000000
0	0	631	-15.676000	4.440680	-14.179600	1.006760	-36.305404	0.000000
0	0	632	-6.002740	3.067850	-13.607300	-29.734300	-38.647370	0.000000
0	0	633	-12.630100	-8.015450	-6.092120	30.176300	-71.381727	0.000000
0	0	634	-32.564000	17.524200	-20.176800	-7.413940	-24.512317	0.000000
0	0	635	0.177615	-2.957250	31.814400	0.724608	47.655283	0.000000
0	0	636	-1.303540	16.589400	-33.378700	13.975400	-31.786184	0.000000
0	0	637	19.966400	42.131500	4.088530	0.758178	2.771374	0.000000
0	0	638	3.261830	0.875661	27.547200	-22.587300	44.089657	0.000000
0	0	639	-11.979300	-24.772500	-7.509350	14.897800	-81.568119	0.000000
0	0	640	-3.281720	1.196910	21.828300	-6.305050	43.430723	0.000000
0	0	641	-5.131080	-30.795000	-1.889430	-6.083320	-88.244507	0.000000
0	0	642	-33.158900	1.663910	8.318310	29.436200	39.344213	0.000000
0	0	643	13.942400	10.340200	-27.419800	0.984621	-34.669093	0.000000
0	0	644	1.128590	-9.919580	-5.685640	-13.703000	-75.089905	0.000000
0	0	645	-18.884700	61.795900	2.367650	23.666500	1.097080	0.000000
0	0	646	8.736520	-57.765900	-8.440890	-28.440500	-85.843320	0.000000
0	0	647	31.346400	18.537100	-18.147300	-20.755100	-22.195606	0.000000
0	0	648	16.592500	13.551900	-37.697200	15.425700	-35.113408	0.000000
0	0	649	1.045920	-18.482600	23.214900	-9.021770	64.262568	0.000000
0	0	650	16.830500	29.762600	57.431400	10.880300	31.302756	0.000000
0	0	651	-0.149085	8.149460	-12.206100	41.215100	-28.135379	0.000000
0	0	652	-0.929289	-13.749800	-22.483700	12.682200	-60.723836	0.000000
0	0	653	15.572800	-3.434280	-30.459500	18.030800	-48.216439	0.000000
0	0	654	-12.321200	-16.406500	18.929500	-28.200200	65.457998	0.000000
0	0	655	16.569100	26.075900	7.105650	11.318400	7.621465	0.000000
0	0	656	23.606900	8.787950	14.191700	11.236700	29.116449	0.000000
0	0	657	-30.937000	-26.779700	36.319000	-6.883100	63.201545	0.000000
0	0	658	9.895150	-20.353800	-7.230760	-12.870400	-80.221118	0.000000
0	0	659	-8.429950	40.773200	20.938100	-19.545700	13.590840	0.000000
0	0	660	-19.977500	35.379000	-7.059070	23.131800	-5.641939	0.000000
0	0	661	-20.399100	8.329080	22.816300	1.789980	34.972706	0.000000
0	0	662	10.280200	8.558550	2.194800	-8.093240	7.191640	0.000000
0	0	663	-6.922800	-45.230500	16.992800	-30.794100	79.704566	0.000000
0	0	664	-8.753180	0.123056	-23.780800	1.551370	-44.851760	0.000000
0	0	665	26.231500	-14.035100	-21.983500	23.699700	-61.277852	0.000000
0	0	666	0.189089	-15.633900	-10.783500	4.395510	-72.701993	0.000000
0	0	667	-43.582000	26.890000	-39.248800	2.322910	-27.792157	0.000000
0	0	668	-21.656800	4.275300	-4.344250	4.306040	-22.729157	0.000000
0	0	669	0.278456	21.712600	37.965900	10.119900	30.117436	0.000000
0	0	670	1.061390	-16.872600	-18.017500	-9.415110	-66.560272	0.000000
0	0	671	20.210200	37.232300	-22.990900	15.566300	-15.847640	0.000000
0	0	672	16.864300	-40.222200	20.611100	-12.725700	76.433997	0.000000
0	0	673	-1.272970	18.104800	2.850120	7.142120	4.473139	0.000000
0	0	674	-25.713300	-4.498980	12.007700	12.267200	55.269849	0.000000
0	0	675	-10.600200	-2.410280	11.043900	-36.860200	51.155746	0.000000
0	0	676	-11.279000	-15.742800	-20.174200	-39.391400	-63.983227	0.000000
0	0	677	-36.484600	1.253760	37.717000	-4.474270	44.048059	0.000000
0	0	678	-14.157500	13.313800	-18.326600	-61.353200	-27.001283	0.000000
0	0	679	6.999260	-1.084740	9.580860	23.593400	48.229746	0.000000
0	0	680	8.418970	3.187970	-17.767700	-23.352200	-39.913970	0.000000
0	0	681	-15.724700	3.995160	-23.944100	-8.259100	-40.263628	0.000000
0	0	682	38.890000	-19.924600	-27.925300	17.406500	-62.753860	0.000000
0	0	683	7.441500	16.014500	21.345700	15.489500	26.560564	0.000000
0	0	684	16.155900	-1.571690	5.616020	-0.603978	52.817360	0.000000
0	0	685	39.596900	-13.721300	12.166200	-9.043540	69.218855	0.000000
0	0	686	25.327100	3.319540	-24.410200	11.468100	-41.127930	0.000000
0	0	687	12.580400	-30.093300	-14.370200	49.327400	-77.237259	0.000000
0	0	688	35.555900	-12.107700	-32.905000	-16.406800	-55.100780	0.000000
0	0	689	2.956780	-12.509200	13.053900	47.890300	66.889661	0.000000
0	0	690	4.167080	-28.026400	26.957100	14.192200	68.057064	0.000000
0	0	691	-13.587200	27.116200	10.409600	-13.763200	10.500613	0.000000
0	0	692	20.746300	40.115300	20.026100	-10.066100	13.264495	0.000000
0	0	693	-10.926300	30.118000	-19.335700	47.760100	-16.350194	0.000000
0	0	694	1.309380	13.598200	18.309900	40.601200	26.699931	0.000000
0	0	695	-35.907200	-3.012710	3.544530	28.247500	65.181609	0.000000
0	0	696	-30.938300	16.199500	10.150400	10.141800	16.035367	0.000000
0	0	697	30.923800	-22.472700	-3.111470	16.298600	-86.058599	0.000000
0	0	698	9.193800	15.493000	-45.494500	-12.566600	-35.596948	0.000000
0	0	699	20.217800	5.108840	-27.519200	-7.047580	-39.741488	0.000000
0	0	700	-14.644400	1.795060	-26.034100	-8.084080	-43.027840	0.000000
0	0	701	3.531880	-5.291990	16.460600	12.187200	53.911153	0.000000
0	0	702	-1.609620	-17.325600	10.431000	-6.631400	74.474830	0.000000
0	0	703	40.377800	-26.614700	3.621680	18.469000	86.125446	0.000000
0	0	704	-6.872220	-24.283500	-9.875670	15.409200	-78.934647	0.000000
0	0	705	7.249110	4.432480	14.536100	-8.792980	36.521005	0.000000
0	0	706	-4.430230	-0.917444	2.869430	15.278500	53.865329	0.000000
0	0	707	20.967300	6.612970	0.007962	11.245200	0.034493	0.000000
0	0	708	-5.727580	32.955000	8.888320	-30.013500	7.547065	0.000000
0	0	709	28.658800	19.443400	-1.537630	1.285150	-2.260838	0.000000
0	0	710	3.731130	19.038000	-2.162890	5.727270	-3.240766	0.000000
0	0	711	-3.597550	33.850300	15.483000	-15.657200	12.289589	0.000000
0	0	712	-11.851200	-5.539970	8.152980	1.550240	62.098102	0.000000
0	0	713	-0.584181	50.999800	-27.144100	-7.751740	-14.011832	0.000000
0	0	714	29.461000	29.356200	-10.908300	7.601070	-10.192135	0.000000
0	0	715	9.700460	23.353000	-0.428828	19.060900	-0.525998	0.000000
0	0	716	38.737000	29.080400	-17.777000	-8.532790	-15.718831	0.000000
0	0	717	-26.805100	-5.781880	-27.202500	-6.665830	-50.999809	0.000000
0	0	718	35.827200	-2.505620	-32.256100	28.874000	-47.220878	0.000000
0	0	719	-5.588600	-23.970700	8.246350	47.859500	80.507933	0.000000
0	0	720	13.125000	-8.054140	5.791820	-12.713500	72.139838	0.000000
0	0	721	17.697800	-13.791000	6.982390	22.558300	76.573442	0.000000
0	0	722	24.367700	-28.587500	-31.588200	15.748000	-66.072637	0.000000
0	0	723	-4.385060	-4.494220	4.038750	-79.807000	69.027708	0.000000
0	0	724	47.733800	8.471600	-11.408200	-24.886700	-26.701420	0.000000
0	0	725	7.388320	-20.383800	1.556230	-41.764300	87.817071	0.000000
0	0	726	8.518480	26.927800	0.355343	-11.989400	0.378020	0.000000
0	0	727	23.204800	7.416520	6.585430	10.936100	20.801588	0.000000
0	0	728	-9.805110	-11.287400	-0.106625	-3.453810	-89.729389	0.000000
0	0	729	-21.760200	-6.485470	2.751030	-33.295300	78.507070	0.000000
0	0	730	7.636860	2.352690	15.698300	-38.838000	40.738285	0.000000
0	0	731	-21.778000	5.925730	-4.571970	-2.215120	-18.825909	0.000000
0	0	732	17.237400	31.448500	-25.385800	-17.627900	-19.455549	0.000000
0	0	733	28.046900	0.779173	-22.902600	-21.625400	-44.025741	0.000000
0	0	734	9.021010	4.566100	20.653800	7.137560	38.766842	0.000000
0	0	735	8.322270	-29.565900	7.619030	-0.590317	82.774737	0.000000
0	0	736	-7.719610	13.289300	-24.980500	7.513840	-30.993803	0.000000
0	0	737	21.101800	-0.869478	11.531600	-4.188030	47.155960	0.000000
0	0	738	31.133100	-10.153200	-5.495180	26.757500	-75.788289	0.000000
0	0	739	28.245100	5.061320	11.161200	0.511065	32.803459	0.000000
0	0	740	27.629500	16.215700	-23.487200	-8.995400	-27.689287	0.000000
0	0	741	15.519800	10.729200	-4.699280	-0.429679	-11.826464	0.000000
0	0	742	35.279500	33.249100	14.408400	41.478100	11.714678	0.000000
0	0	743	1.161940	-4.080750	19.611200	13.419200	50.877261	0.000000
0	0	744	50.458100	6.523990	-9.252390	22.020800	-27.405900	0.000000
0	0	745	-14.141600	23.780700	-7.184510	4.881310	-8.405181	0.000000
0	0	746	41.136500	19.703000	-22.610200	3.380920	-24.465213	0.000000
0	0	747	16.327300	3.963390	0.489411	-8.799010	3.519708	0.000000
0	0	748	29.639600	-12.427600	-18.935400	44.423900	-61.638759	0.000000
0	0	749	-12.403200	-25.205200	-20.938000	4.263760	-70.141767	0.000000
0	0	750	7.530710	-7.028800	12.504200	9.343340	59.670500	0.000000
0	0	751	13.685600	4.569930	0.707218	16.765800	4.398503	0.000000
0	0	752	0.562063	-17.866000	-22.793100	16.509500	-64.045272	0.000000
0	0	753	9.141300	8.174800	-15.257700	5.191680	-30.909199	0.000000
0	0	754	19.808300	27.893700	8.656630	-22.790300	8.620696	0.000000
0	0	755	-37.047100	-11.408700	34.413800	-24.283300	54.170573	0.000000
0	0	756	-33.873400	9.598060	45.803800	12.914800	39.082534	0.000000
0	0	757	-8.935030	8.793790	6.992090	7.117220	19.244400	0.000000
0	0	758	-3.822410	17.496000	-29.835700	3.866120	-29.806073	0.000000
0	0	759	32.661000	5.461110	-24.086200	17.947300	-38.612601	0.000000
0	0	760	7.257010	10.370600	-28.384200	5.386440	-34.964727	0.000000
0	0	761	22.139200	6.516880	-22.764900	47.712800	-37.012618	0.000000
0	0	762	-10.800100	-10.883000	22.252000	6.323670	58.031158	0.000000
0	0	763	9.960070	-3.280530	-21.774800	10.719000	-49.283794	0.000000
0	0	764	0.371830	-7.864320	39.553300	4.402490	50.622686	0.000000
0	0	765	-18.493200	18.667900	-30.953600	-6.305330	-29.453057	0.000000
0	0	766	-10.121100	-26.712800	2.398310	20.017600	87.434833	0.000000
0	0	767	-9.576170	1.786690	18.545000	-17.098100	42.248455	0.000000
0	0	768	-13.082400	-2.779670	10.762700	28.691600	52.240635	0.000000
0	0	769	3.850020	-13.008100	11.379000	-9.224420	69.410889	0.000000
0	0	770	12.414800	12.946900	18.866000	-8.922520	27.769958	0.000000
0	0	771	6.765430	-17.384300	-9.874890	-19.462800	-75.200955	0.000000
0	0	772	26.449600	-15.802200	-32.659500	-24.560100	-57.909939	0.000000
0	0	773	5.656490	13.734100	0.083056	15.891100	0.173243	0.000000
0	0	774	-9.311530	23.687000	-2.519850	-0.087674	-3.036176	0.000000
0	0	775	5.531820	-6.116500	-45.521900	-22.032300	-48.826326	0.000000
0	0	776	-6.981530	-13.154200	13.222000	11.319500	67.426361	0.000000
0	0	777	-14.278900	10.932400	0.020681	-1.629790	0.054193	0.000000
0	0	778	-14.352200	1.393850	1.132650	-16.822900	19.548748	0.000000
0	0	779	15.913100	0.297994	11.455900	-48.018100	44.254971	0.000000
0	0	780	-15.806900	8.899470	9.298230	-10.983200	23.127651	0.000000
0	0	781	-8.134660	-22.977500	-19.101000	9.513630	-70.131771	0.000000
0	0	782	-3.115930	17.571300	55.021600	-12.536800	36.144487	0.000000
0	0	783	-6.827900	-15.131400	28.443300	-24.581300	59.006147	0.000000
0	0	784	4.845130	25.869800	11.221900	-21.299300	11.725209	0.000000
0	0	785	-14.441300	-37.333500	-13.758600	16.807900	-79.884765	0.000000
0	0	786	-20.910800	-2.209130	-13.624900	-15.449300	-49.604872	0.000000
0	0	787	29.759300	-21.841900	-2.666010	15.751800	-86.520467	0.000000
0	0	788	-10.571800	-7.374110	-3.671670	-5.773790	-76.765330	0.000000
0	0	789	-34.831600	20.742900	-1.764040	2.986730	-2.430457	0.000000
0	0	790	41.600400	10.316000	-6.988180	-26.031100	-17.057088	0.000000
0	0	791	15.441800	37.742800	-8.725180	3.863670	-6.508336	0.000000
0	0	792	8.819520	-26.566000	18.517800	-7.417280	72.560810	0.000000
0	0	793	-7.059330	-10.106800	10.269300	-15.147000	67.271537	0.000000
0	0	794	21.411400	20.207500	-22.892800	-24.187200	-24.282560	0.000000
0	0	795	-26.091100	14.579300	-8.401440	-5.848210	-14.976523	0.000000
0	0	796	20.428700	5.760070	24.857100	6.084110	38.476637	0.000000
0	0	797	11.870500	8.127630	-31.542900	-9.709170	-37.775475	0.000000
0	0	798	13.743900	4.727930	-29.526900	2.336050	-40.451431	0.000000
0	0	799	4.082200	-3.813140	3.223800	-1.221570	69.893660	0.000000
0	0	800	-23.700100	-31.607800	-10.786700	-10.163400	-80.578459	0.000000
0	0	801	-6.304960	-15.481100	12.757800	-19.471500	70.254225	0.000000
0	0	802	5.707320	-2.418730	26.734900	-19.011900	47.584763	0.000000
0	0	803	3.243410	11.489300	21.720500	-19.607800	31.061450	0.000000
0	0	804	8.495520	-2.501560	-25.673500	-16.248400	-47.782593	0.000000
0	0	805	1.997030	11.578900	5.775010	-17.987900	13.253930	0.000000
0	0	806	4.281220	33.625500	7.465590	14.547900	6.258929	0.000000
0	0	807	-22.447200	-15.409200	-26.934800	-1.144810	-59.886777	0.000000
0	0	808	-7.236530	8.870560	9.624320	38.536000	23.666901	0.000000
0	0	809	-13.355300	-34.699800	9.363740	4.271640	82.449219	0.000000
0	0	810	-6.080090	-5.070020	-8.888270	32.183100	-59.850584	0.000000
0	0	811	-30.468400	8.146720	-5.953700	2.335310	-18.079844	0.000000
0	0	812	-15.929000	9.818420	12.919300	18.194300	26.382932	0.000000
0	0	813	11.340400	-8.145050	1.606070	28.296900	84.422657	0.000000
0	0	814	43.026900	4.998590	-1.005170	-28.846500	-5.685005	0.000000
0	0	815	41.935100	-42.282900	-11.936200	15.286800	-82.117978	0.000000
0	0	816	18.283900	17.044400	20.265200	-3.768860	24.966951	0.000000
0	0	817	9.090260	-5.813290	19.090400	8.408460	53.468108	0.000000
0	0	818	-5.505960	7.087600	13.709300	15.114000	31.330696	0.000000
0	0	819	-22.118900	-6.667180	10.173600	3.170830	61.619240	0.000000
0	0	820	4.404220	33.277800	-15.339700	40.834000	-12.373881	0.000000
0	0	821	-5.195450	4.146180	-13.754500	11.034300	-36.612501	0.000000
0	0	822	0.063734	-9.576980	7.741950	-6.904080	70.524109	0.000000
0	0	823	-32.438900	10.147700	-36.199900	-6.968350	-37.170271	0.000000
0	0	824	13.579200	5.941300	-3.706940	15.704000	-15.980585	0.000000
0	0	825	15.694700	-5.311090	-21.896900	-6.199440	-51.816896	0.000000
0	0	826	9.161330	4.137390	-22.517900	8.229200	-39.794361	0.000000
0	0	827	-24.615400	-30.628800	-4.758040	15.409400	-85.584974	0.000000
0	0	828	-11.542800	3.801400	19.082800	33.141200	39.366921	0.000000
0	0	829	8.617870	3.211640	35.785300	-1.156610	42.435794	0.000000
0	0	830	-19.385400	30.361800	11.041200	-7.170070	9.992008	0.000000
0	0	831	8.217190	40.360800	42.638300	17.256900	23.285903	0.000000
0	0	832	-17.069900	-28.352500	-4.586190	12.898600	-85.405822	0.000000
0	0	833	-19.902800	2.734380	40.253000	-8.350330	43.056938	0.000000
0	0	834	5.197340	-10.386100	-25.909500	-26.097800	-55.921954	0.000000
0	0	835	19.946800	18.671900	-10.114100	-29.020100	-14.221647	0.000000
0	0	836	-18.618800	-6.375140	-0.282281	11.208900	-88.732345	0.000000
0	0	837	13.931100	-1.949740	-47.386100	30.832600	-46.178076	0.000000
0	0	838	22.425900	32.076100	-16.238800	-13.809100	-13.425602	0.000000
0	0	839	-15.872200	-16.927300	-15.632100	-5.395700	-68.639001	0.000000
0	0	840	10.746200	-15.359700	-7.911060	-7.193160	-76.374566	0.000000
0	0	841	-2.657180	6.549710	-21.296800	-3.460350	-36.452508	0.000000
0	0	842	-7.939970	1.210270	-13.607000	18.557000	-42.458611	0.000000
0	0	843	4.691020	-6.775410	22.590800	-23.418800	53.347493	0.000000
0	0	844	-10.362000	24.819500	1.937780	-17.392100	2.232153	0.000000
0	0	845	-21.948700	-8.749270	-4.799940	-6.222900	-75.625186	0.000000
0	0	846	4.603840	-13.947500	4.048730	6.330380	81.906428	0.000000
0	0	847	-1.099510	-10.095400	6.152980	35.042900	74.319190	0.000000
0	0	848	24.226100	-14.367900	28.691700	41.836800	58.300133	0.000000
0	0	849	-12.324100	33.135100	0.583236	1.741660	0.504201	0.000000
0	0	850	-0.707836	8.000490	4.191980	-14.000400	13.826492	0.000000
0	0	851	-32.602900	12.526700	-25.853300	34.005900	-32.074209	0.000000
0	0	852	35.130000	9.175830	-6.572240	11.145300	-17.806173	0.000000
0	0	853	14.880300	2.262510	30.039000	-11.142100	42.846334	0.000000
0	0	854	-2.430000	-11.783100	-14.139200	16.977600	-64.903304	0.000000
0	0	855	-5.554050	-19.817000	17.795300	0.129556	69.038373	0.000000
0	0	856	-8.259050	-0.133821	21.897700	4.170990	45.175071	0.000000
0	0	857	3.400510	11.538600	-4.527200	1.472250	-10.711345	0.000000
0	0	858	-25.660900	-16.145600	15.024900	-28.709700	68.529559	0.000000
0	0	859	24.576800	4.853930	42.670000	7.626230	41.755105	0.000000
0	0	860	-13.046700	-3.601390	-36.563900	-38.127500	-47.812624	0.000000
0	0	861	10.162800	-4.662680	-1.284730	-7.778130	-82.297636	0.000000
0	0	862	13.936600	7.496520	-4.984330	-3.610760	-16.809685	0.000000
0	0	863	17.105400	33.831900	-6.846390	-38.273100	-5.720081	0.000000
0	0	864	18.753700	-16.726800	23.177600	-22.309000	62.908607	0.000000
0	0	865	0.389511	-5.160330	-26.530500	9.053170	-50.503458	0.000000
0	0	866	-21.964600	4.430330	27.234700	31.935800	40.380249	0.000000
0	0	867	-11.146300	12.281900	-19.255600	-22.634500	-28.734417	0.000000
0	0	868	-4.521850	14.227000	31.992900	-13.486300	33.012824	0.000000
0	0	869	-3.199890	9.204140	6.435340	3.936510	17.480216	0.000000
0	0	870	-6.708080	-13.998300	-12.483200	-1.230680	-69.137262	0.000000
0	0	871	-3.235140	5.804730	23.125000	-4.936190	37.954508	0.000000
0	0	872	23.303500	14.139000	-0.160408	-23.843600	-0.324998	0.000000
0	0	873	18.451700	10.236100	-5.251590	9.380950	-13.579955	0.000000
0	0	874	-27.119600	7.870470	-23.722200	4.436410	-35.822683	0.000000
0	0	875	-2.987340	-30.396100	15.564100	-2.186190	76.442808	0.000000
0	0	876	-4.638590	-8.026350	-29.808700	-35.913700	-52.535078	0.000000
0	0	877	-21.018200	-13.504000	7.924060	38.279900	74.797932	0.000000
0	0	878	8.036670	17.554700	-0.791692	24.548700	-1.291104	0.000000
0	0	879	6.557020	-8.365210	-14.728500	5.236960	-59.797437	0.000000
0	0	880	29.997100	-20.592000	-7.256200	-31.368000	-80.294292	0.000000
0	0	881	-32.470200	25.777100	31.227600	22.550200	25.230864	0.000000
0	0	882	-3.073210	-17.423200	11.351000	9.766280	73.458126	0.000000
0	0	883	-3.151280	-2.377840	6.154220	26.257400	55.562656	0.000000
0	0	884	-7.182740	25.724100	14.231800	-6.094120	14.476731	0.000000
0	0	885	1.860200	-32.149500	-35.372200	-13.209900	-66.133720	0.000000
0	0	886	-42.318200	-9.114270	-1.470110	17.276100	-85.418623	0.000000
0	0	887	-2.588200	-30.031900	-8.938640	-16.708300	-81.712493	0.000000
0	0	888	24.739800	6.381240	-0.276265	-21.759400	-1.239488	0.000000
0	0	889	13.837900	4.492890	-27.434200	6.402180	-40.349626	0.000000
0	0	890	-9.152640	11.722400	-13.588700	-26.346100	-24.608521	0.000000
0	0	891	-9.236700	-3.557170	0.324671	10.670600	87.392467	0.000000
0	0	892	-11.791700	-17.157500	-14.978000	17.853500	-69.439992	0.000000
0	0	893	0.761477	-13.575800	36.929100	-20.708000	55.092167	0.000000
0	0	894	-10.338300	10.898400	19.380400	36.806600	30.324576	0.000000
0	0	895	64.811200	-38.291700	-18.522400	-6.599790	-77.093046	0.000000
0	0	896	2.699560	18.710100	1.827530	-1.954050	2.789366	0.000000
0	0	897	11.221300	14.150700	-0.349403	-13.394600	-0.707218	0.000000
0	0	898	4.018640	30.528000	-16.989900	-3.019440	-14.548734	0.000000
0	0	899	10.330400	-45.710600	4.726610	-5.705180	87.048215	0.000000
0	0	900	-38.511300	7.583520	39.681000	-26.234400	39.590273	0.000000
0	0	901	0.773710	5.350800	-18.801500	10.793500	-37.056974	0.000000
0	0	902	16.360000	1.602830	-7.796570	10.630500	-39.191454	0.000000
0	0	903	8.793790	-1.923350	6.534800	-2.893570	53.200217	0.000000
0	0	904	6.428670	6.421870	-5.504450	17.117200	-20.300622	0.000000
0	0	905	21.971000	22.651200	-8.304950	-7.108960	-10.067605	0.000000
0	0	906	20.344900	4.556360	-8.627170	-4.330620	-31.079820	0.000000
0	0	907	28.573400	-24.908300	-21.457100	-1.863440	-69.628475	0.000000
0	0	908	-29.568900	1.734950	13.087900	-17.345600	41.224409	0.000000
0	0	909	19.658600	4.722110	0.927102	14.060800	5.553861	0.000000
0	0	910	0.773908	38.748000	31.414400	-0.122908	19.516464	0.000000
0	0	911	0.493049	16.032100	-30.529100	6.323260	-31.147084	0.000000
0	0	912	25.315100	-18.916700	45.100000	-43.216200	56.377539	0.000000
0	0	913	1.771800	12.232200	-17.926000	-8.850090	-27.845734	0.000000
0	0	914	-4.126160	-10.041800	21.727300	15.107300	57.402584	0.000000
0	0	915	40.707800	-5.858720	6.194630	-16.023900	66.701830	0.000000
0	0	916	6.686760	-4.407490	4.224670	11.015900	68.106641	0.000000
0	0	917	2.749640	7.860810	17.003400	-14.728000	32.594258	0.000000
0	0	918	-15.740100	-5.939340	3.777390	-28.327000	73.771924	0.000000
0	0	919	-28.472000	21.928700	20.850400	-16.498700	21.778047	0.000000
0	0	920	-15.396900	14.614200	-5.406190	0.104736	-10.150402	0.000000
0	0	921	13.492800	-7.083780	-23.422900	-4.097760	-53.413437	0.000000
0	0	922	-38.421400	-2.524410	-4.088670	-16.623000	-60.845921	0.000000
0	0	923	5.368020	-5.351760	-11.849800	-10.494500	-57.152751	0.000000
0	0	924	-8.369480	8.613750	16.588900	14.292300	31.279752	0.000000
0	0	925	32.570200	5.720740	17.215800	10.904200	35.809282	0.000000
0	0	926	28.968000	28.669200	-17.174900	-18.228600	-15.462311	0.000000
0	0	927	22.788300	2.973020	17.736100	23.256400	40.242121	0.000000
0	0	928	32.266400	-6.384630	16.332100	-19.835900	55.675891	0.000000
0	0	929	-4.551730	-17.882200	-26.900300	17.053400	-61.807153	0.000000
0	0	930	42.152100	8.431530	38.544100	6.950780	38.830451	0.000000
0	0	931	12.748800	7.671350	2.169950	22.875000	7.897154	0.000000
0	0	932	14.728800	17.226600	25.677500	12.933600	28.071504	0.000000
0	0	933	-10.926800	-11.192500	20.034400	44.682300	59.595262	0.000000
0	0	934	10.570700	14.370900	9.070910	22.173000	16.130057	0.000000
0	0	935	-1.803100	41.883600	30.818200	-24.311500	18.172927	0.000000
0	0	936	6.040170	4.113640	-25.026700	21.198300	-40.332878	0.000000
0	0	937	24.749400	-2.719920	-5.537820	-18.490900	-58.079064	0.000000
0	0	938	-6.543590	-6.239610	-13.866400	-16.204800	-57.113409	0.000000
0	0	939	1.619410	12.484700	9.179220	-11.657900	18.162361	0.000000
0	0	940	15.213500	18.104300	-0.312994	-32.326700	-0.495226	0.000000
0	0	941	-29.013400	5.590040	-7.940550	8.209140	-27.427486	0.000000
0	0	942	22.942200	5.846140	24.782800	-31.365600	38.363430	0.000000
0	0	943	17.258600	-22.246100	0.544703	-20.747200	89.298687	0.000000
0	0	944	7.237840	-14.023400	7.565260	0.441005	75.827146	0.000000
0	0	945	1.910160	-27.762900	-22.334300	23.068000	-70.592258	0.000000
0	0	946	9.283470	-43.494400	9.664460	-11.486700	83.736200	0.000000
0	0	947	0.142454	-11.362900	3.540460	3.553100	81.346988	0.000000
0	0	948	17.048700	-21.811600	11.047100	24.198500	76.569390	0.000000
0	0	949	9.615840	15.782700	-14.037500	-18.795700	-20.825319	0.000000
0	0	950	26.013700	-2.077760	-7.998360	29.534000	-52.281023	0.000000
0	0	951	-2.415520	-23.521600	24.363600	-5.856020	66.996315	0.000000
0	0	952	23.723300	20.199400	3.151330	3.781360	4.433648	0.000000
0	0	953	6.039000	-10.572800	-16.709400	-31.476900	-61.161702	0.000000
0	0	954	50.198000	-11.744900	-10.224400	6.073880	-69.479570	0.000000
0	0	955	29.702200	-14.096100	-6.368140	-17.271200	-77.844080	0.000000
0	0	956	-4.152470	-14.447300	-13.347500	15.906800	-68.632964	0.000000
0	0	957	21.512100	-9.183460	2.680390	-36.410500	81.864491	0.000000
0	0	958	24.912600	15.788600	19.759500	22.070700	25.686901	0.000000
0	0	959	17.625700	-12.230300	-29.818500	-2.878950	-56.150692	0.000000
0	0	960	-43.478000	11.280600	1.775580	7.918880	4.472517	0.000000
0	0	961	28.514100	20.291800	7.993050	25.442700	10.749875	0.000000
0	0	962	6.422730	-1.733200	-20.445600	3.194760	-47.422726	0.000000
0	0	963	3.186450	24.714800	5.571460	17.700700	6.351919	0.000000
0	0	964	33.895100	-12.188200	-25.549700	-3.535740	-57.751478	0.000000
0	0	965	-22.637500	10.490900	23.839700	0.640892	33.123811	0.000000
0	0	966	13.882800	-9.926600	10.442900	-8.147860	66.774025	0.000000
0	0	967	48.440400	7.874080	-39.143200	2.241980	-39.313064	0.000000
0	0	968	28.603200	-23.652900	-21.616900	26.943000	-68.787565	0.000000
0	0	969	-4.068740	-43.391800	1.843030	11.060400	88.783936	0.000000
0	0	970	81.126500	-11.057500	-12.691300	-37.853200	-65.532267	0.000000
0	0	971	-9.508260	-30.940200	-38.420900	-7.846840	-64.422178	0.000000
0	0	972	18.729600	-43.527000	13.806700	2.454520	81.200525	0.000000
0	0	973	-40.861000	-0.836033	-13.096300	-17.364900	-46.826327	0.000000
0	0	974	6.369890	21.082700	-3.201930	-22.801200	-4.317894	0.000000
0	0	975	20.294000	-53.890900	-10.224900	27.413300	-84.628390	0.000000
0	0	976	20.288700	-45.023600	-9.956880	-50.271500	-83.764928	0.000000
0	0	977	-10.441600	-1.015910	-8.074540	-8.458310	-48.585536	0.000000
0	0	978	17.988700	28.543000	36.508000	-19.110600	25.990343	0.000000
0	0	979	20.998200	-4.239820	28.361200	30.873200	49.251196	0.000000
0	0	980	-2.398190	16.867400	-20.217200	-12.014300	-25.080720	0.000000
0	0	981	3.833470	6.013300	-14.576400	-14.096400	-33.791028	0.000000
0	0	982	-33.245700	-21.140400	-8.344170	4.408770	-79.230362	0.000000
0	0	983	17.035300	-16.605500	28.004900	-15.193900	60.332907	0.000000
0	0	984	45.848100	-2.732730	1.128640	-2.596990	78.779486	0.000000
0	0	985	-26.999700	-16.779300	7.493470	-12.083200	77.967466	0.000000
0	0	986	8.343190	-40.636000	25.924500	-36.707800	73.731698	0.000000
0	0	987	35.448500	21.782500	-25.631300	-2.567180	-24.820396	0.000000
0	0	988	20.290000	-4.250810	-19.786500	30.356100	-51.062390	0.000000
0	0	989	-0.940340	-0.796671	-2.628820	15.289600	-53.429787	0.000000
0	0	990	27.409600	-11.178400	-5.104200	-26.978300	-77.728978	0.000000
0	0	991	39.528900	-3.494920	-14.615500	-1.103590	-51.724139	0.000000
0	0	992	1.885200	33.880800	-5.984620	-4.464870	-5.008627	0.000000
0	0	993	7.758410	-17.709900	-12.180300	-51.764000	-72.740528	0.000000
0	0	994	-21.293500	-8.250570	-14.987400	-21.816500	-59.416401	0.000000
0	0	995	5.755830	-19.089500	16.765600	47.005000	69.354181	0.000000
0	0	996	13.881500	-19.276300	2.415840	-3.910000	86.428270	0.000000
0	0	997	-4.346380	-0.691012	1.786300	12.555500	55.574228	0.000000
0	0	998	10.635700	-25.039300	41.943400	3.414340	60.418143	0.000000
0	0	999	16.520100	11.206900	10.968600	2.353200	22.192159	0.000000
0	0	1000	-11.228500	-13.795500	7.953670	20.976800	75.017396	0.000000
0	0	1001	-27.326900	16.196000	29.736600	-24.874800	30.712569	0.000000
0	0	1002	23.354200	-13.971500	-0.565579	-3.274860	-88.840940	0.000000
0	0	1003	6.811270	-1.636140	2.687200	21.330200	60.667870	0.000000
0	0	1004	-34.234000	-4.781970	-18.130100	-18.581800	-52.387874	0.000000
0	0	1005	41.943200	37.514300	-14.908500	7.856000	-10.836646	0.000000
0	0	1006	9.434850	-8.732390	4.409210	-7.497520	76.604803	0.000000
0	0	1007	6.442860	-14.533400	13.790000	9.769330	68.251744	0.000000
0	0	1008	48.228700	39.589200	33.726400	11.062300	20.213990	0.000000
0	0	1009	2.338740	-33.620100	-6.870960	14.974600	-84.224743	0.000000
0	0	1010	41.254100	39.637300	-8.752750	-21.355900	-6.226141	0.000000
0	0	1011	17.268000	-39.800000	-7.844440	1.288250	-84.425059	0.000000
0	0	1012	15.881100	-32.905300	-7.604750	3.852560	-83.493419	0.000000
0	0	1013	14.666900	2.644110	4.254980	-14.325700	29.071273	0.000000
0	0	1014	-0.405453	-31.595400	-11.782800	-0.676663	-79.774061	0.000000
0	0	1015	19.163400	-15.102300	-0.654271	-11.825200	-88.759674	0.000000
0	0	1016	37.574800	-32.359000	-21.661200	-20.737400	-73.100772	0.000000
0	0	1017	11.613100	39.376200	17.027000	27.239200	11.692276	0.000000
0	0	1018	-4.999320	19.097600	11.473200	-8.146680	15.498021	0.000000
0	0	1019	12.729900	-20.004400	-9.372640	-4.983560	-77.447775	0.000000
0	0	1020	19.267800	-29.426700	16.700500	-7.463590	75.211920	0.000000
0	0	1021	87.684400	11.821400	28.744600	26.433600	33.822386	0.000000
0	0	1022	25.076700	-32.085300	3.963960	15.594500	86.478557	0.000000
0	0	1023	-2.831420	-15.166600	43.833900	-2.117380	54.542851	0.000000
