0	0	0	47.507500	20.414700	-5.946510	-23.187200	-8.120043	0.000000
0	0	1	29.365200	2.174880	27.047800	3.342640	42.701404	0.000000
0	0	2	1.733370	12.000400	0.200221	-21.017900	0.477932	0.000000
0	0	3	55.822300	-12.711800	-16.077100	-6.607830	-64.166313	0.000000
0	0	4	9.865930	49.490900	-42.974300	-30.838200	-20.484337	0.000000
0	0	5	-1.070240	-3.210080	-1.717860	58.687500	-75.923368	0.000000
0	0	6	16.314400	-0.560656	18.642300	11.316800	45.861309	0.000000
0	0	7	27.651200	13.832700	19.960200	-5.675120	27.638748	0.000000
0	0	8	41.807700	-29.302700	6.459340	3.608640	83.784406	0.000000
0	0	9	2.340780	-38.291500	-16.317700	4.266510	-78.459502	0.000000
0	0	10	8.382880	-47.296600	-25.753600	-35.499600	-75.715573	0.000000
0	0	11	9.630610	41.948800	20.136700	-3.366390	12.821211	0.000000
0	0	12	14.597400	19.623800	-18.078100	-0.363278	-21.326153	0.000000
0	0	13	37.022200	21.586000	-11.424100	-17.820900	-13.944714	0.000000
0	0	14	14.264200	24.732200	-23.740200	-11.743200	-21.913795	0.000000
0	0	15	58.347800	48.964000	1.579620	2.647200	0.923885	0.000000
0	0	16	39.068700	-16.109600	-23.331200	24.535300	-62.312046	0.000000
0	0	17	28.750000	-5.050330	-4.934260	-26.908300	-67.833014	0.000000
0	0	18	75.924000	10.603900	-2.432670	7.448600	-6.460402	0.000000
0	0	19	51.569000	-17.156200	-2.972520	-4.270860	-85.085198	0.000000
0	0	20	30.075400	30.030000	-12.106600	-14.771500	-10.978418	0.000000
0	0	21	-19.983600	13.454200	-30.883900	-24.676600	-33.230115	0.000000
0	0	22	35.104200	5.956670	-10.351800	-32.849300	-30.041431	0.000000
0	0	23	6.334890	-4.310780	-1.066580	-10.109700	-83.051442	0.000000
0	0	24	19.562600	8.864010	-8.639850	-27.641900	-22.133146	0.000000
0	0	25	37.133500	33.291900	-15.578000	-0.028401	-12.537955	0.000000
0	0	26	63.391100	21.417800	-5.883240	-7.970490	-7.679849	0.000000
0	0	27	64.471600	-15.467200	-0.434250	7.663250	-89.195906	0.000000
0	0	28	63.547100	-21.828800	-15.664900	9.975090	-72.167910	0.000000
0	0	29	57.098300	-8.830510	-17.927600	-41.469400	-58.111624	0.000000
0	0	30	79.452400	-8.644820	-23.759100	4.466730	-54.997034	0.000000
0	0	31	55.423800	22.684900	-51.676000	-68.035100	-33.149664	0.000000
0	0	32	34.268500	-31.710000	-43.576900	-41.268100	-63.021300	0.000000
0	0	33	86.881100	-6.868810	-55.970700	-28.297400	-48.498221	0.000000
0	0	34	94.904700	-46.760000	-15.843000	29.146500	-80.641419	0.000000
0	0	35	103.044000	17.411500	-7.689740	-48.071300	-11.914258	0.000000
0	0	36	47.543700	-32.683900	-3.020870	-12.962300	-87.359667	0.000000
0	0	37	66.403100	22.508600	-26.337500	-12.347100	-24.741040	0.000000
0	0	38	49.414200	-18.048700	-23.759800	-11.412200	-63.610730	0.000000
0	0	39	68.538000	12.033500	-7.194250	-17.475300	-15.436585	0.000000
0	0	40	35.517700	-10.553600	-15.420800	-29.421500	-62.193369	0.000000
0	0	41	34.554000	-29.291200	-45.979900	-5.606170	-61.249456	0.000000
0	0	42	31.055300	3.868110	-10.241700	-25.157200	-34.654665	0.000000
0	0	43	47.465800	-17.233500	-18.138200	-13.839800	-66.767434	0.000000
0	0	44	47.027200	-11.500300	-5.494010	-15.269900	-77.232455	0.000000
0	0	45	50.417000	7.714150	26.719300	6.101810	36.948000	0.000000
0	0	46	49.567700	-0.656428	-2.606130	21.202900	-52.068748	0.000000
0	0	47	48.631400	19.090100	-29.759300	13.023300	-28.660249	0.000000
0	0	48	73.965600	-14.774500	14.651400	-6.359870	67.619845	0.000000
0	0	49	20.908000	-15.371700	-33.912400	-10.217300	-57.191839	0.000000
0	0	50	33.731300	19.818700	-8.763400	-28.459600	-11.926988	0.000000
0	0	51	74.670600	-41.306000	23.330400	-20.380500	75.270714	0.000000
0	0	52	51.082300	8.059240	6.451070	-14.761400	19.337874	0.000000
0	0	53	44.456800	10.110000	-11.830300	15.665600	-24.741644	0.000000
0	0	54	73.464600	-16.865100	-30.782800	-25.725400	-59.358598	0.000000
0	0	55	80.629700	-20.112200	5.031080	-4.024850	82.977816	0.000000
0	0	56	57.509400	-21.154900	6.204420	22.034700	81.827183	0.000000
0	0	57	65.264100	-9.611740	-9.386740	-39.935200	-67.839263	0.000000
0	0	58	50.705800	10.826700	12.088600	12.121100	24.075991	0.000000
0	0	59	55.597400	3.501150	-22.339000	-45.970000	-40.546300	0.000000
0	0	60	80.871900	-21.496900	-37.419900	-43.756000	-59.938205	0.000000
0	0	61	73.085900	-7.815410	-3.227780	-4.977610	-78.779638	0.000000
0	0	62	56.241700	-26.189800	-15.925900	-29.576000	-74.348202	0.000000
0	0	63	81.501800	30.833800	-10.939700	-2.941050	-9.767233	0.000000
0	0	64	93.360400	-0.043111	25.374400	0.212468	45.048672	0.000000
0	0	65	38.824900	9.056120	-39.143000	-33.055200	-38.486628	0.000000
0	0	66	28.736400	-36.569800	-15.618200	-10.443300	-78.436841	0.000000
0	0	67	63.048600	-1.227180	8.194890	1.366550	49.258362	0.000000
0	0	68	45.545700	-3.526270	-2.304290	-23.310500	-73.418418	0.000000
0	0	69	82.654000	22.309400	-33.529400	-16.840500	-28.180732	0.000000
0	0	70	36.413600	10.692500	22.606900	-41.946700	32.343509	0.000000
0	0	71	66.714800	-3.137300	9.779790	-7.927210	53.892970	0.000000
0	0	72	84.146500	-12.224500	-20.079000	-44.042900	-60.666949	0.000000
0	0	73	68.881000	-11.884400	-43.630600	-18.826900	-52.618480	0.000000
0	0	74	118.211000	-1.326090	-10.701900	-17.391500	-48.531805	0.000000
0	0	75	95.664000	-31.960400	-3.894550	-30.459500	-86.526224	0.000000
0	0	76	110.555000	-2.972830	-2.864760	-18.942900	-68.030291	0.000000
0	0	77	80.719300	-0.428489	-17.031100	-44.802500	-45.720606	0.000000
0	0	78	83.687300	-21.085700	22.871300	-28.247500	66.336919	0.000000
0	0	79	57.006300	-18.323100	28.339100	-13.274400	61.442669	0.000000
0	0	80	74.156200	5.295960	-13.789300	-15.530900	-34.495032	0.000000
0	0	81	48.619800	12.145900	-20.629100	26.024000	-29.755742	0.000000
0	0	82	82.447400	-14.259200	-28.435600	-48.592600	-58.315873	0.000000
0	0	83	67.935100	1.877820	-7.713980	-9.666230	-38.159275	0.000000
0	0	84	34.680300	6.250250	6.702470	-5.850650	23.499781	0.000000
0	0	85	99.881500	-33.406400	-20.805400	-18.899000	-74.042740	0.000000
0	0	86	92.989100	15.047100	-1.835680	-15.756700	-3.477732	0.000000
0	0	87	124.572000	-18.072900	19.192400	-44.779800	66.639637	0.000000
0	0	88	106.508000	-17.031200	19.211300	-42.821300	65.778814	0.000000
0	0	89	109.971000	-1.504210	-7.427060	-12.677000	-50.724652	0.000000
0	0	90	115.535000	-5.768200	-14.371800	4.103230	-55.934163	0.000000
0	0	91	111.272000	-33.717300	4.674240	-1.061580	86.053686	0.000000
0	0	92	78.794000	0.939269	28.023500	-13.463600	44.040163	0.000000
0	0	93	86.659600	-22.943200	13.907100	-19.326100	74.388853	0.000000
0	0	94	66.076400	-3.924020	10.620100	-18.740100	55.139382	0.000000
0	0	95	120.371000	3.764050	25.688900	9.220370	40.832045	0.000000
0	0	96	68.863200	-17.334600	-12.023200	-46.054500	-72.627499	0.000000
0	0	97	92.535000	-31.280100	-8.370770	-30.788700	-82.509150	0.000000
0	0	98	44.621300	-26.049700	-29.176600	-23.270300	-65.879693	0.000000
0	0	99	62.662700	19.601100	28.900700	-5.972010	27.927002	0.000000
0	0	100	49.145600	-23.912100	11.673400	-28.297400	76.989656	0.000000
0	0	101	82.490900	-10.066500	-27.661500	-40.510900	-54.998662	0.000000
0	0	102	111.561000	-1.833660	-26.353600	-3.948100	-46.990087	0.000000
0	0	103	96.317100	12.304700	27.527400	12.751000	32.957720	0.000000
0	0	104	117.720000	-9.682010	30.855600	-0.265272	53.710525	0.000000
0	0	105	89.107000	5.236740	16.880600	-44.072400	36.382470	0.000000
0	0	106	89.232800	27.254200	-51.478500	15.524800	-31.050984	0.000000
0	0	107	106.655000	26.453900	-12.773800	-0.722776	-12.887256	0.000000
0	0	108	75.825800	27.957300	-3.032270	-10.062800	-3.095073	0.000000
0	0	109	128.214000	-44.266000	-26.647900	-27.147500	-74.476140	0.000000
0	0	110	91.345700	-8.323120	-31.110700	-19.270300	-52.488858	0.000000
0	0	111	125.936000	6.793700	-25.983100	-24.672800	-37.673565	0.000000
0	0	112	100.441000	-50.120200	-8.002700	20.514600	-85.464076	0.000000
0	0	113	116.698000	-8.385340	27.226900	-2.113470	53.558892	0.000000
0	0	114	119.521000	-26.042100	-9.918270	-30.331500	-79.575201	0.000000
0	0	115	61.578400	-30.958900	25.362300	-39.207900	70.337407	0.000000
0	0	116	123.715000	-9.520270	7.730610	-46.658000	70.461427	0.000000
0	0	117	98.360000	35.765900	11.271600	-35.021600	8.746106	0.000000
0	0	118	116.275000	-0.697740	-0.155518	-23.374000	-83.717418	0.000000
0	0	119	94.862500	8.369600	-1.544500	-15.652400	-5.227780	0.000000
0	0	120	102.136000	35.817200	20.749700	-16.035300	15.042333	0.000000
0	0	121	171.699000	-4.955350	1.239330	-18.683400	82.979199	0.000000
0	0	122	123.468000	-46.866800	12.014400	-28.582700	82.810867	0.000000
0	0	123	165.542000	18.883000	19.979100	1.907430	23.307795	0.000000
0	0	124	149.529000	-1.158700	-20.460700	-21.310500	-46.620614	0.000000
0	0	125	150.662000	-30.785800	18.531800	-20.940400	74.476885	0.000000
0	0	126	97.661700	25.675500	28.815400	-31.138100	24.148939	0.000000
0	0	127	110.811000	-8.890190	-14.654900	17.650100	-60.621254	0.000000
0	0	128	128.055000	-48.088600	10.346900	38.719900	83.928590	0.000000
0	0	129	128.992000	3.667600	-29.096100	-15.795400	-41.407843	0.000000
0	0	130	80.695900	-7.483660	-13.397400	-5.834770	-59.593655	0.000000
0	0	131	81.388700	-15.336200	6.916840	28.602600	77.861981	0.000000
0	0	132	124.262000	-1.400470	37.228200	10.390700	46.077183	0.000000
0	0	133	121.818000	-3.614230	2.612560	19.813900	72.069286	0.000000
0	0	134	172.625000	8.389400	-10.793400	-5.788260	-26.071551	0.000000
0	0	135	143.989000	24.551800	29.200800	3.027890	24.971572	0.000000
0	0	136	95.370400	-47.409900	43.606900	22.990500	68.696313	0.000000
0	0	137	120.595000	-2.457130	12.001900	-17.798800	50.785096	0.000000
0	0	138	114.794000	-0.835109	24.582300	-42.610800	45.972851	0.000000
0	0	139	129.164000	-7.262840	-0.433563	-0.823040	-88.291861	0.000000
0	0	140	127.734000	24.388400	35.582500	-34.866900	27.786546	0.000000
0	0	141	105.991000	4.327390	0.062271	6.051930	0.412214	0.000000
0	0	142	113.167000	18.467900	-40.056200	-28.901400	-32.623974	0.000000
0	0	143	128.396000	-27.255500	26.485000	29.026700	67.910709	0.000000
0	0	144	98.866600	-5.291760	28.683800	-3.627140	50.226370	0.000000
0	0	145	146.943000	10.329400	-16.508100	2.747320	-28.982541	0.000000
0	0	146	172.364000	10.020600	32.876500	-5.281310	36.524515	0.000000
0	0	147	167.230000	19.597300	-34.448000	-50.956400	-30.182331	0.000000
0	0	148	138.478000	0.707056	16.263900	2.136150	43.755347	0.000000
0	0	149	126.813000	-14.503100	-0.896645	10.781700	-88.231114	0.000000
0	0	150	85.908400	57.146600	-50.686700	-25.544500	-20.785858	0.000000
0	0	151	113.822000	-16.343100	20.262000	-9.531070	64.444627	0.000000
0	0	152	86.282400	10.726300	18.180000	-26.894500	29.729581	0.000000
0	0	153	117.214000	36.254100	20.812400	10.502300	14.929426	0.000000
0	0	154	132.737000	27.764700	22.569000	-24.781600	19.553256	0.000000
0	0	155	109.487000	-31.997600	15.538300	11.559500	77.049203	0.000000
0	0	156	152.310000	33.604300	5.585190	-1.630020	4.718281	0.000000
0	0	157	84.310000	-34.847400	36.967700	19.850500	66.654433	0.000000
0	0	158	109.221000	-3.723880	56.017800	3.397150	46.901620	0.000000
0	0	159	184.012000	-0.347065	10.217900	44.977000	45.972691	0.000000
0	0	160	177.137000	-1.017100	-24.655700	-10.754500	-46.181117	0.000000
0	0	161	142.316000	-26.503700	-37.504300	6.380770	-62.624124	0.000000
0	0	162	170.436000	22.307100	9.528050	16.503400	11.564411	0.000000
0	0	163	100.860000	0.250796	33.700400	-10.757400	44.786808	0.000000
0	0	164	155.182000	23.795100	11.079600	-8.588350	12.483939	0.000000
0	0	165	153.485000	7.391270	-25.936700	-6.455290	-37.046928	0.000000
0	0	166	147.903000	24.689100	-4.697730	-2.972740	-5.386600	0.000000
0	0	167	111.236000	-16.301900	15.344400	31.289800	68.366515	0.000000
0	0	168	160.713000	-8.223020	-1.051300	19.989100	-86.357175	0.000000
0	0	169	121.304000	17.001800	4.745390	-14.556400	7.797502	0.000000
0	0	170	109.477000	9.409230	21.744900	18.881800	33.300697	0.000000
0	0	171	182.261000	50.592900	-23.603600	-0.540791	-12.505461	0.000000
0	0	172	144.441000	8.699670	6.649310	5.736270	18.695656	0.000000
0	0	173	148.468000	51.069900	45.851900	-3.063590	20.959165	0.000000
0	0	174	163.898000	22.120700	-21.168300	2.127190	-21.869820	0.000000
0	0	175	154.264000	43.994800	-26.269100	-15.156000	-15.420619	0.000000
0	0	176	209.986000	59.887200	-34.818800	14.671600	-15.086996	0.000000
0	0	177	181.277000	-2.746700	-8.611960	-11.202100	-53.844786	0.000000
0	0	178	171.677000	-10.922500	-23.108400	-7.413830	-57.649199	0.000000
0	0	179	182.700000	60.751800	-20.113600	-39.463100	-9.159292	0.000000
0	0	180	128.388000	35.446400	-12.650400	-15.277800	-9.820440	0.000000
0	0	181	135.750000	43.086200	8.545190	19.615300	5.608888	0.000000
0	0	182	142.863000	25.995300	-15.572200	-4.277710	-15.461628	0.000000
0	0	183	139.682000	11.119400	10.413400	4.336980	21.561053	0.000000
0	0	184	110.818000	37.307000	-18.652500	-16.143600	-13.281911	0.000000
0	0	185	136.351000	1.403840	19.252200	13.871700	42.914732	0.000000
0	0	186	131.552000	1.894640	18.956100	-35.273000	42.146155	0.000000
0	0	187	139.741000	25.906900	14.845000	-14.541100	14.906643	0.000000
0	0	188	154.753000	20.635500	-17.086300	-22.980800	-19.812466	0.000000
0	0	189	164.526000	13.627300	17.303800	-37.267000	25.889214	0.000000
0	0	190	225.809000	53.048800	-42.590800	-17.518900	-19.379807	0.000000
0	0	191	182.027000	-18.598200	-48.385800	-9.276370	-55.512709	0.000000
0	0	192	179.504000	4.196280	-67.979200	-48.044600	-43.233839	0.000000
0	0	193	188.896000	27.896600	-31.112600	-18.924100	-24.059766	0.000000
0	0	194	161.952000	15.427300	11.920800	12.416300	18.846777	0.000000
0	0	195	161.622000	42.020800	10.083500	36.432400	6.746905	0.000000
0	0	196	151.086000	-0.882751	-22.561300	26.300300	-46.120328	0.000000
0	0	197	145.872000	47.590700	-12.703600	-36.203800	-7.472872	0.000000
0	0	198	157.421000	-34.599200	7.167040	-40.660300	84.148499	0.000000
0	0	199	153.921000	43.327300	8.408150	-11.906500	5.491192	0.000000
0	0	200	168.646000	16.568900	-41.671000	-9.244610	-34.158313	0.000000
0	0	201	161.654000	25.142200	21.736400	-48.655700	20.422339	0.000000
0	0	202	126.763000	6.793610	-3.893970	-48.486800	-14.910264	0.000000
0	0	203	125.827000	4.216090	16.452000	7.932180	37.813178	0.000000
0	0	204	184.180000	-2.407910	0.566772	-54.589800	83.377430	0.000000
0	0	205	117.507000	52.602200	11.974200	7.830440	6.412052	0.000000
0	0	206	181.920000	21.828300	7.349350	-5.006160	9.303908	0.000000
0	0	207	163.447000	0.459790	3.010390	-24.879400	40.658038	0.000000
0	0	208	131.796000	25.348500	-5.339360	-30.480300	-5.947396	0.000000
0	0	209	165.457000	35.611000	9.468640	-42.502700	7.444955	0.000000
0	0	210	150.264000	14.321600	-7.397610	-1.239850	-13.658972	0.000000
0	0	211	190.491000	24.304800	-49.501900	-1.218220	-31.924776	0.000000
0	0	212	222.041000	45.533900	-3.999220	-47.368700	-2.509690	0.000000
0	0	213	142.880000	20.769900	6.606830	-25.794900	8.822839	0.000000
0	0	214	143.042000	13.332900	-23.477500	17.615000	-30.203853	0.000000
0	0	215	150.346000	28.938200	-19.607400	-7.087530	-17.060021	0.000000
0	0	216	199.009000	42.834400	15.708500	-25.970700	10.069657	0.000000
0	0	217	135.171000	-8.245980	-8.898060	-20.130700	-66.410892	0.000000
0	0	218	189.676000	6.695520	-29.398500	-48.847300	-38.584856	0.000000
0	0	219	167.472000	26.073500	-7.125150	-45.830800	-7.642075	0.000000
0	0	220	215.507000	3.836990	2.271960	-38.835100	15.315320	0.000000
0	0	221	189.306000	11.060100	-27.588500	-38.303000	-34.077191	0.000000
0	0	222	183.423000	-8.942380	-4.503730	-15.124300	-76.634200	0.000000
0	0	223	180.420000	30.992100	-4.223440	-14.128100	-3.880082	0.000000
0	0	224	162.651000	-3.471050	0.285324	-25.145400	87.650396	0.000000
0	0	225	152.974000	27.740600	-20.909600	-31.831200	-18.503661	0.000000
0	0	226	181.576000	27.153500	-21.779900	-37.711200	-19.366600	0.000000
0	0	227	164.555000	12.183800	24.698400	-44.674600	31.871364	0.000000
0	0	228	154.582000	-25.925300	12.882000	-7.257710	76.788859	0.000000
0	0	229	209.311000	0.602409	-17.721900	-34.100100	-44.026566	0.000000
0	0	230	203.801000	25.114000	-1.898510	-40.583400	-2.161546	0.000000
0	0	231	222.423000	-5.523830	-17.114600	-39.452900	-53.943883	0.000000
0	0	232	183.485000	34.284000	19.812100	-63.064400	15.011418	0.000000
0	0	233	192.187000	38.382200	13.253700	-69.981300	9.525114	0.000000
0	0	234	221.628000	24.570600	-6.710420	-50.795800	-7.637702	0.000000
0	0	235	239.075000	20.772000	-35.934500	-36.259800	-29.984933	0.000000
0	0	236	180.976000	-17.017700	6.661170	-60.634800	79.311667	0.000000
0	0	237	205.766000	-28.523200	18.153800	-29.111200	73.762493	0.000000
0	0	238	219.873000	-10.795900	-27.194500	-25.249800	-55.826251	0.000000
0	0	239	235.158000	1.116470	17.218100	-58.086400	43.144987	0.000000
0	0	240	220.843000	-3.960190	-7.657870	-30.130300	-58.672644	0.000000
0	0	241	243.173000	-11.531900	-32.188600	-47.736000	-54.855295	0.000000
0	0	242	217.591000	23.630300	-14.782900	-24.370100	-16.014861	0.000000
0	0	243	249.763000	-2.557150	-21.102300	-27.597100	-48.454671	0.000000
0	0	244	266.425000	24.568800	-8.263320	-72.258000	-9.294768	0.000000
0	0	245	251.759000	17.687200	-26.578900	-58.613900	-28.178908	0.000000
0	0	246	264.749000	39.544200	-37.720000	-33.895200	-21.823752	0.000000
0	0	247	255.939000	-15.398100	-32.263800	-28.703300	-57.756551	0.000000
0	0	248	245.271000	10.977800	-15.799200	-42.137600	-27.603583	0.000000
0	0	249	199.489000	-36.219500	-33.845100	-12.316000	-68.470469	0.000000
0	0	250	206.951000	-7.965010	-5.916960	-53.501800	-71.696241	0.000000
0	0	251	210.502000	18.331100	-28.001500	-34.947500	-28.394677	0.000000
0	0	252	215.915000	47.826700	18.832500	-32.614300	10.746402	0.000000
0	0	253	233.253000	4.205760	-3.209460	-50.861200	-18.673818	0.000000
0	0	254	261.456000	20.636500	-3.975600	-52.023300	-5.452191	0.000000
0	0	255	239.537000	29.522400	-23.899700	-98.386700	-19.495857	0.000000
0	0	256	262.233000	17.021500	-20.355400	-30.010400	-25.048556	0.000000
0	0	257	250.025000	44.126700	-52.797200	-26.167900	-25.055944	0.000000
0	0	258	255.833000	54.238600	17.364500	-61.095200	8.876240	0.000000
0	0	259	248.385000	57.724100	-0.481270	-29.997100	-0.238844	0.000000
0	0	260	230.521000	28.734100	-31.493900	-27.511200	-23.811801	0.000000
0	0	261	241.231000	42.368000	-2.971190	-68.411100	-2.005740	0.000000
0	0	262	284.858000	17.477400	-28.755700	-96.534500	-29.354612	0.000000
0	0	263	252.475000	35.975500	-26.414300	-70.548000	-18.143621	0.000000
0	0	264	254.166000	19.230600	-18.961500	-61.434100	-22.298151	0.000000
0	0	265	270.442000	7.907810	-6.302920	-83.018400	-19.278299	0.000000
0	0	266	269.224000	36.642700	-13.477800	-69.121500	-10.097185	0.000000
0	0	267	248.293000	-9.111600	-56.148600	-36.625600	-49.608706	0.000000
0	0	268	267.615000	2.037230	-19.076200	-84.562500	-41.952120	0.000000
0	0	269	273.719000	11.499200	-64.535100	-96.568200	-39.948387	0.000000
0	0	270	264.395000	-37.980600	-32.213500	-71.109200	-69.848417	0.000000
0	0	271	307.875000	19.077700	-3.360180	-56.832000	-4.994563	0.000000
0	0	272	288.810000	11.282200	-28.028600	-46.307700	-34.037002	0.000000
0	0	273	316.647000	12.121300	-14.855000	-36.137700	-25.393217	0.000000
0	0	274	273.245000	-13.743500	11.142800	-56.281200	70.482971	0.000000
0	0	275	282.585000	13.305800	-8.491590	-95.640300	-16.272747	0.000000
0	0	276	337.050000	9.757570	-21.408300	-57.127800	-32.748620	0.000000
0	0	277	302.834000	-20.521600	-20.911300	-103.737000	-67.230558	0.000000
0	0	278	282.983000	13.564600	-19.410900	-95.801900	-27.526814	0.000000
0	0	279	265.180000	28.696000	14.554100	-59.762400	13.446656	0.000000
0	0	280	282.057000	-5.363340	-15.780600	-68.363300	-54.385658	0.000000
0	0	281	271.919000	-28.492900	7.119380	-100.289000	82.985517	0.000000
0	0	282	259.886000	33.776900	-10.811800	-91.676600	-8.874792	0.000000
0	0	283	320.909000	-10.019000	-77.865700	-69.210900	-48.665989	0.000000
0	0	284	292.999000	0.228212	-57.379600	-80.941300	-44.886061	0.000000
0	0	285	331.292000	-5.917060	-32.724400	-83.979800	-50.124597	0.000000
0	0	286	354.667000	-17.739600	-66.077000	-97.825900	-52.513881	0.000000
0	0	287	344.561000	-18.284300	-119.243000	-98.586700	-49.358816	4.703840
0	0	288	323.072000	-14.802700	-31.937000	-62.195300	-57.433788	0.000000
0	0	289	314.773000	-3.413300	-27.900200	-86.075900	-48.487442	0.000000
0	0	290	340.676000	13.302300	-98.172900	-62.208700	-41.141746	0.000000
0	0	291	339.531000	-8.666890	-90.427400	-15.813600	-47.737356	0.000000
0	0	292	301.489000	-14.361700	-39.510300	-33.785400	-54.987914	0.000000
0	0	293	335.637000	34.289100	-83.685800	-32.663700	-33.859656	0.000000
0	0	294	358.731000	17.836500	-98.483900	-52.550900	-39.867195	0.000000
0	0	295	310.396000	-13.470200	-89.325100	-39.235900	-49.287786	0.000000
0	0	296	324.613000	2.218270	-61.612100	-37.503400	-43.969012	0.000000
0	0	297	303.460000	37.952900	-56.610300	2.310020	-28.080577	0.000000
0	0	298	338.830000	-3.379880	-58.759200	-22.125800	-46.646038	0.000000
0	0	299	332.388000	16.728800	-18.283100	-4.764900	-23.770945	0.000000
0	0	300	277.176000	3.099340	-46.236600	-23.183300	-43.082538	0.000000
0	0	301	322.607000	40.684000	-57.075700	44.862200	-27.259217	0.000000
0	0	302	311.158000	59.530600	-56.234900	56.282300	-21.684650	0.000000
0	0	303	326.987000	70.789000	-40.599200	48.891200	-14.917656	0.000000
0	0	304	372.223000	75.496700	-3.898480	16.930900	-1.478000	0.000000
0	0	305	317.772000	53.371700	-25.019700	10.027900	-12.558172	0.000000
0	0	306	319.426000	35.560800	-23.789000	14.898000	-16.890607	0.000000
0	0	307	325.976000	36.995500	22.141900	42.328900	15.450314	0.000000
0	0	308	286.573000	69.425100	-16.228800	25.145400	-6.578598	0.000000
0	0	309	273.894000	44.647000	17.211000	-13.330700	10.540592	0.000000
0	0	310	316.212000	41.779700	5.633930	55.319700	3.839961	0.000000
0	0	311	277.781000	61.890800	32.592800	54.379000	13.886046	0.000000
0	0	312	264.113000	42.524200	57.340000	38.849400	26.719408	0.000000
0	0	313	343.658000	47.490200	47.149100	40.517800	22.396747	0.000000
0	0	314	378.209000	85.836200	31.784200	60.677900	10.159518	0.000000
0	0	315	257.619000	87.448700	33.504500	30.374200	10.481747	0.000000
0	0	316	285.302000	64.214100	12.237400	38.756100	5.394793	0.000000
0	0	317	262.775000	51.141500	7.444300	5.866820	4.140983	0.000000
0	0	318	270.647000	102.536000	49.625700	67.677800	12.913101	5.028520
0	0	319	252.048000	46.012200	64.152300	13.070300	27.175315	0.000000
0	0	320	280.227000	73.248900	91.277600	65.736600	25.626741	4.870130
0	0	321	316.929000	6.869710	38.003100	56.251800	39.876730	0.000000
0	0	322	288.562000	70.643000	51.946600	92.913900	18.164260	0.000000
0	0	323	230.000000	44.911700	59.606300	69.017500	26.501493	0.000000
0	0	324	265.001000	33.214100	86.870800	77.054600	34.538096	0.000000
0	0	325	310.228000	48.644700	77.717200	34.884400	28.978377	0.000000
0	0	326	252.384000	47.592600	61.445700	43.833300	26.120262	0.000000
0	0	327	269.434000	49.540400	87.742400	-12.263800	30.275206	0.000000
0	0	328	267.614000	4.347570	61.329800	74.598800	42.972589	0.000000
0	0	329	275.135000	-8.182220	116.070000	35.169500	47.016164	4.875710
0	0	330	238.603000	0.293626	60.266300	50.590300	44.860425	0.000000
0	0	331	252.908000	-5.021240	78.526200	25.996800	46.829356	0.000000
0	0	332	240.735000	-20.972500	49.310000	-3.435840	56.520496	0.000000
0	0	333	152.073000	24.574300	24.199100	21.070500	22.279624	0.000000
0	0	334	238.990000	-17.086900	62.026600	46.904600	52.700828	0.000000
0	0	335	190.804000	-60.427000	46.705800	7.431020	71.149256	0.000000
0	0	336	171.580000	-5.692240	62.522100	4.597630	47.601038	0.000000
0	0	337	162.729000	-72.261000	15.043300	8.731180	84.120064	0.000000
0	0	338	176.908000	-39.656000	59.281500	16.731500	61.890152	0.000000
0	0	339	177.436000	-24.031100	39.685700	-8.741220	60.598197	0.000000
0	0	340	159.965000	-22.840800	30.346700	-13.926600	63.483689	0.000000
0	0	341	178.437000	-93.087800	65.701400	0.937972	72.392772	5.018910
0	0	342	178.489000	-18.427500	36.984200	28.657700	58.242466	0.000000
0	0	343	212.215000	-61.386800	50.206300	-41.014200	70.360682	0.000000
0	0	344	231.387000	-48.365800	28.780600	35.197200	74.622387	0.000000
0	0	345	204.623000	-90.926600	-5.738660	-2.432750	-88.194338	0.000000
0	0	346	216.800000	-78.291300	38.125100	6.039430	77.017776	0.000000
0	0	347	215.881000	-81.710100	22.731700	-2.440630	82.226733	0.000000
0	0	348	171.493000	-98.008500	61.552100	-2.413360	73.935011	4.943970
0	0	349	167.154000	-84.096100	-0.480255	-20.867900	-89.836400	0.000000
0	0	350	129.182000	-102.645000	12.275100	-21.322700	86.590252	0.000000
0	0	351	165.520000	-106.216000	-0.532440	9.244660	-89.856395	5.404950
0	0	352	196.401000	-59.284800	-14.477000	-22.030500	-83.138633	0.000000
0	0	353	210.406000	-107.180000	-39.619500	-52.795800	-79.856486	5.017040
0	0	354	226.483000	-83.752600	-49.832700	-71.110100	-74.623702	0.000000
0	0	355	167.776000	-62.461600	-38.823800	-14.255500	-74.068229	0.000000
0	0	356	113.985000	-77.010600	-31.678800	-58.498100	-78.819936	0.000000
0	0	357	127.838000	-41.280500	-62.668600	-31.656300	-61.686669	0.000000
0	0	358	143.665000	-38.780800	-42.375500	-64.450600	-66.231912	0.000000
0	0	359	150.659000	-45.834400	-11.742600	-76.921800	-82.815056	0.000000
0	0	360	192.785000	-33.173100	-13.523100	-24.589300	-78.910804	0.000000
0	0	361	125.333000	-19.634200	-51.875000	-8.986270	-55.365592	0.000000
0	0	362	141.774000	-35.857900	-19.807700	-29.022200	-75.541995	0.000000
0	0	363	112.658000	-35.509100	-13.534900	-24.296900	-79.567400	0.000000
0	0	364	167.745000	-41.085900	-32.850800	-55.262300	-70.677716	0.000000
0	0	365	159.474000	-18.594200	-51.648800	-25.197600	-54.899749	0.000000
0	0	366	169.454000	-40.313900	-51.035900	-60.032400	-64.152826	0.000000
0	0	367	118.824000	-46.566600	-22.262400	-31.608300	-77.224315	0.000000
0	0	368	161.511000	-6.693920	-41.638100	-43.498800	-49.566485	0.000000
0	0	369	147.881000	-39.724800	-29.496700	-51.457400	-71.702575	0.000000
0	0	370	171.516000	-32.931200	-2.142690	-82.426000	-88.138630	0.000000
0	0	371	172.162000	-12.439900	-23.094400	-40.576000	-59.154661	0.000000
0	0	372	191.333000	-11.867300	-101.597000	-98.111800	-48.331195	0.000000
0	0	373	168.875000	-23.057200	-17.177600	-86.127600	-71.656956	0.000000
0	0	374	132.812000	25.702400	-45.441500	-53.353900	-30.253421	0.000000
0	0	375	195.561000	38.909600	-48.435100	-87.155100	-25.611938	0.000000
0	0	376	122.727000	7.308460	-49.999500	-87.071300	-40.841965	0.000000
0	0	377	176.325000	-4.580870	-34.998100	-60.755700	-48.728501	0.000000
0	0	378	127.843000	-0.919743	-16.568700	-64.390900	-46.588639	0.000000
0	0	379	110.860000	0.649964	-40.047900	-36.174300	-44.535095	0.000000
0	0	380	91.459900	-0.466273	-38.837400	1.246800	-45.343924	0.000000
0	0	381	121.675000	7.684880	13.692700	-26.108300	30.348576	0.000000
0	0	382	190.703000	-8.158600	-20.016600	-56.994400	-56.087701	0.000000
0	0	383	137.726000	-8.144540	17.603800	-61.306600	57.414001	0.000000
0	0	384	151.875000	9.331830	-41.794000	-57.401700	-38.706683	0.000000
0	0	385	158.198000	-2.546920	37.602200	-76.005900	46.937456	0.000000
0	0	386	103.545000	-19.050200	-55.886700	-38.839900	-54.411398	0.000000
0	0	387	143.567000	-9.911640	-39.489100	-47.082200	-52.044993	0.000000
0	0	388	192.979000	66.004600	-19.808300	-32.589700	-8.352378	0.000000
0	0	389	132.444000	4.775690	-33.709600	-53.797900	-40.968241	0.000000
0	0	390	177.021000	4.561280	4.722150	-91.733600	22.996382	0.000000
0	0	391	98.782700	7.754540	-7.215670	-80.534900	-21.469231	0.000000
0	0	392	152.712000	-25.114000	-22.615900	-35.894400	-68.998014	0.000000
0	0	393	123.647000	5.072980	0.467072	-22.695500	2.630211	0.000000
0	0	394	153.338000	29.604100	13.426800	-82.690500	12.198222	0.000000
0	0	395	99.145700	6.621270	6.793400	-48.762500	22.867575	0.000000
0	0	396	107.422000	1.164760	-26.016500	-40.950400	-43.718288	0.000000
0	0	397	143.941000	35.664300	9.978490	-87.680100	7.815526	0.000000
0	0	398	155.822000	8.825180	6.951160	-54.827400	19.112882	0.000000
0	0	399	126.547000	11.687500	-23.961300	-70.105600	-31.999234	0.000000
0	0	400	144.387000	-1.983300	-9.477300	-29.734000	-50.909815	0.000000
0	0	401	154.587000	4.418020	30.146400	-22.919100	40.831266	0.000000
0	0	402	102.745000	25.763200	11.860400	-15.473000	12.359775	0.000000
0	0	403	80.443200	-5.968010	-13.174700	2.009830	-57.185030	0.000000
0	0	404	84.099100	14.615000	19.506700	-31.822200	26.579179	0.000000
0	0	405	50.414500	-59.159800	-5.779250	-2.032580	-87.210274	0.000000
0	0	406	69.215300	-17.317500	21.973100	20.113800	64.121224	0.000000
0	0	407	100.649000	15.903500	-22.598500	-61.993200	-27.432181	0.000000
0	0	408	106.084000	16.373200	4.565460	-37.338300	7.790228	0.000000
0	0	409	88.230300	22.815000	0.814278	-42.312700	1.022023	0.000000
0	0	410	114.885000	-10.008200	17.872300	-31.466800	59.624062	0.000000
0	0	411	103.762000	43.813800	4.845640	-54.903300	3.155524	0.000000
0	0	412	102.604000	-26.066600	25.651200	-45.389400	67.730096	0.000000
0	0	413	102.231000	7.698820	13.365200	-12.747700	30.028281	0.000000
0	0	414	82.702100	21.152700	7.226060	-16.666100	9.430445	0.000000
0	0	415	97.861700	8.093820	-2.304830	-4.300540	-7.947527	0.000000
0	0	416	103.810000	19.561300	-3.641580	-6.385340	-5.272803	0.000000
0	0	417	50.982800	12.968900	-4.288060	-17.433200	-9.148022	0.000000
0	0	418	-2.545010	-3.193070	8.899600	-37.270700	54.868690	0.000000
0	0	419	33.891400	-13.764300	8.915070	0.888579	73.534533	0.000000
0	0	420	14.552800	30.687200	-29.383400	-24.652800	-21.878311	0.000000
0	0	421	19.333200	-12.701900	39.350300	-48.962200	53.944791	0.000000
0	0	422	-25.578100	2.636390	47.786800	18.545300	43.421101	0.000000
0	0	423	-6.810820	20.404700	-11.710100	-4.235920	-14.925591	0.000000
0	0	424	30.439500	-3.026530	19.597200	-3.816160	49.389611	0.000000
0	0	425	-16.589500	-11.789300	-7.127560	15.182300	-74.421867	0.000000
0	0	426	-17.863200	4.968830	28.158400	16.262400	39.996306	0.000000
0	0	427	-17.561300	7.690380	-35.872200	-38.957800	-38.949964	0.000000
0	0	428	4.147640	-23.092700	29.443500	-24.164300	64.053643	0.000000
0	0	429	28.927300	-19.583100	-27.194100	-14.724500	-62.879266	0.000000
0	0	430	26.891100	33.722400	19.874700	4.162940	15.256740	0.000000
0	0	431	-25.285600	3.440700	10.957400	-0.974479	36.283674	0.000000
0	0	432	-3.910470	-21.072800	-9.887320	-17.489200	-77.432057	0.000000
0	0	433	-10.459400	-10.994200	-5.705980	-31.932400	-76.285364	0.000000
0	0	434	34.692200	-37.756400	-19.684600	4.272280	-76.232179	0.000000
0	0	435	-19.432100	13.087700	-29.396700	0.817052	-33.000451	0.000000
0	0	436	-1.917790	-1.533710	-11.304700	-10.573800	-48.863076	0.000000
0	0	437	14.209100	22.360800	1.800080	-28.469900	2.301238	0.000000
0	0	438	-6.575300	4.646080	-36.421700	50.634200	-41.365205	0.000000
0	0	439	-7.945940	11.887300	30.406400	-18.630000	34.323560	0.000000
0	0	440	-5.425470	35.471800	-3.468950	-14.286400	-2.792728	0.000000
0	0	441	-13.455500	-3.542870	0.102975	-4.696370	89.167571	0.000000
0	0	442	-1.821150	67.651600	8.799960	5.821080	3.705643	0.000000
0	0	443	-11.100900	-3.668250	34.399600	-2.738130	48.043407	0.000000
0	0	444	30.788000	-9.150200	7.384000	8.239250	70.548636	0.000000
0	0	445	13.574900	43.425600	32.736800	-6.183150	18.505580	0.000000
0	0	446	-27.884400	-16.287300	27.949500	7.854920	60.115539	0.000000
0	0	447	21.474400	-2.407470	2.709120	16.617800	65.813008	0.000000
0	0	448	18.831500	7.424460	-1.200870	-21.660500	-4.593871	0.000000
0	0	449	-10.031600	-13.929800	-5.041710	-3.952610	-80.051468	0.000000
0	0	450	-12.673300	-1.757130	-5.193840	-40.858000	-54.345606	0.000000
0	0	451	40.523400	-10.060400	-7.665130	-8.234850	-71.347912	0.000000
0	0	452	38.228800	22.625300	-23.026100	21.960000	-22.751510	0.000000
0	0	453	7.156350	47.861600	-6.257110	27.155900	-3.724115	0.000000
0	0	454	-0.109388	26.692100	12.192100	-15.744500	12.274704	0.000000
0	0	455	24.516500	-6.653480	-1.552910	26.934900	-83.431228	0.000000
0	0	456	26.560500	-37.764100	-8.734210	0.396725	-83.488708	0.000000
0	0	457	17.741600	-5.550510	18.061300	-13.723300	53.541492	0.000000
0	0	458	9.422950	19.284000	-15.145900	0.714048	-19.073272	0.000000
0	0	459	12.955900	15.309100	-13.981500	6.043020	-21.202419	0.000000
0	0	460	-33.214000	-15.613400	10.657500	-8.165640	72.841536	0.000000
0	0	461	-1.605620	-17.063900	-37.692800	-21.159500	-57.178364	0.000000
0	0	462	-28.419800	-22.846600	-28.823600	25.263600	-64.200791	0.000000
0	0	463	24.091300	-37.753500	-13.740900	1.392600	-80.000168	0.000000
0	0	464	-25.424100	15.767600	-15.434800	1.153360	-22.194458	0.000000
0	0	465	-6.377870	9.070240	19.967400	-12.549500	32.784980	0.000000
0	0	466	-19.156200	1.020010	33.211800	-19.567500	44.120435	0.000000
0	0	467	-9.710750	18.244700	13.640400	16.618700	18.391562	0.000000
0	0	468	8.336510	-13.427000	-3.487450	-13.129200	-82.720027	0.000000
0	0	469	4.796880	19.653500	-3.472810	25.725700	-5.010415	0.000000
0	0	470	2.695550	-3.638360	8.669980	12.633400	56.382687	0.000000
0	0	471	-5.790250	-2.808750	27.062500	-4.372470	47.962686	0.000000
0	0	472	-10.323600	41.749900	-10.116600	3.075000	-6.810524	0.000000
0	0	473	6.700640	21.179600	-9.137850	30.542700	-11.668790	0.000000
0	0	474	-35.147600	-18.604400	57.084600	20.418600	54.025634	0.000000
0	0	475	-14.682600	-27.836800	15.306400	-23.182900	75.597637	0.000000
0	0	476	28.864000	-27.446300	3.357420	-5.618590	86.512918	0.000000
0	0	477	-8.910720	-4.141510	1.972520	-5.258860	77.266228	0.000000
0	0	478	-1.127900	-27.070000	-27.611400	-13.158900	-67.216367	0.000000
0	0	479	32.007700	-13.802000	-6.252260	-7.130230	-77.814816	0.000000
0	0	480	9.462350	-31.988700	-6.716420	20.064700	-84.071146	0.000000
0	0	481	17.305600	-2.703340	-43.486800	25.760900	-46.778596	0.000000
0	0	482	35.318700	-11.914600	8.438210	20.558300	72.346472	0.000000
0	0	483	-3.911670	30.471600	-19.642500	0.840357	-16.403251	0.000000
0	0	484	-18.079000	10.850000	6.861400	7.413160	16.154366	0.000000
0	0	485	-8.772630	-20.515900	13.784400	8.552300	73.051648	0.000000
0	0	486	28.233700	-10.529000	34.402300	5.713730	53.508499	0.000000
0	0	487	13.787900	1.005530	26.106500	-10.245000	43.897130	0.000000
0	0	488	29.741200	9.995520	-3.055960	-4.574430	-8.500060	0.000000
0	0	489	7.093050	-21.228100	30.244200	42.378600	62.532315	0.000000
0	0	490	28.730500	2.612730	67.683400	-14.172700	43.894676	0.000000
0	0	491	-19.136900	-2.363640	-14.914000	10.794600	-49.502800	0.000000
0	0	492	15.214900	6.408680	-19.644600	-2.454250	-35.966031	0.000000
0	0	493	-2.878960	7.476010	37.659800	-33.217100	39.385970	0.000000
0	0	494	3.248420	-19.888600	0.516632	-13.756300	89.256001	0.000000
0	0	495	11.692800	7.525870	8.743370	-8.726920	24.639861	0.000000
0	0	496	-3.651900	15.899600	6.780110	-5.731940	11.547494	0.000000
0	0	497	-7.312520	0.755718	3.099730	-11.998500	38.149256	0.000000
0	0	498	-56.156000	3.064340	-6.568820	9.950370	-32.495526	0.000000
0	0	499	-33.263400	-1.982490	5.252790	-38.832300	55.338669	0.000000
0	0	500	44.013700	14.901400	23.954000	-72.716000	29.057459	0.000000
0	0	501	-23.760200	-8.183350	13.183200	-1.954020	60.914781	0.000000
0	0	502	24.679500	-2.610890	19.926300	3.915400	48.732394	0.000000
0	0	503	-29.173200	-11.089600	27.268100	14.505400	56.065485	0.000000
0	0	504	28.078400	35.432800	-0.385345	-2.385970	-0.311544	0.000000
0	0	505	-23.387800	-28.325400	-11.721200	6.750760	-78.759985	0.000000
0	0	506	-2.231890	-30.963100	19.633400	2.715240	73.810807	0.000000
0	0	507	12.414300	-22.619600	2.554570	-12.164700	86.778269	0.000000
0	0	508	19.870100	-10.676400	-11.292300	-16.329700	-66.697057	0.000000
0	0	509	-22.908500	17.266300	2.054410	-25.464000	3.392685	0.000000
0	0	510	23.885400	25.036100	-31.459100	11.761000	-25.743084	0.000000
0	0	511	1.438480	-21.643400	1.352290	4.021330	88.212390	0.000000
0	0	512	19.897800	0.146609	-25.926900	29.718700	-44.838006	0.000000
0	0	513	-22.285200	-3.738620	6.146100	12.755300	60.655896	0.000000
0	0	514	-32.834000	-21.811500	-2.896730	-6.322980	-86.217481	0.000000
0	0	515	-2.547780	-14.714200	-3.008030	-21.058500	-84.223098	0.000000
0	0	516	34.274200	27.420700	13.355300	-18.846700	12.984239	0.000000
0	0	517	8.868030	-19.137300	-16.694400	-4.447040	-69.450111	0.000000
0	0	518	-34.477600	79.191700	27.329700	72.425300	9.519985	0.000000
0	0	519	-13.739400	9.963900	15.498300	12.972000	28.631462	0.000000
0	0	520	17.176100	-32.295300	-12.365700	20.159400	-79.524210	0.000000
0	0	521	5.606530	21.544900	-29.890900	-17.693800	-27.108259	0.000000
0	0	522	-15.640800	18.039700	-13.323400	4.044950	-18.224045	0.000000
0	0	523	42.172900	16.879700	-8.625700	22.169800	-13.533749	0.000000
0	0	524	34.123800	41.084500	3.333140	26.266700	2.319092	0.000000
0	0	525	16.428200	15.091500	-7.443150	-10.741000	-13.126291	0.000000
0	0	526	-31.067100	21.994500	-11.861400	-42.641900	-14.168757	0.000000
0	0	527	-11.507300	34.455800	1.113620	1.717060	0.925585	0.000000
0	0	528	-2.038280	9.023320	1.024750	-28.560300	3.239571	0.000000
0	0	529	-16.146700	-22.427300	-12.341600	-32.727000	-75.588146	0.000000
0	0	530	8.203840	4.792710	1.190240	-0.271839	6.973450	0.000000
0	0	531	-43.688700	18.426100	14.216800	39.324000	18.826130	0.000000
0	0	532	31.776200	38.642000	-8.340890	14.793000	-6.090221	0.000000
0	0	533	4.676460	-7.536400	-52.267800	-29.806200	-49.102414	0.000000
0	0	534	-6.063870	-12.050700	-17.153900	-51.401000	-62.544116	0.000000
0	0	535	18.080900	-5.032220	12.515400	17.522900	55.952092	0.000000
0	0	536	-3.218830	0.089691	-37.350400	0.577689	-44.931207	0.000000
0	0	537	12.437800	15.719200	-2.943070	-4.617500	-5.302292	0.000000
0	0	538	9.737650	6.945520	-45.292100	-7.879700	-40.640820	0.000000
0	0	539	12.545600	-8.507780	-23.309100	30.710600	-55.025996	0.000000
0	0	540	-25.058500	-17.410300	-28.767800	30.398400	-60.591183	0.000000
0	0	541	-1.686800	18.484700	-0.040058	0.286301	-0.062082	0.000000
0	0	542	19.822600	-27.021600	5.782760	10.516500	83.960308	0.000000
0	0	543	41.115200	23.540000	-22.898500	25.023500	-22.104284	0.000000
0	0	544	-2.909610	-11.923200	26.426600	-20.589500	57.142014	0.000000
0	0	545	-29.521100	-10.815000	26.501000	-13.073100	56.100132	0.000000
0	0	546	1.020710	11.867900	-13.016900	-10.382800	-23.821813	0.000000
0	0	547	-12.443900	3.382000	-6.923020	-8.324810	-31.981896	0.000000
0	0	548	-8.699600	-2.010160	17.440600	-25.695200	48.287379	0.000000
0	0	549	5.399140	15.634700	-21.096400	13.490200	-26.728789	0.000000
0	0	550	14.894200	-8.640330	18.673600	-8.292690	57.415060	0.000000
0	0	551	36.378600	1.220370	35.635800	-28.857800	44.019319	0.000000
0	0	552	28.800300	-13.277400	4.557940	2.151440	80.526696	0.000000
0	0	553	-6.550950	-4.307270	-31.610200	7.355290	-48.879725	0.000000
0	0	554	12.986500	-34.642300	8.262120	-0.562406	83.292832	0.000000
0	0	555	-0.959851	19.445900	11.571100	-13.066300	15.377182	0.000000
0	0	556	-9.266060	28.343900	15.023900	-11.751700	13.963083	0.000000
0	0	557	23.826300	20.234900	-2.915150	-33.194500	-4.098969	0.000000
0	0	558	-22.744600	-22.047000	36.660900	-10.930000	60.510854	0.000000
0	0	559	-9.224220	11.219300	-1.089150	41.080700	-2.772400	0.000000
0	0	560	4.951050	-48.386200	-12.620900	28.846300	-82.690443	0.000000
0	0	561	10.239800	-37.084000	-24.117100	-2.421920	-73.481279	0.000000
0	0	562	2.043280	10.886900	-8.763020	17.868800	-19.415540	0.000000
0	0	563	-32.268700	32.472600	-18.652800	-3.895530	-14.936887	0.000000
0	0	564	5.405960	33.745300	0.870411	-11.339500	0.738767	0.000000
0	0	565	-21.553200	0.967629	4.549040	5.420270	38.995778	0.000000
0	0	566	35.135700	-12.119600	0.526876	-15.577100	88.755372	0.000000
0	0	567	-35.259900	-0.555617	35.710300	-10.595100	45.445697	0.000000
0	0	568	2.394280	25.319700	5.700110	7.504700	6.343614	0.000000
0	0	569	-1.136480	-9.925960	7.996880	-20.755900	70.571619	0.000000
0	0	570	11.337600	-10.648200	-11.377000	-15.981700	-66.552405	0.000000
0	0	571	1.250080	-11.208800	-3.640480	40.722000	-81.003421	0.000000
0	0	572	-4.576120	19.234400	30.343000	-0.106952	28.814713	0.000000
0	0	573	13.069300	14.196500	16.552700	10.317700	24.690903	0.000000
0	0	574	22.089500	2.556120	-26.109300	16.222200	-42.204259	0.000000
0	0	575	-25.703200	-15.045200	-17.511800	-15.845900	-65.333702	0.000000
0	0	576	-19.564700	-44.809800	9.121470	-15.608800	84.247045	0.000000
0	0	577	3.848680	-11.275100	-16.979500	7.015230	-61.792914	0.000000
0	0	578	5.691760	0.241621	1.446540	10.317500	40.258608	0.000000
0	0	579	6.893360	-11.552800	-13.005900	12.758900	-65.806923	0.000000
0	0	580	-11.426600	16.531400	-5.022170	-19.075900	-8.449281	0.000000
0	0	581	-56.175300	22.442700	-18.173500	4.382410	-19.499815	0.000000
0	0	582	-7.554830	-19.601300	5.117240	2.194080	82.684285	0.000000
0	0	583	-5.598370	-14.635600	26.745500	-11.489200	59.344121	0.000000
0	0	584	4.689070	6.810220	28.864100	32.288700	38.362187	0.000000
0	0	585	-8.305930	-14.700400	-17.928300	9.964630	-64.675106	0.000000
0	0	586	-17.471400	-6.437990	30.578000	-2.156020	50.944792	0.000000
0	0	587	0.356956	-9.505070	-2.038720	-20.905800	-83.947091	0.000000
0	0	588	15.603500	-20.834100	-0.733459	42.671100	-88.991875	0.000000
0	0	589	24.887300	1.005430	-50.947700	32.065600	-44.434720	0.000000
0	0	590	24.560000	-9.198660	-8.641050	-7.833840	-68.395146	0.000000
0	0	591	18.036000	8.069860	25.751400	-20.784200	36.300141	0.000000
0	0	592	-27.548200	-30.530800	4.868100	18.712200	85.470259	0.000000
0	0	593	6.142990	-16.015700	0.011328	6.221990	89.979737	0.000000
0	0	594	-5.691270	-4.269170	21.018100	-12.512500	50.740823	0.000000
0	0	595	-4.951380	-2.013590	45.461100	-4.674080	46.268061	0.000000
0	0	596	-21.151100	2.575570	17.128800	5.417200	40.724395	0.000000
0	0	597	21.394200	-10.212700	-13.660300	21.449300	-63.391244	0.000000
0	0	598	3.663510	-20.158300	12.284900	35.194200	74.320487	0.000000
0	0	599	-6.998410	-30.549700	25.099600	-2.858650	70.296756	0.000000
0	0	600	4.102820	2.801180	-11.471700	-0.120978	-38.138967	0.000000
0	0	601	-19.927600	-23.830100	-2.931770	-47.540500	-86.493129	0.000000
0	0	602	5.939750	3.727970	-26.991700	-21.632500	-41.068160	0.000000
0	0	603	8.249000	-17.634100	-32.989600	34.525800	-59.063035	0.000000
0	0	604	-21.374700	-16.099500	-0.870226	-32.738400	-88.453002	0.000000
0	0	605	1.642460	23.560900	-26.669000	51.689200	-24.270402	0.000000
0	0	606	-23.558800	-22.580200	7.338040	11.436400	80.998522	0.000000
0	0	607	1.209770	7.220790	15.816000	-16.588100	32.730473	0.000000
0	0	608	10.485700	-12.580700	1.584210	-2.125000	86.411436	0.000000
0	0	609	31.219700	21.591900	-37.210500	12.836500	-29.937483	0.000000
0	0	610	-15.628000	-36.271200	-22.077300	-17.615100	-74.336127	0.000000
0	0	611	7.407630	16.120700	-21.550400	14.286600	-26.600903	0.000000
0	0	612	26.262400	-11.840400	27.178900	-38.916500	56.770097	0.000000
0	0	613	-10.388000	23.899900	15.449500	9.628070	16.439825	0.000000
0	0	614	22.027000	7.774930	-12.417100	19.423900	-28.973691	0.000000
0	0	615	5.485130	4.033200	7.136250	9.083600	30.263067	0.000000
0	0	616	27.219800	11.203300	21.474700	2.862410	31.224529	0.000000
0	0	617	-42.244500	10.313500	-30.302700	24.053700	-35.602017	0.000000
0	0	618	4.402420	27.183400	23.255100	-15.076900	20.273312	0.000000
0	0	619	-0.488474	-21.545200	-3.192270	-29.769800	-85.786010	0.000000
0	0	620	11.421400	9.712530	33.753900	6.510360	36.973535	0.000000
0	0	621	7.011690	-0.842685	14.819400	-9.520750	46.627271	0.000000
0	0	622	2.962720	-10.162500	-12.223400	2.334700	-64.870020	0.000000
0	0	623	19.757700	39.632800	-13.099100	2.853250	-9.144660	0.000000
0	0	624	2.746310	-1.603680	-4.591070	9.664010	-54.627261	0.000000
0	0	625	-23.625900	-0.643748	-3.297050	-24.937600	-50.523995	0.000000
0	0	626	20.180600	22.450600	7.715460	14.426500	9.482997	0.000000
0	0	627	-12.287900	-23.870400	-16.604400	19.943700	-72.588642	0.000000
0	0	628	-44.613800	-9.256890	15.794900	36.362000	60.186608	0.000000
0	0	629	-2.134450	11.893300	1.359280	-17.316500	3.260010	0.000000
0	0	630	-5.121220	-19.985200	-6.142780	-21.740400	-81.457164	0.000000
0	0	631	-13.104300	-1.348370	2.250700	4.138620	60.462684	0.000000
0	0	632	30.969400	7.541400	-30.833600	35.776200	-38.128098	0.000000
0	0	633	-20.499700	56.172300	5.190150	-9.056800	2.639484	0.000000
0	0	634	5.956340	-9.858600	-6.879130	3.744170	-72.546726	0.000000
0	0	635	-5.967810	-13.806800	-14.777100	22.805900	-66.527901	0.000000
0	0	636	-16.554600	-16.913700	-24.098700	-20.067100	-62.531571	0.000000
0	0	637	-5.904740	-12.640200	-5.974190	16.529700	-77.351492	0.000000
0	0	638	-16.468100	-8.628220	34.787200	19.568300	51.964942	0.000000
0	0	639	-18.241600	-0.609548	26.135800	-7.349640	45.668015	0.000000
0	0	640	8.532080	11.626000	6.626570	-21.607500	14.841105	0.000000
0	0	641	-8.039580	-20.299600	-33.946500	3.755240	-60.439459	0.000000
0	0	642	13.168100	11.029800	8.480700	-1.991450	18.778157	0.000000
0	0	643	28.348900	-30.331000	22.798700	-0.048481	71.534579	0.000000
0	0	644	6.961420	8.812460	-17.870500	3.557200	-31.875381	0.000000
0	0	645	7.859660	14.337600	23.108700	-16.772000	29.091406	0.000000
0	0	646	21.752300	38.494300	0.514662	-0.296438	0.382994	0.000000
0	0	647	26.665600	5.195230	17.845800	-11.147200	36.884391	0.000000
0	0	648	47.724300	-15.196800	7.025360	-26.926300	77.594637	0.000000
0	0	649	9.299900	-21.010500	-12.137300	-32.815500	-74.992963	0.000000
0	0	650	-19.645100	1.935440	-33.323400	-13.631500	-43.337983	0.000000
0	0	651	-17.008200	7.762400	5.391310	1.334580	17.390794	0.000000
0	0	652	-4.970570	6.528270	12.818300	-10.266000	31.505288	0.000000
0	0	653	14.849100	4.333060	1.392410	-7.597940	8.907291	0.000000
0	0	654	2.166140	-16.228500	-4.167200	-18.493500	-82.799289	0.000000
0	0	655	33.709400	5.790230	21.625300	11.786900	37.505255	0.000000
0	0	656	10.589800	13.091100	41.468400	-13.720200	36.239844	0.000000
0	0	657	1.871030	-19.076800	-6.734290	13.326700	-80.278244	0.000000
0	0	658	1.445280	9.363250	-57.085200	3.674220	-40.342576	0.000000
0	0	659	44.052500	-2.134060	5.630570	16.330100	55.378683	0.000000
0	0	660	-6.875520	14.446900	-4.729840	9.290010	-9.064089	0.000000
0	0	661	36.574600	-26.147300	14.389900	16.490200	75.587130	0.000000
0	0	662	-5.424730	-3.402230	16.254700	-13.970900	50.910885	0.000000
0	0	663	-16.106900	-8.347600	-11.727400	-28.754600	-62.721690	0.000000
0	0	664	-13.696700	36.793000	12.664900	7.224410	9.497253	0.000000
0	0	665	20.126400	-28.100300	-5.638680	-24.151900	-84.326783	0.000000
0	0	666	-28.972100	-12.993500	-12.352100	-3.554460	-68.224814	0.000000
0	0	667	10.984500	6.592140	-38.488000	-5.765440	-40.140407	0.000000
0	0	668	20.422800	-4.129460	-10.971500	2.466900	-55.312683	0.000000
0	0	669	-24.890700	0.187788	-13.443800	-22.281800	-44.599862	0.000000
0	0	670	26.878800	-5.849580	-19.779200	-65.819300	-53.237634	0.000000
0	0	671	40.586600	-0.465050	18.053300	31.703000	45.737802	0.000000
0	0	672	21.451600	-4.194790	8.510670	-0.276428	58.119021	0.000000
0	0	673	0.432460	-25.877100	-8.680050	0.111621	-80.728407	0.000000
0	0	674	26.314400	26.518000	8.651050	1.228260	9.034021	0.000000
0	0	675	-14.407800	19.371600	-12.077700	10.202200	-15.971245	0.000000
0	0	676	14.791900	-56.084200	-20.952100	7.371750	-79.757585	0.000000
0	0	677	7.332830	2.349300	-22.647200	-31.627300	-42.038812	0.000000
0	0	678	-15.956900	-8.953530	15.220900	5.237860	60.232856	0.000000
0	0	679	-12.977800	2.768970	49.810900	-14.164000	43.409111	0.000000
0	0	680	38.197400	-15.224000	-28.965500	12.345800	-58.863001	0.000000
0	0	681	30.125400	-11.226100	11.206400	-17.332800	67.525158	0.000000
0	0	682	-22.447900	-47.538500	-27.377500	3.574120	-75.031145	0.000000
0	0	683	15.819400	5.718610	-11.895300	-26.993000	-32.162148	0.000000
0	0	684	2.277180	-2.459300	23.788100	-13.816500	47.951238	0.000000
0	0	685	-18.787500	7.777540	-54.399700	9.468840	-40.931773	0.000000
0	0	686	0.304587	-10.564300	27.053800	3.035860	55.665131	0.000000
0	0	687	5.225830	15.648900	17.908800	15.927900	24.426347	0.000000
0	0	688	-8.217980	-49.926100	12.488700	13.025300	82.978004	0.000000
0	0	689	43.711700	26.249200	27.847100	11.201600	23.345957	0.000000
0	0	690	7.258650	-18.833800	-20.168900	-15.442000	-66.519738	0.000000
0	0	691	10.549100	11.583500	27.235900	16.351000	33.479911	0.000000
0	0	692	-1.178640	-26.106100	-41.696100	16.838600	-61.025426	0.000000
0	0	693	7.710600	0.262931	-33.547800	5.697950	-44.775477	0.000000
0	0	694	2.007660	-5.648010	0.066677	-31.816600	89.661814	0.000000
0	0	695	14.996500	0.587497	-4.346160	5.244380	-41.150821	0.000000
0	0	696	8.293700	5.506800	3.459220	26.521900	16.067953	0.000000
0	0	697	1.281000	26.841800	-3.134280	-28.139300	-3.330094	0.000000
0	0	698	-12.154700	24.169800	28.811100	-37.903200	25.003258	0.000000
0	0	699	-12.617900	30.346900	-13.417200	13.938600	-11.925771	0.000000
0	0	700	49.306900	38.420100	-23.278300	-37.960700	-15.605597	0.000000
0	0	701	21.356400	1.059740	-42.564000	3.735140	-44.286885	0.000000
0	0	702	-22.465600	-22.178100	-0.779356	-29.195400	-88.993705	0.000000
0	0	703	13.258100	-23.249100	-18.830500	-28.209700	-70.497209	0.000000
0	0	704	1.135790	28.026000	-19.124800	6.596750	-17.154714	0.000000
0	0	705	0.038132	-3.284710	-19.865500	-18.130400	-49.694382	0.000000
0	0	706	-9.229140	-1.699230	-33.083100	-16.599300	-46.470135	0.000000
0	0	707	-20.464300	-6.158710	-20.673500	-7.956570	-53.294492	0.000000
0	0	708	-8.092890	31.954200	-6.692220	-1.755640	-5.914293	0.000000
0	0	709	-11.468900	-7.027530	14.424500	7.943240	57.987533	0.000000
0	0	710	-9.419200	6.861290	-11.795300	-7.787320	-29.906783	0.000000
0	0	711	11.864400	46.754500	-23.173900	17.385300	-13.182673	0.000000
0	0	712	14.759300	-40.775400	4.856420	1.203000	86.603985	0.000000
0	0	713	-0.048807	-2.075760	6.591260	-15.930400	53.740288	0.000000
0	0	714	22.329500	6.414140	-18.753200	26.621800	-35.558910	0.000000
0	0	715	-17.784100	2.444670	-29.048900	14.829600	-42.594745	0.000000
0	0	716	42.746400	4.181650	-16.356100	-1.961980	-37.829392	0.000000
0	0	717	-16.574900	9.454940	6.649840	-15.172500	17.559726	0.000000
0	0	718	1.548480	12.870300	-2.758470	-15.965100	-6.048546	0.000000
0	0	719	12.199400	22.591000	8.811910	17.468800	10.654455	0.000000
0	0	720	-13.663800	18.845700	2.937400	0.267547	4.429585	0.000000
0	0	721	0.731158	8.518990	16.710000	30.512900	31.493441	0.000000
0	0	722	6.659760	-0.491293	10.126700	67.403800	46.388753	0.000000
0	0	723	14.313000	-2.697280	-11.740900	-10.908000	-51.469135	0.000000
0	0	724	22.726700	-28.946600	-33.963100	-6.443580	-65.220404	0.000000
0	0	725	-1.860840	-21.341400	-11.655500	26.591800	-75.679529	0.000000
0	0	726	-30.381400	-3.410150	-20.949300	-5.521470	-49.622788	0.000000
0	0	727	6.785610	26.801300	5.755490	2.154380	6.060003	0.000000
0	0	728	42.003000	-33.205800	-8.629010	-30.060900	-82.716527	0.000000
0	0	729	17.859200	-0.760267	14.420000	-26.570000	46.509008	0.000000
0	0	730	16.742400	-7.578820	15.987700	-9.097110	57.681427	0.000000
0	0	731	35.461500	37.067500	-14.119700	-24.232400	-10.426384	0.000000
0	0	732	41.671500	-8.251320	33.461500	-38.685000	51.926145	0.000000
0	0	733	-7.092610	-18.572300	25.831200	-21.779200	62.857824	0.000000
0	0	734	5.212570	-0.197453	-4.270570	29.338000	-46.323614	0.000000
0	0	735	2.185620	-8.296820	-37.644200	1.246320	-51.214666	0.000000
0	0	736	-0.454910	18.998800	7.980330	-16.732900	11.392272	0.000000
0	0	737	-2.181890	0.816433	23.595700	-0.393753	44.009152	0.000000
0	0	738	-0.644175	-19.456600	-3.444110	29.475700	-84.980886	0.000000
0	0	739	3.507210	-10.515200	12.754800	34.629300	64.751276	0.000000
0	0	740	-1.614690	11.823800	-43.065500	-25.637900	-37.323758	0.000000
0	0	741	0.869413	-5.591380	26.498900	6.512510	50.957438	0.000000
0	0	742	-20.315300	-31.534400	-12.161100	13.051800	-79.455545	0.000000
0	0	743	2.998230	-24.608300	11.726200	5.537050	77.260773	0.000000
0	0	744	6.134220	-32.478200	-5.691700	-28.108700	-85.030018	0.000000
0	0	745	11.654200	-36.161600	-20.353300	-16.222400	-75.313662	0.000000
0	0	746	-46.174300	3.192460	8.150990	-9.852530	34.305722	0.000000
0	0	747	1.018590	-0.867018	-23.587700	-18.566900	-46.052543	0.000000
0	0	748	18.894300	25.813700	21.191900	16.178900	19.692237	0.000000
0	0	749	1.272510	-32.312700	17.518900	7.428590	75.767442	0.000000
0	0	750	8.902960	32.025100	-18.394400	25.035800	-14.935980	0.000000
0	0	751	3.424500	5.249440	35.845800	0.827278	40.834270	0.000000
0	0	752	-5.770870	-24.991700	-5.630190	19.560000	-83.652109	0.000000
0	0	753	24.766000	31.821300	-12.764200	-3.245420	-10.928385	0.000000
0	0	754	-22.952100	-11.628800	-31.068900	10.218400	-55.260203	0.000000
0	0	755	18.746400	-11.688400	24.834800	-8.464970	57.601917	0.000000
0	0	756	28.186400	-14.918200	-2.275720	2.722790	-85.663296	0.000000
0	0	757	32.080300	-11.530900	-22.935800	9.024330	-58.345408	0.000000
0	0	758	-18.130000	-28.203500	-27.723600	-44.726400	-67.745816	0.000000
0	0	759	8.135150	46.168800	-43.127700	-2.657870	-21.524738	0.000000
0	0	760	-0.986782	21.191600	30.211400	18.403400	27.476249	0.000000
0	0	761	9.138210	4.839300	-19.717900	14.452200	-38.105318	0.000000
0	0	762	-15.088400	-28.167400	-5.288200	18.533500	-84.683479	0.000000
0	0	763	41.723600	-8.217570	7.570090	3.325820	68.674243	0.000000
0	0	764	-14.107000	-5.495490	8.961120	9.416300	60.759547	0.000000
0	0	765	11.185800	-24.907100	6.579420	9.668840	82.601419	0.000000
0	0	766	1.749460	33.915700	12.767300	-9.121930	10.314227	0.000000
0	0	767	19.523700	9.408900	13.092800	-55.996500	27.148891	0.000000
0	0	768	9.293510	-6.508510	-47.930500	8.649690	-48.866464	0.000000
0	0	769	33.341200	2.929130	-24.242500	13.339100	-41.555282	0.000000
0	0	770	10.234500	-1.335530	-26.836100	-17.017700	-46.424521	0.000000
0	0	771	19.462600	-0.706976	3.535500	16.670300	50.654000	0.000000
0	0	772	5.960720	-3.675630	1.095190	-2.234190	81.704029	0.000000
0	0	773	24.943700	-10.562800	-2.692980	14.506600	-82.848584	0.000000
0	0	774	5.219140	-8.965840	-2.480210	-4.541990	-82.268510	0.000000
0	0	775	-9.202780	11.472100	-10.679500	-19.859200	-21.475395	0.000000
0	0	776	16.441700	2.117480	6.615280	13.397800	36.125345	0.000000
0	0	777	35.636600	3.283520	16.063300	3.434260	39.223624	0.000000
0	0	778	15.695800	-9.389050	18.821900	40.708800	58.255847	0.000000
0	0	779	12.668300	-12.685200	6.468380	3.984370	76.491131	0.000000
0	0	780	15.865500	11.782900	26.970800	5.925900	33.200315	0.000000
0	0	781	24.747800	8.979670	4.729780	-11.127600	13.888357	0.000000
0	0	782	-5.043600	-1.574500	22.891300	-0.193186	46.967349	0.000000
0	0	783	16.907500	-10.216500	6.348120	3.455830	74.072427	0.000000
0	0	784	12.975100	22.631900	8.028660	-48.219200	9.766063	0.000000
0	0	785	16.048000	-34.394800	-3.535570	-43.359900	-87.065483	0.000000
0	0	786	-3.171270	-26.520600	-19.302600	-6.765730	-71.975795	0.000000
0	0	787	16.189000	-21.974800	-26.956200	7.842010	-64.593527	0.000000
0	0	788	-1.743400	31.858400	13.559200	10.016700	11.527504	0.000000
0	0	789	-1.318140	-6.186950	17.923600	-12.447500	54.521942	0.000000
0	0	790	-30.753600	6.046350	-27.786400	3.075810	-38.861876	0.000000
0	0	791	-8.616800	13.516400	9.929800	-8.162690	18.151400	0.000000
0	0	792	8.997690	7.319810	26.401100	-26.877900	37.251877	0.000000
0	0	793	30.943900	-17.673800	24.728400	12.129900	62.777012	0.000000
0	0	794	12.156800	23.337200	-7.542140	-10.310300	-8.954924	0.000000
0	0	795	8.742440	6.830410	4.612610	-2.580810	17.015677	0.000000
0	0	796	-13.952900	-39.787300	52.024600	-1.498840	63.703993	0.000000
0	0	797	11.000700	-12.948500	7.318750	7.246080	75.262001	0.000000
0	0	798	17.162600	25.739800	-29.315300	-2.901930	-24.357900	0.000000
0	0	799	-1.861830	-11.050900	-43.246500	-4.463870	-52.167106	0.000000
0	0	800	15.235700	-2.960970	-1.994860	14.349900	-73.015563	0.000000
0	0	801	44.458300	18.337000	6.411360	54.825000	9.635850	0.000000
0	0	802	-2.006890	0.511404	-25.990300	4.430760	-44.436376	0.000000
0	0	803	1.929350	35.359400	9.966300	22.688900	7.870435	0.000000
0	0	804	29.900700	-2.939610	24.698600	8.873140	48.393687	0.000000
0	0	805	43.941100	34.122600	-22.576100	-15.238000	-16.744654	0.000000
0	0	806	29.810300	-3.715390	8.556370	32.445300	56.735846	0.000000
0	0	807	39.818900	-39.919800	-11.728100	15.708700	-81.813829	0.000000
0	0	808	14.836300	18.803900	-8.785760	-29.770300	-12.521713	0.000000
0	0	809	27.568600	10.618300	-2.801720	21.304400	-7.390527	0.000000
0	0	810	-3.678790	-18.112700	2.009660	27.599700	86.834376	0.000000
0	0	811	17.430100	6.816330	6.008510	-35.113200	20.697887	0.000000
0	0	812	-2.087940	3.168460	-6.862640	38.301100	-32.608687	0.000000
0	0	813	19.501300	-32.039900	-11.872700	23.896500	-79.833659	0.000000
0	0	814	10.519100	-4.337800	19.537200	4.130390	51.259094	0.000000
0	0	815	-0.284849	10.483500	-24.319900	-3.783370	-33.340367	0.000000
0	0	816	49.536900	-28.022200	-16.114100	16.183500	-75.049523	0.000000
0	0	817	11.954700	-12.514000	-13.572200	9.570710	-66.338521	0.000000
0	0	818	25.719000	19.636600	-0.940513	-1.268250	-1.371069	0.000000
0	0	819	30.971900	-2.895390	10.902700	15.812200	52.436271	0.000000
0	0	820	-25.242400	36.919000	-11.567300	32.390400	-8.698295	0.000000
0	0	821	-6.871460	17.205800	-34.423100	-7.512620	-31.721303	0.000000
0	0	822	7.875340	26.610400	9.878810	8.213590	10.183437	0.000000
0	0	823	9.253860	17.752300	18.048100	5.193060	22.736697	0.000000
0	0	824	-13.945300	-9.603730	-47.250300	17.732300	-50.744497	0.000000
0	0	825	48.244400	0.084459	-3.809930	-23.904400	-44.365033	0.000000
0	0	826	-29.811200	-5.491180	3.899520	18.665600	72.309911	0.000000
0	0	827	-9.667710	-36.990500	15.034300	-17.850800	78.940683	0.000000
0	0	828	-2.234660	6.910230	-10.851400	2.719100	-28.755398	0.000000
0	0	829	-3.138150	-26.376000	-30.394500	-5.869550	-65.475536	0.000000
0	0	830	46.719700	24.301600	18.479100	2.445290	18.624801	0.000000
0	0	831	13.220800	27.781800	-8.023220	7.727850	-8.054203	0.000000
0	0	832	41.382200	-35.347300	-20.089600	1.201320	-75.194156	0.000000
0	0	833	-15.296100	-15.356900	8.911160	25.888300	74.937330	0.000000
0	0	834	5.742960	4.042390	7.683120	6.352360	31.124693	0.000000
0	0	835	22.203100	24.367300	-12.689500	20.376000	-13.754335	0.000000
0	0	836	7.019100	-14.378200	38.788800	-5.353800	55.169347	0.000000
0	0	837	-2.086180	-18.113200	-23.102500	20.715300	-64.048868	0.000000
0	0	838	1.629260	-25.239600	-16.791600	25.472100	-73.182329	0.000000
0	0	839	19.486500	-25.632500	-4.352890	-12.467800	-85.181012	0.000000
0	0	840	10.496300	-2.159280	-9.284850	-11.015000	-51.545983	0.000000
0	0	841	58.721300	-7.266290	17.155100	7.347770	56.477894	0.000000
0	0	842	0.258249	10.366800	22.502200	25.319700	32.632200	0.000000
0	0	843	-13.463000	-15.674600	-10.772000	-6.549380	-72.751060	0.000000
0	0	844	16.440200	8.175440	-9.857130	-13.805900	-25.163953	0.000000
0	0	845	-17.330600	-20.218000	12.193600	-44.286500	74.452782	0.000000
0	0	846	-14.995100	31.778400	9.815720	13.259700	8.582443	0.000000
0	0	847	42.685600	-5.410400	-19.597400	-9.620710	-52.716814	0.000000
0	0	848	30.922900	-35.381600	-2.907440	-5.476140	-87.651172	0.000000
0	0	849	28.570300	-23.314600	-34.349400	4.805860	-62.083318	0.000000
0	0	850	20.683600	-4.386620	23.557200	10.902700	50.274158	0.000000
0	0	851	-0.094208	-0.234436	-43.089000	24.130800	-45.155864	0.000000
0	0	852	18.396000	28.718300	-21.553200	4.199540	-18.444188	0.000000
0	0	853	27.702300	23.679500	7.352940	5.706380	8.625287	0.000000
0	0	854	-16.262400	2.461090	-6.499860	28.181900	-34.630730	0.000000
0	0	855	18.106400	-10.635000	-6.317130	3.347630	-74.644964	0.000000
0	0	856	40.285600	11.508800	-73.309500	-4.543190	-40.539001	0.000000
0	0	857	26.855800	4.715140	23.906800	-8.060820	39.421375	0.000000
0	0	858	28.682700	30.620500	-14.971000	-3.120800	-13.027486	0.000000
0	0	859	7.627730	11.060600	-22.990200	-20.204800	-32.153881	0.000000
0	0	860	25.141800	22.914400	-4.634630	-12.413000	-5.717149	0.000000
0	0	861	-12.499100	36.814600	-10.388800	-4.310590	-7.879331	0.000000
0	0	862	-7.084560	-15.835600	-0.512580	-10.493700	-89.073025	0.000000
0	0	863	-23.459700	8.340840	-11.831100	-9.845810	-27.408220	0.000000
0	0	864	21.271900	25.665100	-33.725000	8.544130	-26.364231	0.000000
0	0	865	13.767300	7.925310	-48.928700	24.082800	-40.399663	0.000000
0	0	866	22.388600	7.650000	-46.782400	48.789000	-40.356508	0.000000
0	0	867	-6.630400	50.048300	7.314230	-10.976200	4.157271	0.000000
0	0	868	-1.635600	-25.432600	25.691700	9.844160	67.354813	0.000000
0	0	869	33.799400	-19.332100	-28.410100	21.633100	-62.116973	0.000000
0	0	870	19.316400	4.596780	-7.713060	-26.145100	-29.603087	0.000000
0	0	871	29.916500	10.887200	21.244300	24.558900	31.432968	0.000000
0	0	872	38.363500	40.345400	-20.235400	39.681600	-13.318120	0.000000
0	0	873	-18.234300	13.837500	-19.617700	-12.862700	-27.401234	0.000000
0	0	874	48.004700	4.909790	-41.018500	-20.259200	-41.587172	0.000000
0	0	875	7.278250	-6.869180	-61.187900	19.079400	-48.202708	0.000000
0	0	876	38.482100	-14.567400	-7.164000	20.750800	-76.906412	0.000000
0	0	877	18.994000	29.959300	-3.213670	-3.451810	-3.061292	0.000000
0	0	878	1.828970	-14.894700	24.989300	-19.094800	60.398382	0.000000
0	0	879	-11.369100	-5.726150	25.203000	-14.299800	51.400183	0.000000
0	0	880	21.209900	6.952130	-1.757990	28.432300	-7.095471	0.000000
0	0	881	23.579500	24.537800	-5.442080	3.088670	-6.252427	0.000000
0	0	882	12.251200	7.329320	0.411758	20.534100	1.607736	0.000000
0	0	883	3.291730	16.447400	7.863210	-12.866900	12.775818	0.000000
0	0	884	31.613300	-2.585000	-13.262500	23.786300	-50.514633	0.000000
0	0	885	2.175940	-9.517510	-31.719100	-2.696730	-53.351097	0.000000
0	0	886	-2.906890	5.134370	20.778600	17.064200	38.060152	0.000000
0	0	887	-11.854200	-22.604200	-18.576400	-15.540200	-70.293114	0.000000
0	0	888	16.231800	-10.435200	0.441039	27.769900	88.789930	0.000000
0	0	889	-6.689280	-1.173760	19.229800	-8.757090	46.746460	0.000000
0	0	890	15.619400	21.950800	8.068060	-6.777600	10.090502	0.000000
0	0	891	36.178800	33.157100	-21.277500	-15.375700	-16.344505	0.000000
0	0	892	-16.211100	20.729000	18.141000	-47.220500	20.595408	0.000000
0	0	893	17.028000	-28.267700	-25.838200	-10.160200	-68.785504	0.000000
0	0	894	16.244900	-0.491221	10.202700	-18.766900	46.378222	0.000000
0	0	895	-4.213500	-24.353600	7.216980	-13.454200	81.746631	0.000000
0	0	896	24.687100	34.071200	43.868700	3.069420	26.082416	0.000000
0	0	897	-8.212990	17.840700	-27.692000	39.685800	-28.604076	0.000000
0	0	898	9.703440	14.656800	3.864350	-16.599200	7.385119	0.000000
0	0	899	11.127800	-12.744400	-35.376200	24.688800	-54.905867	0.000000
0	0	900	27.645000	11.867300	-28.470600	-0.785077	-33.686167	0.000000
0	0	901	15.803100	13.903500	-40.082500	-18.365900	-35.434884	0.000000
0	0	902	7.966740	-30.929100	3.495280	7.139530	86.776196	0.000000
0	0	903	-24.608600	0.576511	-9.421580	-25.990200	-43.249205	0.000000
0	0	904	21.677700	-18.407700	14.475100	26.925800	70.909933	0.000000
0	0	905	64.787300	-19.570000	-31.590400	5.392750	-60.888942	0.000000
0	0	906	32.900900	27.627100	-3.147490	2.074780	-3.249774	0.000000
0	0	907	15.915300	2.221660	-0.974592	18.154400	-11.842987	0.000000
0	0	908	30.083300	0.159327	-14.685100	16.951200	-44.689195	0.000000
0	0	909	65.927600	-15.634400	-30.259800	19.340700	-58.662073	0.000000
0	0	910	10.724500	0.238586	8.375820	-14.657600	44.184183	0.000000
0	0	911	40.666500	-16.675100	22.590800	39.185400	63.216199	0.000000
0	0	912	12.169400	-15.955300	-20.023000	-14.650400	-64.274770	0.000000
0	0	913	2.233740	26.086200	-28.346500	-5.613500	-23.688911	0.000000
0	0	914	-18.545400	-1.802400	17.724100	23.551400	47.903282	0.000000
0	0	915	-24.902100	1.561280	-14.174200	-21.898200	-41.857121	0.000000
0	0	916	-12.994600	-12.215800	29.325100	7.700050	56.307442	0.000000
0	0	917	2.643440	21.810800	-39.128300	-1.152310	-30.431969	0.000000
0	0	918	7.064600	11.291000	-20.422500	-7.863540	-30.531542	0.000000
0	0	919	49.023700	-5.156260	20.122000	-13.820300	52.186386	0.000000
0	0	920	42.038000	-14.852300	-39.197800	-1.108540	-55.376011	0.000000
0	0	921	34.919600	27.406000	10.590200	-4.448090	10.563740	0.000000
0	0	922	10.815700	27.562500	-1.694580	9.939010	-1.759097	0.000000
0	0	923	-13.827300	-4.243440	-17.802200	32.940500	-51.703590	0.000000
0	0	924	3.252220	17.207000	9.686250	-23.930300	14.688123	0.000000
0	0	925	-11.886700	12.957500	12.964500	-8.585100	22.507736	0.000000
0	0	926	-17.024300	49.711100	-16.231000	61.820800	-9.041100	0.000000
0	0	927	11.951100	7.626860	3.345850	43.197100	11.843362	0.000000
0	0	928	11.225000	34.821400	16.128000	-28.452300	12.425924	0.000000
0	0	929	23.130100	-12.792000	-8.089470	-19.907400	-73.845675	0.000000
0	0	930	20.157600	26.521900	-5.145450	26.892100	-5.489711	0.000000
0	0	931	15.839800	37.882000	6.616390	-2.498270	4.953613	0.000000
0	0	932	9.334840	-6.084070	32.965300	-24.011200	50.228415	0.000000
0	0	933	-4.101450	-5.714940	-17.596500	1.104960	-53.996305	0.000000
0	0	934	40.064400	29.010300	28.961700	-24.559700	22.475983	0.000000
0	0	935	27.746900	1.138670	9.778900	32.324400	41.679151	0.000000
0	0	936	61.344000	5.131440	-8.673130	27.024700	-29.694702	0.000000
0	0	937	18.204500	4.097670	4.990750	-16.227800	25.306096	0.000000
0	0	938	44.605200	24.798400	-6.114560	25.290900	-6.925585	0.000000
0	0	939	46.181300	7.611360	2.033870	-9.756170	7.480374	0.000000
0	0	940	49.497400	13.174400	-9.841080	11.221200	-18.379591	0.000000
0	0	941	72.950500	10.792800	-6.414270	17.471200	-15.361722	0.000000
0	0	942	23.747600	43.821600	46.354700	0.716916	23.304523	0.000000
0	0	943	27.856400	-0.650052	-3.222600	16.491500	-50.702237	0.000000
0	0	944	27.076800	5.728120	-22.650700	10.090400	-37.904028	0.000000
0	0	945	20.383200	21.503100	-26.760200	-3.760450	-25.608229	0.000000
0	0	946	20.748600	8.402240	14.899600	-5.508050	30.290156	0.000000
0	0	947	19.636500	17.105300	-54.369600	6.238120	-36.267913	0.000000
0	0	948	5.334670	-16.977500	-10.113400	-31.512900	-74.608992	0.000000
0	0	949	22.946400	-22.098900	-36.596900	21.609400	-60.562760	0.000000
0	0	950	22.287600	37.207300	32.264300	-5.543790	20.465092	0.000000
0	0	951	15.880600	10.590500	-4.620570	9.624140	-11.785674	0.000000
0	0	952	41.069500	-0.468970	-19.840800	-1.844750	-45.677014	0.000000
0	0	953	12.745600	17.075700	4.179160	-22.831100	6.876207	0.000000
0	0	954	-20.836300	54.695500	0.745352	-28.665700	0.390369	0.000000
0	0	955	9.330210	42.489200	-10.061500	-10.350900	-6.661160	0.000000
0	0	956	11.689700	-0.941300	-14.382600	-22.642200	-46.872252	0.000000
0	0	957	-32.132900	-8.274850	52.636600	11.329300	49.467093	0.000000
0	0	958	-3.748020	-1.687820	-39.082100	-40.985100	-46.236434	0.000000
0	0	959	23.505500	47.102600	30.227500	-15.354100	16.344904	0.000000
0	0	960	0.700271	-46.816600	8.856800	-5.721940	84.643672	0.000000
0	0	961	27.394100	-24.564300	21.046100	-31.303400	69.705414	0.000000
0	0	962	8.745830	3.672110	-19.844800	38.349800	-39.758244	0.000000
0	0	963	54.992800	28.283800	-13.442700	10.797600	-12.710383	0.000000
0	0	964	-8.119700	19.551100	8.683840	-9.267760	11.974468	0.000000
0	0	965	41.020900	-1.563870	7.635830	5.347300	50.787252	0.000000
0	0	966	49.310200	-9.437370	-4.969710	-7.732110	-76.114376	0.000000
0	0	967	39.971400	36.456500	-24.687900	12.720300	-17.052691	0.000000
0	0	968	26.289300	-0.927981	-16.280300	26.343700	-46.631172	0.000000
0	0	969	20.104600	20.982300	-10.358800	3.309520	-13.137599	0.000000
0	0	970	-6.690460	0.037869	20.886600	11.037200	44.948060	0.000000
0	0	971	30.771400	0.794886	22.154800	19.766500	43.972591	0.000000
0	0	972	-1.435770	22.702400	11.005200	-8.264620	12.931110	0.000000
0	0	973	22.332400	13.599500	2.936120	5.214670	6.091555	0.000000
0	0	974	30.676700	19.542200	-27.467100	14.378300	-27.284519	0.000000
0	0	975	-14.767900	-14.230100	-13.862300	4.062350	-67.875051	0.000000
0	0	976	44.499000	6.601470	-36.975500	-0.018461	-39.938639	0.000000
0	0	977	18.959100	-4.488860	-11.692700	4.567330	-55.500967	0.000000
0	0	978	48.925500	15.664800	26.836200	-3.702780	29.863539	0.000000
0	0	979	30.584900	6.561680	18.888100	7.802000	35.421449	0.000000
0	0	980	23.482800	15.929100	-15.786800	-41.327100	-22.371466	0.000000
0	0	981	4.574930	25.551500	-11.869800	8.302820	-12.458475	0.000000
0	0	982	50.768900	37.619700	12.274800	8.026980	9.035403	0.000000
0	0	983	-1.609380	30.536000	-31.824600	-0.062411	-23.091887	0.000000
0	0	984	23.979700	-19.945100	-14.800300	32.424600	-71.711333	0.000000
0	0	985	52.897600	22.710000	19.535500	-22.044400	20.351318	0.000000
0	0	986	30.572600	35.051200	37.268100	-18.042100	23.377907	0.000000
0	0	987	13.898200	-22.551900	21.240900	-0.437070	68.357359	0.000000
0	0	988	28.907600	28.247600	14.175400	-16.740800	13.324360	0.000000
0	0	989	80.032500	33.716400	-22.807900	-7.216310	-17.038450	0.000000
0	0	990	52.577300	36.715400	-19.657100	-23.073100	-14.082101	0.000000
0	0	991	10.934200	30.593300	4.313220	19.537300	4.012499	0.000000
0	0	992	9.659380	5.235760	15.958800	26.145300	35.918191	0.000000
0	0	993	22.261100	-26.190900	23.142300	2.096410	69.268080	0.000000
0	0	994	9.954510	13.906800	-14.132900	1.253760	-22.730999	0.000000
0	0	995	6.496420	21.359400	-9.713930	3.682390	-12.227659	0.000000
0	0	996	56.468400	-0.898132	-10.813600	-9.187470	-47.373924	0.000000
0	0	997	22.193200	-9.631670	26.392300	-9.191800	55.024586	0.000000
0	0	998	-6.068370	-1.139950	27.343800	-18.427000	46.193626	0.000000
0	0	999	26.174100	1.619180	-8.208550	16.886700	-39.420679	0.000000
0	0	1000	11.291800	12.580600	-45.385600	9.083950	-37.253482	0.000000
0	0	1001	5.606910	38.714900	19.210600	30.048600	13.195462	0.000000
0	0	1002	57.700200	7.014430	-0.105268	-45.931900	-0.429897	0.000000
0	0	1003	33.781200	-22.293400	-4.523490	5.892500	-84.264999	0.000000
0	0	1004	66.715600	43.727000	-7.695800	-20.763700	-4.990818	0.000000
0	0	1005	-7.362220	17.831800	16.849600	-22.015300	21.688890	0.000000
0	0	1006	19.564600	35.616900	-36.732800	-39.404600	-22.941821	0.000000
0	0	1007	41.542400	16.573800	9.036810	-18.005100	14.300641	0.000000
0	0	1008	35.108300	20.105400	-15.902400	8.257820	-19.171147	0.000000
0	0	1009	31.219900	-26.370600	22.506900	-24.182100	69.759878	0.000000
0	0	1010	24.340500	-26.230900	-9.555590	-59.204400	-79.991974	0.000000
0	0	1011	33.016000	37.571100	5.308050	2.114660	4.020767	0.000000
0	0	1012	23.450800	-4.115690	27.040100	14.194700	49.327195	0.000000
0	0	1013	28.631100	19.126200	-7.874730	22.339900	-11.189089	0.000000
0	0	1014	-6.269430	-5.180450	-29.025500	-9.592480	-50.059777	0.000000
0	0	1015	8.235080	-5.069820	-20.483000	20.211900	-51.951041	0.000000
0	0	1016	40.328600	22.069800	-17.006200	-7.233410	-18.808282	0.000000
0	0	1017	34.197700	12.802200	-4.030300	-2.334330	-8.737342	0.000000
0	0	1018	39.907400	5.263120	-19.904700	-16.574500	-37.594523	0.000000
0	0	1019	10.429000	-10.931900	-27.449900	-14.592500	-55.857439	0.000000
0	0	1020	-9.527980	16.654600	-11.013200	-12.516300	-16.737749	0.000000
0	0	1021	49.929700	28.009500	-26.019100	1.948190	-21.445096	0.000000
0	0	1022	40.747100	11.516900	-7.842450	-24.279900	-17.126482	0.000000
0	0	1023	34.773000	48.060900	-6.494060	-3.608940	-3.847642	0.000000
